1       0.00000       0.00000     739.80000       0.00000       0.00000       0.00000 p1_cei_07_par_1
2       0.00000       0.00000    2041.34000      26.08587       0.00000       0.00000 p1_cei_07_par_2
3       0.00000       0.00000    2382.00000       0.00000       0.00000       0.00000 p1_cei_07_par_3
4       0.00000       0.00000       0.00000       0.00000       0.00000       0.00000 p1_cei_07
5     -15.00000       0.00000      66.10000       0.00000      -0.00000   -3141.59261 p1_irm_cei_07_s1_fixed
6      15.00000       0.00000    2291.90000       0.00000      -0.00000       0.00000 p1_irm_cei_07_s2_fixed
7      15.00000       0.00000      66.10000       0.00000      -0.00000   -3141.59261 p1_irm_cei_07_l1_fixed
8     -15.00000       0.00000    2291.90000       0.00000      -0.00000       0.00000 p1_irm_cei_07_l2_fixed
9     -15.00000       0.00000     478.00000       0.00000      -0.00000       0.00000 p1_irl_cei_07_s1
10      15.00000       0.00000    1880.00000       0.00000      -0.00000       0.00000 p1_irl_cei_07_s2
11      15.00000       0.00000     950.50000       0.00000      -0.00000       0.00000 p1_irl_cei_07_l1
12     -15.00000       0.00000    1407.50000       0.00000      -0.00000       0.00000 p1_irl_cei_07_l2
13     -15.00000       0.00000     941.20000       0.00000      -0.00000       0.00000 p1_irc_cei_07_s1
14      15.00000       0.00000    1416.80000       0.00000      -0.00000       0.00000 p1_irc_cei_07_s2
15      15.00000       0.00000    1398.20000       0.00000      -0.00000       0.00000 p1_irc_cei_07_l1
16     -15.00000       0.00000     959.80000       0.00000      -0.00000       0.00000 p1_irc_cei_07_l2
17       0.00000       0.00000       0.00000       0.00000      -0.00000       0.00000 p1_irt_cei_07_r1
18       0.00000       0.00000     397.00000       0.00000      -0.00000       0.00000 p1_irt_cei_07_r2
19       0.00000       0.00000     794.00000       0.00000      -0.00000       0.00000 p1_irt_cei_07_r3
20       0.00000       0.00000    1191.00000       0.00000      -0.00000       0.00000 p1_irt_cei_07_r4
21       0.00000       0.00000    1588.00000       0.00000      -0.00000       0.00000 p1_irt_cei_07_r5
22       0.00000       0.00000    1985.00000       0.00000      -0.00000       0.00000 p1_irt_cei_07_r6
23       0.00000       0.00000    2382.00000       0.00000      -0.00000       0.00000 p1_irt_cei_07_r7
24     -36.78880      97.27890      14.52440       0.00000      -0.00000       0.00000 p1_bpx_cei_ho_07_09_r1_cone
25     -37.05010     -97.65870      14.68360       0.00000      -0.00000       0.00000 p1_bpx_cei_ip_07_09_r1_cone
26      39.12010      97.15260      16.65580       0.00000      -0.00000       0.00000 p1_bpx_cei_ho_07_09_r1_flat
27      38.86140     -97.75110      16.85000       0.00000      -0.00000       0.00000 p1_bpx_cei_ip_07_09_r1_flat
28      26.41220      97.10530      56.64060       0.00000      -0.00000       0.00000 p1_bpx_cei_ho_07_09_r1_grove
29      26.13640     -97.73370      56.82440       0.00000      -0.00000       0.00000 p1_bpx_cei_ip_07_09_r1_grove
30      23.96810      97.05330      88.53390       0.00000      -0.00000       0.00000 p1_bpx_cei_ho_07_05_r1_cone
31      23.67750     -97.71950      88.71930       0.00000      -0.00000       0.00000 p1_bpx_cei_ip_07_05_r1_cone
32     -50.49530      97.18230     103.45170       0.00000      -0.00000       0.00000 p1_bpx_cei_ho_07_05_r1_grove
33     -50.79350     -97.63840     103.60280       0.00000      -0.00000       0.00000 p1_bpx_cei_ip_07_05_r1_grove
34     -31.22400      97.06720     140.70890       0.00000      -0.00000       0.00000 p1_bpx_cei_ho_07_05_r1_flat
35     -31.53270     -97.64590     140.87070       0.00000      -0.00000       0.00000 p1_bpx_cei_ip_07_05_r1_flat
36     -51.83240      52.07200     193.15050       0.00000      -0.00000       0.00000 p1_srg_cei_07_r1_135deg
37      52.59890      51.30310     193.16560       0.00000      -0.00000       0.00000 p1_srg_cei_07_r1_45deg
38       0.55640      73.23690     193.20580       0.00000      -0.00000       0.00000 p1_srg_cei_07_r1_90deg
39     -55.47030       0.00000     193.24580       0.00000      -0.00000       0.00000 p1_srg_cei_07_r1_rear
40      52.18710     -52.23820     193.29520       0.00000      -0.00000       0.00000 p1_srg_cei_07_r1_315deg
41      55.45650       0.00000     193.30000       0.00000      -0.00000       0.00000 p1_srg_cei_07_r1_front
42     -52.22070     -52.26510     193.31440       0.00000      -0.00000       0.00000 p1_srg_cei_07_r1_225deg
43      -0.02820     -73.87580     193.31580       0.00000      -0.00000       0.00000 p1_srg_cei_07_r1_270deg
44      50.49470     209.67760     248.06850       0.00000      -0.00000       0.00000 p1_baz_cei_07_06_05_r1_cone
45     -25.44300     209.87060     248.81490       0.00000      -0.00000       0.00000 p1_baz_cei_07_06_05_r1_grove
46     -13.45850     209.82830     289.02270       0.00000      -0.00000       0.00000 p1_baz_cei_07_06_05_r1_flat
47     -38.01150      97.11990     324.64640       0.00000      -0.00000       0.00000 p1_bpx_cei_ho_07_09_r2_cone
48     -38.33270     -97.59090     324.70230       0.00000      -0.00000       0.00000 p1_bpx_cei_ip_07_09_r2_cone
49      37.89080      96.99040     327.42720       0.00000      -0.00000       0.00000 p1_bpx_cei_ho_07_09_r2_flat
50      37.56680     -97.70420     327.46040       0.00000      -0.00000       0.00000 p1_bpx_cei_ip_07_09_r2_flat
51      24.82760      96.97340     367.29950       0.00000      -0.00000       0.00000 p1_bpx_cei_ho_07_09_r2_grove
52      24.52310     -97.72430     367.33340       0.00000      -0.00000       0.00000 p1_bpx_cei_ip_07_09_r2_grove
53      28.32170      96.93440     401.86570       0.00000      -0.00000       0.00000 p1_bpx_cei_ho_07_05_r2_cone
54      28.02920     -97.77920     401.89740       0.00000      -0.00000       0.00000 p1_bpx_cei_ip_07_05_r2_cone
55     -46.25640      97.05850     416.15700       0.00000      -0.00000       0.00000 p1_bpx_cei_ho_07_05_r2_grove
56     -46.54440     -97.68770     416.21180       0.00000      -0.00000       0.00000 p1_bpx_cei_ip_07_05_r2_grove
57     -27.31190      96.95490     453.56830       0.00000      -0.00000       0.00000 p1_bpx_cei_ho_07_05_r2_flat
58     -27.58150     -97.73820     453.61680       0.00000      -0.00000       0.00000 p1_bpx_cei_ip_07_05_r2_flat
59      55.50390      -0.08990     478.06950       0.00000      -0.00000       0.00000 p1_irl_cei_07_r1_front
60     -36.30810     209.91870     548.59390       0.00000      -0.00000       0.00000 p1_baz_cei_07_08_09_r1_cone
61      37.86190     209.69980     564.92200       0.00000      -0.00000       0.00000 p1_baz_cei_07_08_09_r1_flat
62      17.87860     209.76920     601.80690       0.00000      -0.00000       0.00000 p1_baz_cei_07_08_09_r1_grove
63      -7.69980     -36.10560     719.96860       0.00000      -0.00000       0.00000 p1_slm_cei_07_surf_r1
64     -37.60640     -97.49610     811.69550       0.00000      -0.00000       0.00000 p1_bpx_cei_ip_07_09_r3_cone
65     -37.33920      97.19740     811.96700       0.00000      -0.00000       0.00000 p1_bpx_cei_ho_07_09_r3_cone
66      38.24760     -97.61810     815.28800       0.00000      -0.00000       0.00000 p1_bpx_cei_ip_07_09_r3_flat
67      38.52500      97.07590     815.52860       0.00000      -0.00000       0.00000 p1_bpx_cei_ho_07_09_r3_flat
68      24.77240     -97.67360     855.01570       0.00000      -0.00000       0.00000 p1_bpx_cei_ip_07_09_r3_grove
69      25.06420      97.05730     855.26040       0.00000      -0.00000       0.00000 p1_bpx_cei_ho_07_09_r3_grove
70      27.56880     -97.75780     891.79670       0.00000      -0.00000       0.00000 p1_bpx_cei_ip_07_05_r3_cone
71      27.87340      97.02120     892.04220       0.00000      -0.00000       0.00000 p1_bpx_cei_ho_07_05_r3_cone
72     -47.15840     -97.65740     905.28320       0.00000      -0.00000       0.00000 p1_bpx_cei_ip_07_05_r3_grove
73     -46.85340      97.15780     905.56640       0.00000      -0.00000       0.00000 p1_bpx_cei_ho_07_05_r3_grove
74     -28.60720     -97.74890     942.90290       0.00000      -0.00000       0.00000 p1_bpx_cei_ip_07_05_r3_flat
75     -28.28440      97.07550     943.17340       0.00000      -0.00000       0.00000 p1_bpx_cei_ho_07_05_r3_flat
76      55.42870      -0.05420     950.58530       0.00000      -0.00000       0.00000 p1_irc_cei_07_r1_front
77      55.48040       0.04370    1178.97700       0.00000      -0.00000       0.00000 p1_mid_cei_07_front
78     -36.83950     -97.55470    1240.99320       0.00000      -0.00000       0.00000 p1_bpx_cei_ip_07_09_r4_cone
79     -36.53610      97.23560    1241.15800       0.00000      -0.00000       0.00000 p1_bpx_cei_ho_07_09_r4_cone
80      38.98840     -97.65760    1245.16650       0.00000      -0.00000       0.00000 p1_bpx_cei_ip_07_09_r4_flat
81      39.28870      97.06760    1245.29000       0.00000      -0.00000       0.00000 p1_bpx_cei_ho_07_09_r4_flat
82      25.20730     -97.68260    1284.78870       0.00000      -0.00000       0.00000 p1_bpx_cei_ip_07_09_r4_grove
83      25.52600      97.04240    1284.92000       0.00000      -0.00000       0.00000 p1_bpx_cei_ho_07_09_r4_grove
84      40.59590     -97.76060    1319.19170       0.00000      -0.00000       0.00000 p1_bpx_cei_ip_07_05_r4_cone
85      40.93240      96.97170    1319.31490       0.00000      -0.00000       0.00000 p1_bpx_cei_ho_07_05_r4_cone
86     -34.23750     -97.66460    1332.10110       0.00000      -0.00000       0.00000 p1_bpx_cei_ip_07_05_r4_grove
87     -33.89170      97.11500    1332.26160       0.00000      -0.00000       0.00000 p1_bpx_cei_ho_07_05_r4_grove
88     -15.95870     -97.73290    1369.87300       0.00000      -0.00000       0.00000 p1_bpx_cei_ip_07_05_r4_flat
89     -15.59540      97.01120    1370.02810       0.00000      -0.00000       0.00000 p1_bpx_cei_ho_07_05_r4_flat
90      55.34480      -0.00470    1407.46480       0.00000      -0.00000       0.00000 p1_irc_cei_07_r2_front
91     -28.18630     172.51880    1465.34620       0.00000      -0.00000       0.00000 p1_baz_cei_07_08_06_r2_grove
92      42.18500     172.31630    1493.88610       0.00000      -0.00000       0.00000 p1_baz_cei_07_08_06_r2_cone
93     -32.60670     172.50610    1507.07220       0.00000      -0.00000       0.00000 p1_baz_cei_07_08_06_r2_flat
94     -27.28770     -97.56870    1665.82800       0.00000      -0.00000       0.00000 p1_bpx_cei_ip_07_09_r5_cone
95     -26.95460      97.19180    1666.22270       0.00000      -0.00000       0.00000 p1_bpx_cei_ho_07_09_r5_cone
96      48.54420     -97.67630    1669.97030       0.00000      -0.00000       0.00000 p1_bpx_cei_ip_07_09_r5_flat
97      48.88800      96.99740    1670.34150       0.00000      -0.00000       0.00000 p1_bpx_cei_ho_07_09_r5_flat
98      34.77300     -97.71140    1709.60190       0.00000      -0.00000       0.00000 p1_bpx_cei_ip_07_09_r5_grove
99      35.12530      96.97720    1709.97540       0.00000      -0.00000       0.00000 p1_bpx_cei_ho_07_09_r5_grove
100      46.80700     -97.80690    1758.68480       0.00000      -0.00000       0.00000 p1_bpx_cei_ip_07_05_r5_cone
101      47.17310      96.90200    1759.05950       0.00000      -0.00000       0.00000 p1_bpx_cei_ho_07_05_r5_cone
102     -28.02160     -97.71000    1771.61430       0.00000      -0.00000       0.00000 p1_bpx_cei_ip_07_05_r5_grove
103     -27.65550      97.06510    1772.01410       0.00000      -0.00000       0.00000 p1_bpx_cei_ho_07_05_r5_grove
104      -9.74250     -97.78400    1809.37180       0.00000      -0.00000       0.00000 p1_bpx_cei_ip_07_05_r5_flat
105      -9.36520      96.96620    1809.76900       0.00000      -0.00000       0.00000 p1_bpx_cei_ho_07_05_r5_flat
106      55.42710      -0.11930    1880.22740       0.00000      -0.00000       0.00000 p1_irl_cei_07_r2_front
107     -13.37160     -41.41760    2020.90980       0.00000      -0.00000       0.00000 p1_gim_cei_07_surf_r1
108       0.18460      73.17250    2115.80040       0.00000      -0.00000       0.00000 p1_srg_cei_07_r2_90deg
109      55.45650       0.00000    2115.80900       0.00000      -0.00000       0.00000 p1_srg_cei_07_r2_front
110     -52.11240      51.88000    2115.81910       0.00000      -0.00000       0.00000 p1_srg_cei_07_r2_135deg
111      52.29150      51.47570    2115.83570       0.00000      -0.00000       0.00000 p1_srg_cei_07_r2_45deg
112     -55.68120      -0.13390    2115.88350       0.00000      -0.00000       0.00000 p1_srg_cei_07_r2_rear
113      52.13880     -52.23030    2115.89900       0.00000      -0.00000       0.00000 p1_srg_cei_07_r2_315deg
114     -52.26960     -52.34080    2115.93240       0.00000      -0.00000       0.00000 p1_srg_cei_07_r2_225deg
115      -0.04040     -73.85110    2115.95390       0.00000      -0.00000       0.00000 p1_srg_cei_07_r2_270deg
116     -34.36480      97.06580    2206.19780       0.00000      -0.00000       0.00000 p1_bpx_cei_ho_07_09_r6_cone
117     -34.68000     -97.61960    2206.48590       0.00000      -0.00000       0.00000 p1_bpx_cei_ip_07_09_r6_cone
118      41.46860      96.86330    2210.28270       0.00000      -0.00000       0.00000 p1_bpx_cei_ho_07_09_r6_flat
119      41.15180     -97.72590    2210.61940       0.00000      -0.00000       0.00000 p1_bpx_cei_ip_07_09_r6_flat
120      27.72550      96.96670    2249.92240       0.00000      -0.00000       0.00000 p1_bpx_cei_ho_07_09_r6_grove
121      27.39210     -97.67070    2250.24860       0.00000      -0.00000       0.00000 p1_bpx_cei_ip_07_09_r6_grove
122      39.92270      97.09120    2332.00430       0.00000      -0.00000       0.00000 p1_bpx_cei_ho_07_05_r6_cone
123      39.54030     -97.61650    2332.33590       0.00000      -0.00000       0.00000 p1_bpx_cei_ip_07_05_r6_cone
124     -34.90290      97.29870    2344.99530       0.00000      -0.00000       0.00000 p1_bpx_cei_ho_07_05_r6_grove
125     -35.28310     -97.49000    2345.28040       0.00000      -0.00000       0.00000 p1_bpx_cei_ip_07_05_r6_grove
126     -16.59770      97.30730    2382.75240       0.00000      -0.00000       0.00000 p1_bpx_cei_ho_07_05_r6_flat
127     -16.99780     -97.46860    2383.03580       0.00000      -0.00000       0.00000 p1_bpx_cei_ip_07_05_r6_flat
128      98.48249       0.00757     739.80000       0.00000       0.00000       0.00000 p2_cei_07_par_1
129     130.12546       1.43436    2041.34000      26.08587       0.00000       0.00000 p2_cei_07_par_2
130      -7.39596       1.02807    2382.00000    4497.36446      -0.52546       0.00083 p2_cei_07_par_3
131       0.37369       0.00135       0.02918      -0.00015       0.17682       0.00993 p2_cei_07
132     -15.08064       0.00242      66.13947      -0.00152      -0.66438   -3141.58268 p2_irm_cei_07_s1_fixed
133      14.95280       0.00055    2291.94398      -0.00178       0.23616       0.00993 p2_irm_cei_07_s2_fixed
134      14.91937       0.00212      66.11954      -0.00152      -0.66438   -3141.58268 p2_irm_cei_07_l1_fixed
135     -15.04720       0.00085    2291.93690      -0.00178       0.23616       0.00993 p2_irm_cei_07_l2_fixed
136     -14.83944       0.00179     478.03848      -0.00153      -0.45359       0.00993 p2_irl_cei_07_s1
137      15.05253       0.00093    1880.04140       0.00017       0.24836       0.00993 p2_irl_cei_07_s2
138      15.24863       0.00078     950.53480      -0.00129       0.07889       0.00993 p2_irl_cei_07_l1
139     -14.83345       0.00092    1407.53201       0.00060       0.22516       0.00993 p2_irl_cei_07_l2
140     -14.75067       0.00109     941.23251      -0.00131       0.07118       0.00993 p2_irc_cei_07_s1
141      15.16445       0.00063    1416.83882       0.00062       0.22614       0.00993 p2_irc_cei_07_s2
142      15.16864       0.00062    1398.23871       0.00057       0.22415       0.00993 p2_irc_cei_07_l1
143     -14.75214       0.00107     959.83235      -0.00127       0.08637       0.00993 p2_irc_cei_07_l2
144      -0.12473       0.00237       0.02909      -0.00152      -0.66849       0.00993 p2_irt_cei_07_r1
145       0.12104       0.00177     397.03130      -0.00153      -0.52025       0.00993 p2_irt_cei_07_r2
146       0.24924       0.00116     794.03301      -0.00154      -0.08231       0.00993 p2_irt_cei_07_r3
147       0.21238       0.00072    1191.03453      -0.00029       0.19629       0.00993 p2_irt_cei_07_r4
148       0.12440       0.00091    1588.03618       0.00082       0.24047       0.00993 p2_irt_cei_07_r5
149       0.02654       0.00107    1985.03829      -0.00036       0.24611       0.00993 p2_irt_cei_07_r6
150      -0.06845       0.00054    2382.04118      -0.00186       0.23559       0.00993 p2_irt_cei_07_r7
151     -36.78920      97.28092      14.52444      -0.00152      -0.66829       0.00993 p2_bpx_cei_ho_07_09_r1_cone
152     -37.05113     -97.65698      14.68482      -0.00152      -0.66829       0.00993 p2_bpx_cei_ip_07_09_r1_cone
153      39.11867      97.14816      16.65633      -0.00152      -0.66823       0.00993 p2_bpx_cei_ho_07_09_r1_flat
154      38.85686     -97.75024      16.85001      -0.00152      -0.66822       0.00993 p2_bpx_cei_ip_07_09_r1_flat
155      26.41283      97.10122      56.64136      -0.00152      -0.66547       0.00993 p2_bpx_cei_ho_07_09_r1_grove
156      26.13392     -97.73287      56.82355      -0.00152      -0.66545       0.00993 p2_bpx_cei_ip_07_09_r1_grove
157      23.96639      97.05120      88.53470      -0.00152      -0.66112       0.00993 p2_bpx_cei_ho_07_05_r1_cone
158      23.67628     -97.71860      88.71850      -0.00152      -0.66109       0.00993 p2_bpx_cei_ip_07_05_r1_cone
159     -50.49421      97.18082     103.45289      -0.00152      -0.65843       0.00993 p2_bpx_cei_ho_07_05_r1_grove
160     -50.79294     -97.62758     103.60409      -0.00152      -0.65840       0.00993 p2_bpx_cei_ip_07_05_r1_grove
161     -31.22282      97.06547     140.71027      -0.00152      -0.64988       0.00993 p2_bpx_cei_ho_07_05_r1_flat
162     -31.53214     -97.64293     140.87067      -0.00152      -0.64984       0.00993 p2_bpx_cei_ip_07_05_r1_flat
163     -51.83160      52.06899     193.15176      -0.00152      -0.63342       0.00993 p2_srg_cei_07_r1_135deg
164      52.59895      51.30276     193.16451      -0.00152      -0.63339       0.00993 p2_srg_cei_07_r1_45deg
165       0.55737      73.23627     193.20531      -0.00152      -0.63339       0.00993 p2_srg_cei_07_r1_90deg
166     -55.46986       0.00263     193.24588      -0.00152      -0.63339       0.00993 p2_srg_cei_07_r1_rear
167     -52.21803     -52.26390     193.31554      -0.00152      -0.63336       0.00993 p2_srg_cei_07_r1_225deg
168      -0.02432     -73.87522     193.31635      -0.00152      -0.63335       0.00993 p2_srg_cei_07_r1_270deg
169      52.18791     -52.23614     193.29482      -0.00152      -0.63335       0.00993 p2_srg_cei_07_r1_315deg
170      55.45873       0.00153     193.29513      -0.00152      -0.63334       0.00993 p2_srg_cei_07_r1_front
171      50.49570     209.67669     248.06856      -0.00152      -0.61061       0.00993 p2_baz_cei_07_06_05_r1_cone
172     -25.44188     209.86935     248.81402      -0.00152      -0.61028       0.00993 p2_baz_cei_07_06_05_r1_grove
173     -13.45703     209.82377     289.02276      -0.00153      -0.58994       0.00993 p2_baz_cei_07_06_05_r1_flat
174     -38.01101      97.11896     324.64628      -0.00153      -0.56939       0.00993 p2_bpx_cei_ho_07_09_r2_cone
175     -38.33121     -97.59074     324.70537      -0.00153      -0.56935       0.00993 p2_bpx_cei_ip_07_09_r2_cone
176      37.89261      96.99000     327.42614      -0.00153      -0.56766       0.00993 p2_bpx_cei_ho_07_09_r2_flat
177      37.56649     -97.70210     327.45983      -0.00153      -0.56764       0.00993 p2_bpx_cei_ip_07_09_r2_flat
178      24.82952      96.97047     367.29761      -0.00153      -0.54161       0.00993 p2_bpx_cei_ho_07_09_r2_grove
179      24.52551     -97.72353     367.33298      -0.00153      -0.54159       0.00993 p2_bpx_cei_ip_07_09_r2_grove
180      28.32292      96.93578     401.86610      -0.00153      -0.51661       0.00993 p2_bpx_cei_ho_07_05_r2_cone
181      28.03330     -97.77922     401.89726      -0.00153      -0.51658       0.00993 p2_bpx_cei_ip_07_05_r2_cone
182     -46.25500      97.05660     416.15660      -0.00153      -0.50564       0.00993 p2_bpx_cei_ho_07_05_r2_grove
183     -46.54111     -97.68710     416.21264      -0.00153      -0.50560       0.00993 p2_bpx_cei_ip_07_05_r2_grove
184     -27.31224      96.95485     453.56656      -0.00153      -0.47503       0.00993 p2_bpx_cei_ho_07_05_r2_flat
185     -27.57985     -97.73494     453.61639      -0.00153      -0.47499       0.00993 p2_bpx_cei_ip_07_05_r2_flat
186      55.50480      -0.09091     478.06918      -0.00153      -0.45353       0.00993 p2_irl_cei_07_r1_front
187     -36.30840     209.91950     548.59499      -0.00154      -0.38547       0.00993 p2_baz_cei_07_08_09_r1_cone
188      37.86137     209.69734     564.92192      -0.00154      -0.36834       0.00993 p2_baz_cei_07_08_09_r1_flat
189      17.87851     209.76768     601.80746      -0.00154      -0.32788       0.00993 p2_baz_cei_07_08_09_r1_grove
190      -7.45941     -36.10365     719.96955      -0.00155      -0.18100       0.00993 p2_slm_cei_07_surf_r1
191     -37.60777     -97.49670     811.69833      -0.00153      -0.06077       0.00993 p2_bpx_cei_ip_07_09_r3_cone
192     -37.34112      97.19780     811.96920      -0.00153      -0.06044       0.00993 p2_bpx_cei_ho_07_09_r3_cone
193      38.24474     -97.61645     815.28670      -0.00153      -0.05649       0.00993 p2_bpx_cei_ip_07_09_r3_flat
194      38.52159      97.07694     815.52699      -0.00153      -0.05620       0.00993 p2_bpx_cei_ho_07_09_r3_flat
195      24.77308     -97.66998     855.01702      -0.00148      -0.01154       0.00993 p2_bpx_cei_ip_07_09_r3_grove
196      25.06331      97.05762     855.25941      -0.00148      -0.01128       0.00993 p2_bpx_cei_ho_07_09_r3_grove
197      27.56909     -97.75826     891.79817      -0.00142       0.02623       0.00993 p2_bpx_cei_ip_07_05_r3_cone
198      27.87052      97.02154     892.04516      -0.00142       0.02647       0.00993 p2_bpx_cei_ho_07_05_r3_cone
199     -47.15855     -97.65564     905.28215      -0.00140       0.03916       0.00993 p2_bpx_cei_ip_07_05_r3_grove
200     -46.85602      97.15486     905.56272      -0.00139       0.03942       0.00993 p2_bpx_cei_ho_07_05_r3_grove
201     -28.61136     -97.74647     942.90246      -0.00131       0.07259       0.00993 p2_bpx_cei_ip_07_05_r3_flat
202     -28.29035      97.06992     943.16973      -0.00131       0.07281       0.00993 p2_bpx_cei_ho_07_05_r3_flat
203      55.42843      -0.05362     950.58547      -0.00129       0.07893       0.00993 p2_irc_cei_07_r1_front
204      55.47853       0.04318    1178.97531      -0.00036       0.19416       0.00993 p2_mid_cei_07_front
205     -36.83779     -97.55382    1240.99426      -0.00003       0.20397       0.00993 p2_bpx_cei_ip_07_09_r4_cone
206     -36.53499      97.23708    1241.15643      -0.00003       0.20399       0.00993 p2_bpx_cei_ho_07_09_r4_cone
207      38.98925     -97.65447    1245.16807      -0.00001       0.20458       0.00993 p2_bpx_cei_ip_07_09_r4_flat
208      39.28946      97.06703    1245.28983      -0.00001       0.20460       0.00993 p2_bpx_cei_ho_07_09_r4_flat
209      25.20803     -97.68053    1284.79047       0.00018       0.21020       0.00993 p2_bpx_cei_ip_07_09_r4_grove
210      25.52674      97.03847    1284.92040       0.00018       0.21021       0.00993 p2_bpx_cei_ho_07_09_r4_grove
211      40.59782     -97.75867    1319.19354       0.00032       0.21476       0.00993 p2_bpx_cei_ip_07_05_r4_cone
212      40.93283      96.97372    1319.31195       0.00032       0.21478       0.00993 p2_bpx_cei_ho_07_05_r4_cone
213     -34.23576     -97.66232    1332.10287       0.00037       0.21640       0.00993 p2_bpx_cei_ip_07_05_r4_grove
214     -33.89076      97.11407    1332.26107       0.00037       0.21642       0.00993 p2_bpx_cei_ho_07_05_r4_grove
215     -15.95752     -97.73209    1369.87342       0.00049       0.22096       0.00993 p2_bpx_cei_ip_07_05_r4_flat
216     -15.59342      97.00541    1370.02690       0.00049       0.22098       0.00993 p2_bpx_cei_ho_07_05_r4_flat
217      55.34416      -0.00448    1407.46281       0.00060       0.22515       0.00993 p2_irc_cei_07_r2_front
218     -28.18503     172.51909    1465.34407       0.00072       0.23093       0.00993 p2_baz_cei_07_08_06_r2_grove
219      42.18434     172.31631    1493.88544       0.00076       0.23348       0.00993 p2_baz_cei_07_08_06_r2_cone
220     -32.60534     172.50627    1507.07130       0.00078       0.23459       0.00993 p2_baz_cei_07_08_06_r2_flat
221     -27.28794     -97.56696    1665.82802       0.00077       0.24461       0.00993 p2_bpx_cei_ip_07_09_r5_cone
222     -26.95621      97.18974    1666.22295       0.00077       0.24463       0.00993 p2_bpx_cei_ho_07_09_r5_cone
223      48.54514     -97.67741    1669.97210       0.00076       0.24479       0.00993 p2_bpx_cei_ip_07_09_r5_flat
224      48.88849      96.99579    1670.34064       0.00076       0.24480       0.00993 p2_bpx_cei_ho_07_09_r5_flat
225      34.77241     -97.71234    1709.60317       0.00070       0.24629       0.00993 p2_bpx_cei_ip_07_09_r5_grove
226      35.12445      96.97765    1709.97412       0.00070       0.24630       0.00993 p2_bpx_cei_ho_07_09_r5_grove
227      46.80769     -97.80583    1758.68744       0.00059       0.24761       0.00993 p2_bpx_cei_ip_07_05_r5_cone
228      47.17143      96.90106    1759.05832       0.00059       0.24762       0.00993 p2_bpx_cei_ho_07_05_r5_cone
229     -28.02152     -97.70938    1771.61407       0.00056       0.24787       0.00993 p2_bpx_cei_ip_07_05_r5_grove
230     -27.65388      97.06721    1772.01355       0.00056       0.24787       0.00993 p2_bpx_cei_ho_07_05_r5_grove
231      -9.74319     -97.78294    1809.37249       0.00044       0.24837       0.00993 p2_bpx_cei_ip_07_05_r5_flat
232      -9.36565      96.96325    1809.76790       0.00044       0.24837       0.00993 p2_bpx_cei_ho_07_05_r5_flat
233      55.42798      -0.11807    1880.22692       0.00017       0.24836       0.00993 p2_irl_cei_07_r2_front
234     -13.35347     -41.41601    2020.91112      -0.00058       0.24472       0.00993 p2_gim_cei_07_surf_r1
235      55.45122       0.00042    2115.80418      -0.00116       0.24059       0.00993 p2_srg_cei_07_r2_front
236       0.18355      73.17407    2115.80047      -0.00116       0.24059       0.00993 p2_srg_cei_07_r2_90deg
237      52.29003      51.47535    2115.83418      -0.00116       0.24059       0.00993 p2_srg_cei_07_r2_45deg
238     -52.11337      51.87619    2115.81977      -0.00116       0.24059       0.00993 p2_srg_cei_07_r2_135deg
239      52.13988     -52.22755    2115.89443      -0.00116       0.24059       0.00993 p2_srg_cei_07_r2_315deg
240     -55.68110      -0.13338    2115.88355      -0.00116       0.24059       0.00993 p2_srg_cei_07_r2_rear
241     -52.26933     -52.34041    2115.93091      -0.00116       0.24059       0.00993 p2_srg_cei_07_r2_225deg
242      -0.03975     -73.85293    2115.95285      -0.00116       0.24059       0.00993 p2_srg_cei_07_r2_270deg
243     -34.36473      97.06779    2206.19817      -0.00155       0.23777       0.00993 p2_bpx_cei_ho_07_09_r6_cone
244     -34.67853     -97.61881    2206.48670      -0.00156       0.23776       0.00993 p2_bpx_cei_ip_07_09_r6_cone
245      41.46680      96.86373    2210.28103      -0.00157       0.23767       0.00993 p2_bpx_cei_ho_07_09_r6_flat
246      41.15039     -97.72877    2210.61795      -0.00157       0.23766       0.00993 p2_bpx_cei_ip_07_09_r6_flat
247      27.72470      96.96730    2249.92205      -0.00169       0.23682       0.00993 p2_bpx_cei_ho_07_09_r6_grove
248      27.39099     -97.67120    2250.24865      -0.00169       0.23681       0.00993 p2_bpx_cei_ip_07_09_r6_grove
249      39.92171      97.09133    2332.00247      -0.00183       0.23576       0.00993 p2_bpx_cei_ho_07_05_r6_cone
250      39.54060     -97.61356    2332.33542      -0.00183       0.23576       0.00993 p2_bpx_cei_ip_07_05_r6_cone
251     -34.90205      97.29565    2344.99544      -0.00184       0.23568       0.00993 p2_bpx_cei_ho_07_05_r6_grove
252     -35.28415     -97.49074    2345.28159      -0.00184       0.23568       0.00993 p2_bpx_cei_ip_07_05_r6_grove
253     -16.59665      97.30600    2382.75247      -0.00186       0.23559       0.00993 p2_bpx_cei_ho_07_05_r6_flat
254     -16.99595     -97.46870    2383.03682      -0.00186       0.23559       0.00993 p2_bpx_cei_ip_07_05_r6_flat
255       2.33413      -0.30133     739.80000       0.00000       0.00000       0.00000 p3_cei_07_par_1
256     141.01829      -0.83006    2041.34000      26.08587       0.00000       0.00000 p3_cei_07_par_2
257      88.86777      -0.04169    2382.00000    6047.99371      -0.73780       0.00062 p3_cei_07_par_3
258      -0.08165       0.00056      -0.01050       0.00026      -0.03896       0.01577 p3_cei_07
259     -14.98658       0.00164      66.08859      -0.00153       0.09396   -3141.57683 p3_irm_cei_07_s1_fixed
260      14.98741       0.00084    2291.90441      -0.00002       0.07872       0.01577 p3_irm_cei_07_s2_fixed
261      15.01342       0.00116      66.09141      -0.00153       0.09396   -3141.57683 p3_irm_cei_07_l1_fixed
262     -15.01259       0.00131    2291.90204      -0.00002       0.07872       0.01577 p3_irm_cei_07_l2_fixed
263     -15.02606       0.00111     477.99131      -0.00089       0.09896       0.01577 p3_irl_cei_07_s1
264      14.98922       0.00086    1879.99914      -0.00008      -0.08857       0.01577 p3_irl_cei_07_s2
265      14.92618       0.00059     950.49670       0.00063       0.08325       0.01577 p3_irl_cei_07_l1
266     -15.06903       0.00131    1407.49944       0.00025      -0.10768       0.01577 p3_irl_cei_07_l2
267     -15.07303       0.00106     941.19412       0.00061       0.08552       0.01577 p3_irc_cei_07_s1
268      14.93198       0.00084    1416.79622       0.00024      -0.11021       0.01577 p3_irc_cei_07_s2
269      14.92998       0.00084    1398.19620       0.00026      -0.10502       0.01577 p3_irc_cei_07_l1
270     -15.07458       0.00107     959.79429       0.00064       0.08087       0.01577 p3_irc_cei_07_l2
271       0.01962       0.00150      -0.01051      -0.00155       0.09387       0.01577 p3_irt_cei_07_r1
272      -0.01811       0.00095     396.99228      -0.00109       0.09738       0.01577 p3_irt_cei_07_r2
273      -0.05859       0.00076     793.99461       0.00024       0.10589       0.01577 p3_irt_cei_07_r3
274      -0.08352       0.00099    1190.99670       0.00058      -0.01554       0.01577 p3_irt_cei_07_r4
275      -0.04638       0.00110    1587.99879       0.00006      -0.13603       0.01577 p3_irt_cei_07_r5
276      -0.00372       0.00109    1985.00112      -0.00008      -0.04332       0.01577 p3_irt_cei_07_r6
277      -0.02010       0.00107    2382.00391      -0.00002       0.08561       0.01577 p3_irt_cei_07_r7
278     -36.78871      97.28116      14.52540      -0.00154       0.09387       0.01577 p3_bpx_cei_ho_07_09_r1_cone
279     -37.05060     -97.66044      14.68268      -0.00154       0.09387       0.01577 p3_bpx_cei_ip_07_09_r1_cone
280      39.12069      97.14896      16.65674      -0.00154       0.09387       0.01577 p3_bpx_cei_ho_07_09_r1_flat
281      38.85940     -97.75224      16.84932      -0.00154       0.09387       0.01577 p3_bpx_cei_ip_07_09_r1_flat
282      26.41214      97.10420      56.64196      -0.00154       0.09394       0.01577 p3_bpx_cei_ho_07_09_r1_grove
283      26.13495     -97.73090      56.82433      -0.00154       0.09394       0.01577 p3_bpx_cei_ip_07_09_r1_grove
284      23.96774      97.05069      88.53597      -0.00152       0.09404       0.01577 p3_bpx_cei_ho_07_05_r1_cone
285      23.67615     -97.71751      88.71795      -0.00152       0.09404       0.01577 p3_bpx_cei_ip_07_05_r1_cone
286     -50.49526      97.17934     103.45477      -0.00151       0.09411       0.01577 p3_bpx_cei_ho_07_05_r1_grove
287     -50.79335     -97.63506     103.60245      -0.00151       0.09411       0.01577 p3_bpx_cei_ip_07_05_r1_grove
288     -31.22398      97.06558     140.71135      -0.00149       0.09431       0.01577 p3_bpx_cei_ho_07_05_r1_flat
289     -31.53286     -97.64232     140.86973      -0.00149       0.09431       0.01577 p3_bpx_cei_ip_07_05_r1_flat
290     -51.83234      52.06863     193.15279      -0.00144       0.09470       0.01577 p3_srg_cei_07_r1_135deg
291      52.59785      51.30228     193.16578      -0.00144       0.09470       0.01577 p3_srg_cei_07_r1_45deg
292       0.55599      73.23580     193.20678      -0.00144       0.09470       0.01577 p3_srg_cei_07_r1_90deg
293     -55.47047       0.00209     193.24447      -0.00144       0.09470       0.01577 p3_srg_cei_07_r1_rear
294      55.45793       0.00034     193.29618      -0.00144       0.09470       0.01577 p3_srg_cei_07_r1_front
295      52.18610     -52.23511     193.29619      -0.00144       0.09470       0.01577 p3_srg_cei_07_r1_315deg
296      -0.02584     -73.87549     193.31702      -0.00144       0.09470       0.01577 p3_srg_cei_07_r1_270deg
297     -52.21990     -52.26447     193.31541      -0.00144       0.09470       0.01577 p3_srg_cei_07_r1_225deg
298      50.49413     209.67644     248.06970      -0.00137       0.09524       0.01577 p3_baz_cei_07_06_05_r1_cone
299     -25.44174     209.86733     248.81517      -0.00137       0.09525       0.01577 p3_baz_cei_07_06_05_r1_grove
300     -13.45718     209.82459     289.02337      -0.00130       0.09573       0.01577 p3_baz_cei_07_06_05_r1_flat
301     -38.00997      97.11793     324.64478      -0.00124       0.09622       0.01577 p3_bpx_cei_ho_07_09_r2_cone
302     -38.33085     -97.59076     324.70281      -0.00124       0.09622       0.01577 p3_bpx_cei_ip_07_09_r2_cone
303      37.89156      96.98853     327.42760      -0.00124       0.09626       0.01577 p3_bpx_cei_ho_07_09_r2_flat
304      37.56548     -97.69936     327.46043      -0.00124       0.09626       0.01577 p3_bpx_cei_ip_07_09_r2_flat
305      24.82781      96.97509     367.29931      -0.00116       0.09687       0.01577 p3_bpx_cei_ho_07_09_r2_grove
306      24.52373     -97.72190     367.33186      -0.00116       0.09688       0.01577 p3_bpx_cei_ip_07_09_r2_grove
307      28.32215      96.93520     401.86348      -0.00108       0.09747       0.01577 p3_bpx_cei_ho_07_05_r2_cone
308      28.03147     -97.77810     401.89724      -0.00108       0.09747       0.01577 p3_bpx_cei_ip_07_05_r2_cone
309     -46.25525      97.05666     416.15679      -0.00105       0.09773       0.01577 p3_bpx_cei_ho_07_05_r2_grove
310     -46.54292     -97.68534     416.21336      -0.00105       0.09773       0.01577 p3_bpx_cei_ip_07_05_r2_grove
311     -27.31192      96.95762     453.56844      -0.00095       0.09845       0.01577 p3_bpx_cei_ho_07_05_r2_flat
312     -27.58009     -97.73447     453.61663      -0.00095       0.09845       0.01577 p3_bpx_cei_ip_07_05_r2_flat
313      55.50374      -0.08941     478.06869      -0.00089       0.09896       0.01577 p3_irl_cei_07_r1_front
314     -36.30939     209.91919     548.59441      -0.00068       0.10058       0.01577 p3_baz_cei_07_08_09_r1_cone
315      37.86116     209.69620     564.92177      -0.00063       0.10098       0.01577 p3_baz_cei_07_08_09_r1_flat
316      17.87932     209.76630     601.80616      -0.00050       0.10194       0.01577 p3_baz_cei_07_08_09_r1_grove
317      -7.75030     -36.10433     719.96809      -0.00005       0.10542       0.01577 p3_slm_cei_07_surf_r1
318     -37.60600     -97.49555     811.69439       0.00030       0.10497       0.01577 p3_bpx_cei_ip_07_09_r3_cone
319     -37.33985      97.19675     811.96677       0.00030       0.10496       0.01577 p3_bpx_cei_ho_07_09_r3_cone
320      38.24693     -97.61844     815.28917       0.00031       0.10474       0.01577 p3_bpx_cei_ip_07_09_r3_flat
321      38.52317      97.07645     815.52784       0.00031       0.10472       0.01577 p3_bpx_cei_ho_07_09_r3_flat
322      24.77233     -97.67202     855.01719       0.00043       0.10097       0.01577 p3_bpx_cei_ip_07_09_r3_grove
323      25.06328      97.05658     855.25944       0.00043       0.10094       0.01577 p3_bpx_cei_ho_07_09_r3_grove
324      27.56781     -97.75504     891.79693       0.00052       0.09559       0.01577 p3_bpx_cei_ip_07_05_r3_cone
325      27.87046      97.02215     892.04276       0.00052       0.09555       0.01577 p3_bpx_cei_ho_07_05_r3_cone
326     -47.15896     -97.65626     905.28328       0.00055       0.09316       0.01577 p3_bpx_cei_ip_07_05_r3_grove
327     -46.85491      97.15694     905.56460       0.00055       0.09311       0.01577 p3_bpx_cei_ho_07_05_r3_grove
328     -28.60752     -97.74673     942.90444       0.00062       0.08511       0.01577 p3_bpx_cei_ip_07_05_r3_flat
329     -28.28727      97.07107     943.17235       0.00062       0.08504       0.01577 p3_bpx_cei_ho_07_05_r3_flat
330      55.42727      -0.05385     950.58447       0.00063       0.08323       0.01577 p3_irc_cei_07_r1_front
331      55.47824       0.04331    1178.97595       0.00060      -0.00876       0.01577 p3_mid_cei_07_front
332     -36.83809     -97.55410    1240.99287       0.00050      -0.04244       0.01577 p3_bpx_cei_ip_07_09_r4_cone
333     -36.53611      97.23629    1241.15516       0.00050      -0.04253       0.01577 p3_bpx_cei_ho_07_09_r4_cone
334      38.98969     -97.65530    1245.16869       0.00049      -0.04454       0.01577 p3_bpx_cei_ip_07_09_r4_flat
335      39.28777      97.06530    1245.28948       0.00049      -0.04460       0.01577 p3_bpx_cei_ho_07_09_r4_flat
336      25.20673     -97.68026    1284.78983       0.00042      -0.06324       0.01577 p3_bpx_cei_ip_07_09_r4_grove
337      25.52601      97.04023    1284.92073       0.00042      -0.06330       0.01577 p3_bpx_cei_ho_07_09_r4_grove
338      40.59776     -97.75839    1319.19294       0.00037      -0.07775       0.01577 p3_bpx_cei_ip_07_05_r4_cone
339      40.93394      96.97230    1319.31194       0.00037      -0.07780       0.01577 p3_bpx_cei_ho_07_05_r4_cone
340     -34.23670     -97.66361    1332.10329       0.00035      -0.08278       0.01577 p3_bpx_cei_ip_07_05_r4_grove
341     -33.89112      97.11189    1332.26130       0.00035      -0.08284       0.01577 p3_bpx_cei_ho_07_05_r4_grove
342     -15.95682     -97.73158    1369.87299       0.00030      -0.09621       0.01577 p3_bpx_cei_ip_07_05_r4_flat
343     -15.59373      97.01011    1370.02750       0.00030      -0.09627       0.01577 p3_bpx_cei_ho_07_05_r4_flat
344      55.34506      -0.00430    1407.46246       0.00025      -0.10767       0.01577 p3_irc_cei_07_r2_front
345     -28.18586     172.51863    1465.34512       0.00018      -0.12156       0.01577 p3_baz_cei_07_08_06_r2_grove
346      42.18478     172.31763    1493.88540       0.00015      -0.12674       0.01577 p3_baz_cei_07_08_06_r2_cone
347     -32.60613     172.50261    1507.07262       0.00013      -0.12876       0.01577 p3_baz_cei_07_08_06_r2_flat
348     -27.28793     -97.56846    1665.82959       0.00000      -0.13465       0.01577 p3_bpx_cei_ip_07_09_r5_cone
349     -26.95520      97.19223    1666.22235       0.00000      -0.13462       0.01577 p3_bpx_cei_ho_07_09_r5_cone
350      48.54343     -97.67856    1669.97102      -0.00000      -0.13435       0.01577 p3_bpx_cei_ip_07_09_r5_flat
351      48.88785      96.99573    1670.33978      -0.00000      -0.13432       0.01577 p3_bpx_cei_ho_07_09_r5_flat
352      34.77068     -97.71154    1709.60253      -0.00002      -0.13028       0.01577 p3_bpx_cei_ip_07_09_r5_grove
353      35.12630      96.97845    1709.97439      -0.00002      -0.13023       0.01577 p3_bpx_cei_ho_07_09_r5_grove
354      46.80729     -97.80614    1758.68632      -0.00005      -0.12229       0.01577 p3_bpx_cei_ip_07_05_r5_cone
355      47.17140      96.90036    1759.05959      -0.00005      -0.12222       0.01577 p3_bpx_cei_ho_07_05_r5_cone
356     -28.02105     -97.71036    1771.61407      -0.00005      -0.11965       0.01577 p3_bpx_cei_ip_07_05_r5_grove
357     -27.65323      97.06714    1772.01354      -0.00005      -0.11956       0.01577 p3_bpx_cei_ho_07_05_r5_grove
358      -9.74390     -97.78195    1809.37231      -0.00006      -0.11063       0.01577 p3_bpx_cei_ip_07_05_r5_flat
359      -9.36528      96.96655    1809.76719      -0.00007      -0.11052       0.01577 p3_bpx_cei_ho_07_05_r5_flat
360      55.42594      -0.11928    1880.22566      -0.00008      -0.08849       0.01577 p3_irl_cei_07_r2_front
361     -13.37536     -41.41630    2020.91137      -0.00007      -0.02442       0.01577 p3_gim_cei_07_surf_r1
362       0.18431      73.17308    2115.79978      -0.00005       0.02547       0.01577 p3_srg_cei_07_r2_90deg
363      55.45385       0.00020    2115.80279      -0.00005       0.02547       0.01577 p3_srg_cei_07_r2_front
364     -52.11223      51.87710    2115.81905      -0.00005       0.02548       0.01577 p3_srg_cei_07_r2_135deg
365      52.29076      51.47915    2115.83431      -0.00005       0.02548       0.01577 p3_srg_cei_07_r2_45deg
366     -55.67935      -0.13584    2115.88396      -0.00005       0.02551       0.01577 p3_srg_cei_07_r2_rear
367      52.13883     -52.22964    2115.89590      -0.00005       0.02551       0.01577 p3_srg_cei_07_r2_315deg
368     -52.26888     -52.34190    2115.93204      -0.00005       0.02553       0.01577 p3_srg_cei_07_r2_225deg
369      -0.03972     -73.85192    2115.95317      -0.00005       0.02554       0.01577 p3_srg_cei_07_r2_270deg
370     -34.36466      97.06422    2206.19787      -0.00003       0.05938       0.01577 p3_bpx_cei_ho_07_09_r6_cone
371     -34.67784     -97.61758    2206.48714      -0.00003       0.05947       0.01577 p3_bpx_cei_ip_07_09_r6_cone
372      41.46840      96.86312    2210.28065      -0.00003       0.06058       0.01577 p3_bpx_cei_ho_07_09_r6_flat
373      41.15021     -97.72707    2210.61903      -0.00003       0.06068       0.01577 p3_bpx_cei_ip_07_09_r6_flat
374      27.72578      96.96504    2249.92168      -0.00003       0.07080       0.01577 p3_bpx_cei_ho_07_09_r6_grove
375      27.39099     -97.66926    2250.24846      -0.00003       0.07088       0.01577 p3_bpx_cei_ip_07_09_r6_grove
376      39.92178      97.09244    2332.00416      -0.00002       0.08349       0.01577 p3_bpx_cei_ho_07_05_r6_cone
377      39.54048     -97.61505    2332.33613      -0.00002       0.08352       0.01577 p3_bpx_cei_ip_07_05_r6_cone
378     -34.90191      97.29672    2344.99368      -0.00002       0.08445       0.01577 p3_bpx_cei_ho_07_05_r6_grove
379     -35.28451     -97.48947    2345.28045      -0.00002       0.08447       0.01577 p3_bpx_cei_ip_07_05_r6_grove
380     -16.59703      97.30463    2382.75220      -0.00002       0.08561       0.01577 p3_bpx_cei_ho_07_05_r6_flat
381     -16.99733     -97.46896    2383.03757      -0.00002       0.08561       0.01577 p3_bpx_cei_ip_07_05_r6_flat
382     -80.45193       4.12109     739.80000       0.00000       0.00000       0.00000 p4_cei_07_par_1
383     -83.52236       8.84366    2041.34000      26.08587       0.00000       0.00000 p4_cei_07_par_2
384      20.12356      -3.52041    2382.00000    3977.27899       1.17339      -0.00015 p4_cei_07_par_3
385      -0.32315       0.00988      -0.02251      -0.00660      -0.15513      -0.01220 p4_cei_07
386     -14.93370      -0.00158      66.06923       0.01720       0.55818    3141.58050 p4_irm_cei_07_s1_fixed
387      15.04243      -0.00154    2291.88633       0.00889      -0.18681      -0.01220 p4_irm_cei_07_s2_fixed
388      15.06630      -0.00121      66.08597       0.01720       0.55818    3141.58050 p4_irm_cei_07_l1_fixed
389     -14.95757      -0.00190    2291.89193       0.00889      -0.18681      -0.01220 p4_irm_cei_07_l2_fixed
390     -15.13710       0.00415     477.97315       0.00838       0.38598      -0.01220 p4_irl_cei_07_s1
391      14.95863      -0.00395    1879.98299       0.00161      -0.22320      -0.01220 p4_irl_cei_07_s2
392      14.78400       0.00329     950.48019      -0.01260      -0.05376      -0.01220 p4_irl_cei_07_l1
393     -15.14646      -0.00265    1407.48652      -0.00850      -0.20598      -0.01220 p4_irl_cei_07_l2
394     -15.21647       0.00304     941.18165      -0.01239      -0.04705      -0.01220 p4_irc_cei_07_s1
395      14.85546      -0.00237    1416.78038      -0.00831      -0.20722      -0.01220 p4_irc_cei_07_s2
396      14.85163      -0.00221    1398.18031      -0.00869      -0.20470      -0.01220 p4_irc_cei_07_l1
397     -15.21547       0.00280     959.78194      -0.01279      -0.06030      -0.01220 p4_irc_cei_07_l2
398       0.10334      -0.00254      -0.02257       0.01737       0.56153      -0.01220 p4_irt_cei_07_r1
399      -0.10356       0.00354     396.97864       0.01117       0.44044      -0.01220 p4_irt_cei_07_r2
400      -0.21441       0.00470     793.98026      -0.00706       0.08236      -0.01220 p4_irt_cei_07_r3
401      -0.18716      -0.00016    1190.98222      -0.01285      -0.16669      -0.01220 p4_irt_cei_07_r4
402      -0.10748      -0.00367    1587.98450      -0.00474      -0.22365      -0.01220 p4_irt_cei_07_r5
403      -0.01836      -0.00384    1984.98703       0.00397      -0.21426      -0.01220 p4_irt_cei_07_r6
404       0.05917      -0.00090    2381.98976       0.00916      -0.18525      -0.01220 p4_irt_cei_07_r7
405     -36.78384      97.26907      14.53337       0.01736       0.56137      -0.01220 p4_bpx_cei_ho_07_09_r1_cone
406     -37.03883     -97.66493      14.66702       0.01736       0.56137      -0.01220 p4_bpx_cei_ip_07_09_r1_cone
407      39.12330      97.14583      16.67009       0.01736       0.56132      -0.01220 p4_bpx_cei_ho_07_09_r1_flat
408      38.87068     -97.75797      16.83843       0.01736       0.56132      -0.01220 p4_bpx_cei_ip_07_09_r1_flat
409      26.41489      97.09657      56.65463       0.01725       0.55907      -0.01220 p4_bpx_cei_ho_07_09_r1_grove
410      26.14288     -97.73543      56.81113       0.01725       0.55905      -0.01220 p4_bpx_cei_ip_07_09_r1_grove
411      23.96701      97.04538      88.54819       0.01706       0.55551      -0.01220 p4_bpx_cei_ho_07_05_r1_cone
412      23.68370     -97.72432      88.70535       0.01706       0.55549      -0.01220 p4_bpx_cei_ip_07_05_r1_cone
413     -50.49659      97.17233     103.45939       0.01695       0.55330      -0.01220 p4_bpx_cei_ho_07_05_r1_grove
414     -50.78778     -97.64277     103.58653       0.01695       0.55328      -0.01220 p4_bpx_cei_ip_07_05_r1_grove
415     -31.22688      97.05759     140.72042       0.01659       0.54631      -0.01220 p4_bpx_cei_ho_07_05_r1_flat
416     -31.52977     -97.64671     140.85289       0.01659       0.54628      -0.01220 p4_bpx_cei_ip_07_05_r1_flat
417      52.59479      51.30397     193.17597       0.01590       0.53286      -0.01220 p4_srg_cei_07_r1_45deg
418     -51.83575      52.06479     193.15721       0.01590       0.53285      -0.01220 p4_srg_cei_07_r1_135deg
419       0.55218      73.23333     193.21769       0.01590       0.53284      -0.01220 p4_srg_cei_07_r1_90deg
420      52.18550     -52.23724     193.28440       0.01590       0.53283      -0.01220 p4_srg_cei_07_r1_315deg
421     -55.47115       0.00005     193.23451       0.01590       0.53283      -0.01220 p4_srg_cei_07_r1_rear
422      55.45315       0.00140     193.30751       0.01590       0.53282      -0.01220 p4_srg_cei_07_r1_front
423      -0.02496     -73.87637     193.30002       0.01590       0.53282      -0.01220 p4_srg_cei_07_r1_270deg
424     -52.22005     -52.26741     193.29927       0.01590       0.53281      -0.01220 p4_srg_cei_07_r1_225deg
425      50.48009     209.67659     248.08187       0.01495       0.51425      -0.01220 p4_baz_cei_07_06_05_r1_cone
426     -25.45702     209.86357     248.82633       0.01494       0.51395      -0.01220 p4_baz_cei_07_06_05_r1_grove
427     -13.47416     209.82420     289.03483       0.01408       0.49733      -0.01220 p4_baz_cei_07_06_05_r1_flat
428     -38.01651      97.11719     324.65347       0.01322       0.48053      -0.01220 p4_bpx_cei_ho_07_09_r2_cone
429     -38.33225     -97.59271     324.68699       0.01322       0.48051      -0.01220 p4_bpx_cei_ip_07_09_r2_cone
430      37.88538      96.99135     327.43991       0.01315       0.47915      -0.01220 p4_bpx_cei_ho_07_09_r2_flat
431      37.56445     -97.69915     327.44581       0.01315       0.47915      -0.01220 p4_bpx_cei_ip_07_09_r2_flat
432      24.82059      96.97430     367.30797       0.01206       0.45787      -0.01220 p4_bpx_cei_ho_07_09_r2_grove
433      24.52286     -97.72241     367.31688       0.01206       0.45786      -0.01220 p4_bpx_cei_ip_07_09_r2_grove
434      28.31401      96.94004     401.87492       0.01102       0.43744      -0.01220 p4_bpx_cei_ho_07_05_r2_cone
435      28.02959     -97.77446     401.88054       0.01102       0.43743      -0.01220 p4_bpx_cei_ip_07_05_r2_cone
436     -46.26250      97.05809     416.16891       0.01056       0.42843      -0.01220 p4_bpx_cei_ho_07_05_r2_grove
437     -46.54423     -97.68572     416.19855       0.01056       0.42841      -0.01220 p4_bpx_cei_ip_07_05_r2_grove
438     -27.31726      96.95649     453.58038       0.00928       0.40343      -0.01220 p4_bpx_cei_ho_07_05_r2_flat
439     -27.57989     -97.73452     453.60178       0.00928       0.40342      -0.01220 p4_bpx_cei_ip_07_05_r2_flat
440      55.50118      -0.08019     478.07131       0.00838       0.38593      -0.01220 p4_irl_cei_07_r1_front
441     -36.31971     209.91929     548.60861       0.00553       0.33026      -0.01220 p4_baz_cei_07_08_09_r1_cone
442      37.85343     209.70088     564.93389       0.00481       0.31631      -0.01220 p4_baz_cei_07_08_09_r1_flat
443      17.87126     209.76928     601.81898       0.00312       0.28323      -0.01220 p4_baz_cei_07_08_09_r1_grove
444      -7.89903     -36.10342     719.96466      -0.00302       0.16324      -0.01220 p4_slm_cei_07_surf_r1
445     -37.59722     -97.49259     811.67396      -0.00790       0.06449      -0.01220 p4_bpx_cei_ip_07_09_r3_cone
446     -37.33051      97.20031     811.97943      -0.00792       0.06419      -0.01220 p4_bpx_cei_ho_07_09_r3_cone
447      38.25596     -97.61559     815.27231      -0.00807       0.06094      -0.01220 p4_bpx_cei_ip_07_09_r3_flat
448      38.53187      97.07681     815.54389      -0.00808       0.06067      -0.01220 p4_bpx_cei_ho_07_09_r3_flat
449      24.78129     -97.66911     854.99727      -0.00972       0.02341      -0.01220 p4_bpx_cei_ip_07_09_r3_grove
450      25.07101      97.05939     855.27337      -0.00974       0.02317      -0.01220 p4_bpx_cei_ho_07_09_r3_grove
451      27.57613     -97.75346     891.77850      -0.01102      -0.00849      -0.01220 p4_bpx_cei_ip_07_05_r3_cone
452      27.87885      97.02044     892.05544      -0.01103      -0.00872      -0.01220 p4_bpx_cei_ho_07_05_r3_cone
453     -47.14949     -97.65222     905.26607      -0.01143      -0.01951      -0.01220 p4_bpx_cei_ip_07_05_r3_grove
454     -46.84566      97.15948     905.58071      -0.01144      -0.01976      -0.01220 p4_bpx_cei_ho_07_05_r3_grove
455     -28.59960     -97.74425     942.88551      -0.01243      -0.04830      -0.01220 p4_bpx_cei_ip_07_05_r3_flat
456     -28.27496      97.07495     943.18683      -0.01243      -0.04851      -0.01220 p4_bpx_cei_ho_07_05_r3_flat
457      55.43200      -0.05092     950.58950      -0.01260      -0.05384      -0.01220 p4_irc_cei_07_r1_front
458      55.47856       0.04108    1178.98364      -0.01308      -0.16382      -0.01220 p4_mid_cei_07_front
459     -36.84326     -97.55362    1240.97335      -0.01187      -0.17751      -0.01220 p4_bpx_cei_ip_07_09_r4_cone
460     -36.53260      97.23078    1241.16920      -0.01186      -0.17755      -0.01220 p4_bpx_cei_ho_07_09_r4_cone
461      38.98449     -97.66005    1245.15078      -0.01178      -0.17837      -0.01220 p4_bpx_cei_ip_07_09_r4_flat
462      39.28954      97.06896    1245.30132      -0.01178      -0.17840      -0.01220 p4_bpx_cei_ho_07_09_r4_flat
463      25.20141     -97.68217    1284.77264      -0.01099      -0.18613      -0.01220 p4_bpx_cei_ip_07_09_r4_grove
464      25.52696      97.03644    1284.93652      -0.01099      -0.18616      -0.01220 p4_bpx_cei_ho_07_09_r4_grove
465      40.58942     -97.76164    1319.17598      -0.01030      -0.19234      -0.01220 p4_bpx_cei_ip_07_05_r4_cone
466      40.92968      96.97106    1319.32932      -0.01030      -0.19236      -0.01220 p4_bpx_cei_ho_07_05_r4_cone
467     -34.24428     -97.66149    1332.08315      -0.01004      -0.19453      -0.01220 p4_bpx_cei_ip_07_05_r4_grove
468     -33.89242      97.10881    1332.27664      -0.01003      -0.19456      -0.01220 p4_bpx_cei_ho_07_05_r4_grove
469     -15.96692     -97.72953    1369.85308      -0.00927      -0.20057      -0.01220 p4_bpx_cei_ip_07_05_r4_flat
470     -15.59806      97.01047    1370.04181      -0.00927      -0.20059      -0.01220 p4_bpx_cei_ho_07_05_r4_flat
471      55.33794      -0.00409    1407.47090      -0.00850      -0.20598      -0.01220 p4_irc_cei_07_r2_front
472     -28.18533     172.52203    1465.36221      -0.00731      -0.21314      -0.01220 p4_baz_cei_07_08_06_r2_grove
473      42.18260     172.31409    1493.90205      -0.00672      -0.21615      -0.01220 p4_baz_cei_07_08_06_r2_cone
474     -32.60824     172.50169    1507.08689      -0.00644      -0.21743      -0.01220 p4_baz_cei_07_08_06_r2_flat
475     -27.29864     -97.56360    1665.81195      -0.00308      -0.22704      -0.01220 p4_bpx_cei_ip_07_09_r5_cone
476     -26.95321      97.19330    1666.23798      -0.00307      -0.22705      -0.01220 p4_bpx_cei_ho_07_09_r5_cone
477      48.53441     -97.68059    1669.95267      -0.00299      -0.22715      -0.01220 p4_bpx_cei_ip_07_09_r5_flat
478      48.89042      96.99381    1670.35317      -0.00298      -0.22716      -0.01220 p4_bpx_cei_ho_07_09_r5_flat
479      34.76473     -97.71116    1709.58280      -0.00213      -0.22783      -0.01220 p4_bpx_cei_ip_07_09_r5_grove
480      35.13244      96.97494    1709.98644      -0.00213      -0.22783      -0.01220 p4_bpx_cei_ho_07_09_r5_grove
481      46.80221     -97.80689    1758.66828      -0.00107      -0.22775      -0.01220 p4_bpx_cei_ip_07_05_r5_cone
482      47.17943      96.89821    1759.07010      -0.00106      -0.22774      -0.01220 p4_bpx_cei_ho_07_05_r5_cone
483     -28.02615     -97.70782    1771.59913      -0.00078      -0.22756      -0.01220 p4_bpx_cei_ip_07_05_r5_grove
484     -27.64453      97.06849    1772.02929      -0.00077      -0.22755      -0.01220 p4_bpx_cei_ho_07_05_r5_grove
485      -9.74457     -97.78071    1809.35478       0.00004      -0.22660      -0.01220 p4_bpx_cei_ip_07_05_r5_flat
486      -9.35555      96.96590    1809.78259       0.00005      -0.22659      -0.01220 p4_bpx_cei_ho_07_05_r5_flat
487      55.43679      -0.12156    1880.23346       0.00162      -0.22318      -0.01220 p4_irl_cei_07_r2_front
488     -13.37633     -41.42365    2020.90148       0.00479      -0.21014      -0.01220 p4_gim_cei_07_surf_r1
489     -52.10518      51.88763    2115.83052       0.00678      -0.19887      -0.01220 p4_srg_cei_07_r2_135deg
490       0.18526      73.16187    2115.82068       0.00678      -0.19887      -0.01220 p4_srg_cei_07_r2_90deg
491      55.46516      -0.00245    2115.81138       0.00678      -0.19887      -0.01220 p4_srg_cei_07_r2_front
492      52.28063      51.47231    2115.83277       0.00678      -0.19886      -0.01220 p4_srg_cei_07_r2_45deg
493     -55.66933      -0.12521    2115.87058       0.00678      -0.19886      -0.01220 p4_srg_cei_07_r2_rear
494      52.14121     -52.23659    2115.88850       0.00678      -0.19886      -0.01220 p4_srg_cei_07_r2_315deg
495     -52.26919     -52.33857    2115.91776       0.00678      -0.19886      -0.01220 p4_srg_cei_07_r2_225deg
496      -0.06892     -73.86063    2115.93493       0.00678      -0.19886      -0.01220 p4_srg_cei_07_r2_270deg
497     -34.34962      97.07153    2206.21121       0.00812      -0.19119      -0.01220 p4_bpx_cei_ho_07_09_r6_cone
498     -34.68170     -97.61127    2206.46806       0.00812      -0.19117      -0.01220 p4_bpx_cei_ip_07_09_r6_cone
499      41.48296      96.86229    2210.29985       0.00817      -0.19092      -0.01220 p4_bpx_cei_ho_07_09_r6_flat
500      41.14559     -97.72951    2210.60541       0.00817      -0.19090      -0.01220 p4_bpx_cei_ip_07_09_r6_flat
501      27.73608      96.96495    2249.93978       0.00857      -0.18860      -0.01220 p4_bpx_cei_ho_07_09_r6_grove
502      27.38491     -97.66625    2250.23622       0.00857      -0.18859      -0.01220 p4_bpx_cei_ip_07_09_r6_grove
503      39.92952      97.09393    2332.02182       0.00907      -0.18573      -0.01220 p4_bpx_cei_ho_07_05_r6_cone
504      39.52796     -97.61348    2332.32427       0.00908      -0.18573      -0.01220 p4_bpx_cei_ip_07_05_r6_cone
505     -34.89527      97.30553    2345.00660       0.00911      -0.18551      -0.01220 p4_bpx_cei_ho_07_05_r6_grove
506     -35.29515     -97.47967    2345.26285       0.00911      -0.18551      -0.01220 p4_bpx_cei_ip_07_05_r6_grove
507     -16.59287      97.31220    2382.76766       0.00916      -0.18525      -0.01220 p4_bpx_cei_ho_07_05_r6_flat
508     -17.01085     -97.45850    2383.01753       0.00916      -0.18525      -0.01220 p4_bpx_cei_ip_07_05_r6_flat
509     -15.00000       0.00000      66.10000       0.00000      -0.00000       1.59270 p1_irm_cei_07_s1
510      15.00000       0.00000      66.10000       0.00000      -0.00000       1.59270 p1_irm_cei_07_l1
511      15.00000       0.00000    2291.90000       0.00000      -0.00000   -3140.00000 p1_irm_cei_07_s2
512     -15.00000       0.00000    2291.90000       0.00000      -0.00000   -3140.00000 p1_irm_cei_07_l2
513     -15.08064       0.00242      66.13947      -0.00152      -0.66438       1.60263 p2_irm_cei_07_s1
514      14.91937       0.00212      66.11954      -0.00152      -0.66438       1.60263 p2_irm_cei_07_l1
515      14.95280       0.00055    2291.94398      -0.00178       0.23616   -3139.99007 p2_irm_cei_07_s2
516     -15.04720       0.00085    2291.93690      -0.00178       0.23616   -3139.99007 p2_irm_cei_07_l2
517     -14.98658       0.00164      66.08859      -0.00153       0.09396       1.60847 p3_irm_cei_07_s1
518      15.01342       0.00116      66.09141      -0.00153       0.09396       1.60847 p3_irm_cei_07_l1
519      14.98741       0.00084    2291.90441      -0.00002       0.07872   -3139.98423 p3_irm_cei_07_s2
520     -15.01259       0.00131    2291.90204      -0.00002       0.07872   -3139.98423 p3_irm_cei_07_l2
521     -14.93370      -0.00158      66.06923       0.01720       0.55818       1.58050 p4_irm_cei_07_s1
522      15.06630      -0.00121      66.08597       0.01720       0.55818       1.58050 p4_irm_cei_07_l1
523      15.04243      -0.00154    2291.88633       0.00889      -0.18681   -3140.01220 p4_irm_cei_07_s2
524     -14.95757      -0.00190    2291.89193       0.00889      -0.18681   -3140.01220 p4_irm_cei_07_l2
