   1       0.00000       0.00000     739.80000       0.00000       0.00000       0.00000 p1_aei_01_par_1
   2       0.00000       0.00000    2041.34000      26.08587       0.00000       0.00000 p1_aei_01_par_2
   3       0.00000       0.00000    2382.00000       0.00000       0.00000       0.00000 p1_aei_01_par_3
   4       0.00000       0.00000       0.00000       0.00000       0.00000       0.00000 p1_aei_01
   5     -15.00000       0.00000      66.10000       0.00000      -0.00000   -3141.59261 p1_irm_aei_01_s1_fixed
   6      15.00000       0.00000    2291.90000       0.00000      -0.00000       0.00000 p1_irm_aei_01_s2_fixed
   7      15.00000       0.00000      66.10000       0.00000      -0.00000   -3141.59261 p1_irm_aei_01_l1_fixed
   8     -15.00000       0.00000    2291.90000       0.00000      -0.00000       0.00000 p1_irm_aei_01_l2_fixed
   9     -15.00000       0.00000     478.00000       0.00000      -0.00000       0.00000 p1_irl_aei_01_s1
  10      15.00000       0.00000    1880.00000       0.00000      -0.00000       0.00000 p1_irl_aei_01_s2
  11      15.00000       0.00000     950.50000       0.00000      -0.00000       0.00000 p1_irl_aei_01_l1
  12     -15.00000       0.00000    1407.50000       0.00000      -0.00000       0.00000 p1_irl_aei_01_l2
  13     -15.00000       0.00000     941.20000       0.00000      -0.00000       0.00000 p1_irc_aei_01_s1
  14      15.00000       0.00000    1416.80000       0.00000      -0.00000       0.00000 p1_irc_aei_01_s2
  15      15.00000       0.00000    1398.20000       0.00000      -0.00000       0.00000 p1_irc_aei_01_l1
  16     -15.00000       0.00000     959.80000       0.00000      -0.00000       0.00000 p1_irc_aei_01_l2
  17       0.00000       0.00000       0.00000       0.00000      -0.00000       0.00000 p1_irt_aei_01_r1
  18       0.00000       0.00000     397.00000       0.00000      -0.00000       0.00000 p1_irt_aei_01_r2
  19       0.00000       0.00000     794.00000       0.00000      -0.00000       0.00000 p1_irt_aei_01_r3
  20       0.00000       0.00000    1191.00000       0.00000      -0.00000       0.00000 p1_irt_aei_01_r4
  21       0.00000       0.00000    1588.00000       0.00000      -0.00000       0.00000 p1_irt_aei_01_r5
  22       0.00000       0.00000    1985.00000       0.00000      -0.00000       0.00000 p1_irt_aei_01_r6
  23       0.00000       0.00000    2382.00000       0.00000      -0.00000       0.00000 p1_irt_aei_01_r7
  24     -36.80810      97.72940      14.16720       0.00000      -0.00000       0.00000 p1_bpx_aei_ip_01_03_r1_cone
  25     -36.93680     -97.11860      14.55620       0.00000      -0.00000       0.00000 p1_bpx_aei_ho_01_03_r1_cone
  26      39.10000      97.68750      16.35510       0.00000      -0.00000       0.00000 p1_bpx_aei_ip_01_03_r1_flat
  27      38.97590     -97.15830      16.74910       0.00000      -0.00000       0.00000 p1_bpx_aei_ho_01_03_r1_flat
  28      26.36360      97.64920      56.32490       0.00000      -0.00000       0.00000 p1_bpx_aei_ip_01_03_r1_grove
  29      26.24110     -97.10280      56.71940       0.00000      -0.00000       0.00000 p1_bpx_aei_ho_01_03_r1_grove
  30      23.89030      97.62220      88.21490       0.00000      -0.00000       0.00000 p1_bpx_aei_ip_01_15_r1_cone
  31      23.77360     -97.05400      88.61280       0.00000      -0.00000       0.00000 p1_bpx_aei_ho_01_15_r1_cone
  32     -50.57980      97.66660     103.08120       0.00000      -0.00000       0.00000 p1_bpx_aei_ip_01_15_r1_grove
  33     -50.70440     -97.01070     103.47380       0.00000      -0.00000       0.00000 p1_bpx_aei_ho_01_15_r1_grove
  34     -31.34390      97.62470     140.32960       0.00000      -0.00000       0.00000 p1_bpx_aei_ip_01_15_r1_flat
  35     -31.45360     -96.95900     140.74960       0.00000      -0.00000       0.00000 p1_bpx_aei_ho_01_15_r1_flat
  36     -52.20330      52.25710     193.14440       0.00000      -0.00000       0.00000 p1_srg_aei_01_r1_135deg
  37     -55.47490       0.00000     193.14980       0.00000      -0.00000       0.00000 p1_srg_aei_01_r1_rear
  38       0.02450      73.86590     193.18970       0.00000      -0.00000       0.00000 p1_srg_aei_01_r1_90deg
  39      52.19730      52.26030     193.29120       0.00000      -0.00000       0.00000 p1_srg_aei_01_r1_45deg
  40     -52.14590     -51.85170     193.29940       0.00000      -0.00000       0.00000 p1_srg_aei_01_r1_225deg
  41      55.45650       0.00000     193.30000       0.00000      -0.00000       0.00000 p1_srg_aei_01_r1_front
  42       0.13770     -73.34060     193.33620       0.00000      -0.00000       0.00000 p1_srg_aei_01_r1_270deg
  43      52.34610     -51.62970     193.40150       0.00000      -0.00000       0.00000 p1_srg_aei_01_r1_315deg
  44      50.03270    -209.79170     248.43060       0.00000      -0.00000       0.00000 p1_baz_aei_01_16_r1_cone
  44      50.03270    -209.79170     248.43060       0.00000      -0.00000       0.00000 p1_baz_aei_01_15_r1_cone
  45     -25.90700    -209.83070     249.10550       0.00000      -0.00000       0.00000  p1_baz_aei_01_16_r1_grove
  45     -25.90700    -209.83070     249.10550       0.00000      -0.00000       0.00000  p1_baz_aei_01_15_r1_grove
  46     -13.95530    -209.79740     289.32050       0.00000      -0.00000       0.00000 p1_baz_aei_01_16_r1_flat
  46     -13.95530    -209.79740     289.32050       0.00000      -0.00000       0.00000 p1_baz_aei_01_15_r1_flat
  47     -38.15890      97.58470     324.45240       0.00000      -0.00000       0.00000 p1_bpx_aei_ip_01_03_r2_cone
  48     -38.28160     -97.12160     324.64870       0.00000      -0.00000       0.00000 p1_bpx_aei_ho_01_03_r2_cone
  49      37.73590      97.55290     327.21520       0.00000      -0.00000       0.00000 p1_bpx_aei_ip_01_03_r2_flat
  50      37.61470     -97.15300     327.41890       0.00000      -0.00000       0.00000 p1_bpx_aei_ho_01_03_r2_flat
  51      24.68770      97.61190     367.09060       0.00000      -0.00000       0.00000 p1_bpx_aei_ip_01_03_r2_grove
  52      24.56610     -97.07040     367.28920       0.00000      -0.00000       0.00000 p1_bpx_aei_ho_01_03_r2_grove
  53      28.18890      97.66810     401.65210       0.00000      -0.00000       0.00000 p1_bpx_aei_ip_01_15_r2_cone
  54      28.06690     -97.01550     401.85110       0.00000      -0.00000       0.00000 p1_bpx_aei_ho_01_15_r2_cone
  55     -46.38810      97.72870     415.95010       0.00000      -0.00000       0.00000 p1_bpx_aei_ip_01_15_r2_grove
  56     -46.51630     -96.95960     416.15800       0.00000      -0.00000       0.00000 p1_bpx_aei_ho_01_15_r2_grove
  57     -27.42540      97.76040     453.36520       0.00000      -0.00000       0.00000 p1_bpx_aei_ip_01_15_r2_flat
  58     -27.55500     -96.87310     453.55930       0.00000      -0.00000       0.00000 p1_bpx_aei_ho_01_15_r2_flat
  59      55.49110       0.11720     477.92920       0.00000      -0.00000       0.00000 p1_irl_aei_01_r1_front
  60     -36.87080    -209.77280     548.92410       0.00000      -0.00000       0.00000 p1_baz_aei_01_02_r1_cone
  60     -36.87080    -209.77280     548.92410       0.00000      -0.00000       0.00000 p1_baz_aei_01_03_r1_cone
  61      37.29690    -209.73010     565.27000       0.00000      -0.00000       0.00000 p1_baz_aei_01_02_r1_flat
  61      37.29690    -209.73010     565.27000       0.00000      -0.00000       0.00000 p1_baz_aei_01_03_r1_flat
  62      17.30580    -209.73490     602.15190       0.00000      -0.00000       0.00000  p1_baz_aei_01_02_r1_grove
  62      17.30580    -209.73490     602.15190       0.00000      -0.00000       0.00000  p1_baz_aei_01_03_r1_grove
  63      -5.90570      42.29410     719.61800       0.00000      -0.00000       0.00000 p1_slm_aei_01_surf_r1
  64     -37.41410      97.64710     811.70260       0.00000      -0.00000       0.00000 p1_bpx_aei_ip_01_03_r3_cone
  65     -37.41730     -97.12740     811.99680       0.00000      -0.00000       0.00000 p1_bpx_aei_ho_01_03_r3_cone
  66      38.44700      97.64240     815.29440       0.00000      -0.00000       0.00000 p1_bpx_aei_ip_01_03_r3_flat
  67      38.44350     -97.12060     815.62690       0.00000      -0.00000       0.00000 p1_bpx_aei_ho_01_03_r3_flat
  68      24.96630      97.66190     855.02620       0.00000      -0.00000       0.00000 p1_bpx_aei_ip_01_03_r3_grove
  69      24.94910     -97.07210     855.34870       0.00000      -0.00000       0.00000 p1_bpx_aei_ho_01_03_r3_grove
  70      27.75780      97.69600     891.80660       0.00000      -0.00000       0.00000 p1_bpx_aei_ip_01_15_r3_cone
  71      27.72260     -97.03610     892.13190       0.00000      -0.00000       0.00000 p1_bpx_aei_ho_01_15_r3_cone
  72     -46.97570      97.73220     905.29520       0.00000      -0.00000       0.00000 p1_bpx_aei_ip_01_15_r3_grove
  73     -47.01960     -97.01670     905.58400       0.00000      -0.00000       0.00000 p1_bpx_aei_ho_01_15_r3_grove
  74     -28.42490      97.74710     942.90940       0.00000      -0.00000       0.00000 p1_bpx_aei_ip_01_15_r3_flat
  75     -28.48310     -96.96490     943.21160       0.00000      -0.00000       0.00000 p1_bpx_aei_ho_01_15_r3_flat
  76      55.36260       0.03580     950.14860       0.00000      -0.00000       0.00000 p1_irc_aei_01_r1_front
  77      55.42090       0.04110    1178.59020       0.00000      -0.00000       0.00000 p1_mid_aei_01_front
  78     -36.47370      97.75700    1240.98140       0.00000      -0.00000       0.00000 p1_bpx_aei_ip_01_03_r4_cone
  79     -36.80790     -97.02610    1241.16740       0.00000      -0.00000       0.00000 p1_bpx_aei_ho_01_03_r4_cone
  80      39.35680      97.54680    1245.08170       0.00000      -0.00000       0.00000 p1_bpx_aei_ip_01_03_r4_flat
  81      39.02050     -97.01360    1245.32580       0.00000      -0.00000       0.00000 p1_bpx_aei_ho_01_03_r4_flat
  82      25.60340      97.59090    1284.72330       0.00000      -0.00000       0.00000 p1_bpx_aei_ip_01_03_r4_grove
  83      25.24990     -96.95470    1284.95310       0.00000      -0.00000       0.00000 p1_bpx_aei_ho_01_03_r4_grove
  84      41.02950      97.56130    1319.11590       0.00000      -0.00000       0.00000 p1_bpx_aei_ip_01_15_r4_cone
  85      40.64750     -96.90890    1319.35010       0.00000      -0.00000       0.00000 p1_bpx_aei_ho_01_15_r4_cone
  86     -33.79310      97.78650    1332.09320       0.00000      -0.00000       0.00000 p1_bpx_aei_ip_01_15_r4_grove
  87     -34.18130     -96.86980    1332.27600       0.00000      -0.00000       0.00000 p1_bpx_aei_ho_01_15_r4_grove
  88     -15.48420      97.73170    1369.85220       0.00000      -0.00000       0.00000 p1_bpx_aei_ip_01_15_r4_flat
  89     -15.89290     -96.79620    1370.04510       0.00000      -0.00000       0.00000 p1_bpx_aei_ho_01_15_r4_flat
  90      55.34070       0.04220    1407.51510       0.00000      -0.00000       0.00000 p1_irc_aei_01_r2_front
  91     -28.77890    -172.35290    1465.26890       0.00000      -0.00000       0.00000  p1_baz_aei_01_02_r2_grove
  91     -28.77890    -172.35290    1465.26890       0.00000      -0.00000       0.00000  p1_baz_aei_01_16_r2_grove
  92      41.59800    -172.40680    1493.84700       0.00000      -0.00000       0.00000 p1_baz_aei_01_02_r2_cone
  92      41.59800    -172.40680    1493.84700       0.00000      -0.00000       0.00000 p1_baz_aei_01_16_r2_cone
  93     -33.19990    -172.43360    1506.99510       0.00000      -0.00000       0.00000 p1_baz_aei_01_02_r2_flat
  93     -33.19990    -172.43360    1506.99510       0.00000      -0.00000       0.00000 p1_baz_aei_01_16_r2_flat
  94     -27.00070      97.63880    1665.88400       0.00000      -0.00000       0.00000 p1_bpx_aei_ip_01_03_r5_cone
  95     -27.30130     -97.08220    1666.27080       0.00000      -0.00000       0.00000 p1_bpx_aei_ho_01_03_r5_cone
  96      48.83700      97.44830    1669.99880       0.00000      -0.00000       0.00000 p1_bpx_aei_ip_01_03_r5_flat
  97      48.54010     -97.06010    1670.41250       0.00000      -0.00000       0.00000 p1_bpx_aei_ho_01_03_r5_flat
  98      35.07750      97.51850    1709.63410       0.00000      -0.00000       0.00000 p1_bpx_aei_ip_01_03_r5_grove
  99      34.77160     -97.05070    1710.03940       0.00000      -0.00000       0.00000 p1_bpx_aei_ho_01_03_r5_grove
 100      47.12950      97.56110    1758.71720       0.00000      -0.00000       0.00000 p1_bpx_aei_ip_01_15_r5_cone
 101      46.81230     -97.03820    1759.12410       0.00000      -0.00000       0.00000 p1_bpx_aei_ho_01_15_r5_cone
 102     -27.69550      97.76270    1771.67410       0.00000      -0.00000       0.00000 p1_bpx_aei_ip_01_15_r5_grove
 103     -28.01820     -97.01090    1772.05990       0.00000      -0.00000       0.00000 p1_bpx_aei_ho_01_15_r5_grove
 104      -9.40440      97.76700    1809.43230       0.00000      -0.00000       0.00000 p1_bpx_aei_ip_01_15_r5_flat
 105      -9.74610     -96.99020    1809.81440       0.00000      -0.00000       0.00000 p1_bpx_aei_ho_01_15_r5_flat
 106      55.38320      -0.02750    1879.98690       0.00000      -0.00000       0.00000 p1_irl_aei_01_r2_front
 107     -13.36700      41.42160    2020.47180       0.00000      -0.00000       0.00000 p1_gim_aei_01_surf_r1
 108     -55.68200       0.14700    2115.74870       0.00000      -0.00000       0.00000 p1_srg_aei_01_r2_rear
 109     -52.19780      52.42310    2115.75250       0.00000      -0.00000       0.00000 p1_srg_aei_01_r2_135deg
 110      -0.01800      73.84530    2115.75640       0.00000      -0.00000       0.00000 p1_srg_aei_01_r2_90deg
 111      55.45650       0.00000    2115.75690       0.00000      -0.00000       0.00000 p1_srg_aei_01_r2_front
 112      -0.44770     -73.33670    2115.77110       0.00000      -0.00000       0.00000 p1_srg_aei_01_r2_270deg
 113      52.20110      52.22170    2115.78340       0.00000      -0.00000       0.00000 p1_srg_aei_01_r2_45deg
 114      51.86150     -52.02620    2115.78590       0.00000      -0.00000       0.00000 p1_srg_aei_01_r2_315deg
 115     -52.52410     -51.56870    2115.81170       0.00000      -0.00000       0.00000 p1_srg_aei_01_r2_225deg
 116     -34.41820      97.59600    2206.41240       0.00000      -0.00000       0.00000 p1_bpx_aei_ip_01_03_r6_cone
 117     -34.39830     -97.15580    2206.72670       0.00000      -0.00000       0.00000 p1_bpx_aei_ho_01_03_r6_cone
 118      41.41080      97.56060    2210.54200       0.00000      -0.00000       0.00000 p1_bpx_aei_ip_01_03_r6_flat
 119      41.38120     -97.07410    2210.85150       0.00000      -0.00000       0.00000 p1_bpx_aei_ho_01_03_r6_flat
 120      27.64090      97.55330    2250.17510       0.00000      -0.00000       0.00000 p1_bpx_aei_ip_01_03_r6_grove
 121      27.61370     -97.13170    2250.48340       0.00000      -0.00000       0.00000 p1_bpx_aei_ho_01_03_r6_grove
 122      39.78790      97.52480    2332.26450       0.00000      -0.00000       0.00000 p1_bpx_aei_ip_01_15_r6_cone
 123      39.74610     -97.25140    2332.57400       0.00000      -0.00000       0.00000 p1_bpx_aei_ho_01_15_r6_cone
 124     -35.03690      97.56280    2345.20060       0.00000      -0.00000       0.00000 p1_bpx_aei_ip_01_15_r6_grove
 125     -35.08610     -97.29250    2345.50330       0.00000      -0.00000       0.00000 p1_bpx_aei_ho_01_15_r6_grove
 126     -16.75930      97.53400    2382.95340       0.00000      -0.00000       0.00000 p1_bpx_aei_ip_01_15_r6_flat
 127     -16.81030     -97.33020    2383.27460       0.00000      -0.00000       0.00000 p1_bpx_aei_ho_01_15_r6_flat
 128      98.30850       0.21157     739.80000       0.00000       0.00000       0.00000 p2_aei_01_par_1
 129     131.45300       2.63802    2041.34000      26.08587       0.00000       0.00000 p2_aei_01_par_2
 130      -6.43845       2.21188    2382.00000    -749.37744       0.15063       0.00042 p2_aei_01_par_3
 131       0.36856       0.00199       0.03286       0.00010       0.17428       0.00944 p2_aei_01
 132     -15.08359       0.00228      66.14271       0.00028      -0.66361   -3141.58317 p2_irm_aei_01_s1_fixed
 133      14.95335       0.00109    2291.93618      -0.00474       0.23459       0.00944 p2_irm_aei_01_s2_fixed
 134      14.91642       0.00200      66.12280       0.00028      -0.66361   -3141.58317 p2_irm_aei_01_l1_fixed
 135     -15.04665       0.00138    2291.92915      -0.00474       0.23459       0.00944 p2_irm_aei_01_l2_fixed
 136     -14.84265       0.00233     478.03932      -0.00017      -0.45320       0.00944 p2_irl_aei_01_s1
 137      15.05211       0.00228    1880.03567      -0.00047       0.24500       0.00944 p2_irl_aei_01_s2
 138      15.24548       0.00172     950.53330      -0.00091       0.07801       0.00944 p2_irl_aei_01_l1
 139     -14.83561       0.00211    1407.52854       0.00140       0.22176       0.00944 p2_irl_aei_01_l2
 140     -14.75383       0.00201     941.23108      -0.00092       0.07034       0.00944 p2_irc_aei_01_s1
 141      15.16233       0.00184    1416.83520       0.00142       0.22271       0.00944 p2_irc_aei_01_s2
 142      15.16645       0.00182    1398.23518       0.00138       0.22079       0.00944 p2_irc_aei_01_l1
 143     -14.75528       0.00200     959.83084      -0.00088       0.08544       0.00944 p2_irc_aei_01_l2
 144      -0.12763       0.00212       0.03277       0.00029      -0.66772       0.00944 p2_irt_aei_01_r1
 145       0.11787       0.00220     397.03258      -0.00003      -0.51974       0.00944 p2_irt_aei_01_r2
 146       0.24600       0.00202     794.03226      -0.00094      -0.08260       0.00944 p2_irt_aei_01_r3
 147       0.20960       0.00176    1191.03196       0.00030       0.19402       0.00944 p2_irt_aei_01_r4
 148       0.12291       0.00223    1588.03185       0.00137       0.23668       0.00944 p2_irt_aei_01_r5
 149       0.02645       0.00231    1985.03211      -0.00169       0.24322       0.00944 p2_irt_aei_01_r6
 150      -0.06775       0.00080    2382.03290      -0.00491       0.23409       0.00944 p2_irt_aei_01_r7
 151     -36.81029      97.73077      14.16814       0.00029      -0.66753       0.00944 p2_bpx_aei_ip_01_03_r1_cone
 152     -36.93917     -97.11783      14.55788       0.00029      -0.66752       0.00944 p2_bpx_aei_ho_01_03_r1_cone
 153      39.09711      97.68636      16.35297       0.00029      -0.66747       0.00944 p2_bpx_aei_ip_01_03_r1_flat
 154      38.97684     -97.15514      16.75150       0.00029      -0.66745       0.00944 p2_bpx_aei_ho_01_03_r1_flat
 155      26.36113      97.64949      56.32335       0.00028      -0.66474       0.00944 p2_bpx_aei_ip_01_03_r1_grove
 156      26.24146     -97.10191      56.71758       0.00028      -0.66470       0.00944 p2_bpx_aei_ho_01_03_r1_grove
 157      23.88917      97.61162      88.21360       0.00027      -0.66041       0.00944 p2_bpx_aei_ip_01_15_r1_cone
 158      23.77489     -97.05298      88.61243       0.00027      -0.66035       0.00944 p2_bpx_aei_ho_01_15_r1_cone
 159     -50.58057      97.66783     103.08275       0.00027      -0.65775       0.00944 p2_bpx_aei_ip_01_15_r1_grove
 160     -50.70435     -97.01147     103.47438       0.00027      -0.65768       0.00944 p2_bpx_aei_ho_01_15_r1_grove
 161     -31.34511      97.62536     140.33013       0.00025      -0.64924       0.00944 p2_bpx_aei_ip_01_15_r1_flat
 162     -31.45238     -96.96054     140.74985       0.00025      -0.64913       0.00944 p2_bpx_aei_ho_01_15_r1_flat
 163     -52.20388      52.25807     193.14422       0.00021      -0.63272       0.00944 p2_srg_aei_01_r1_135deg
 164     -55.47427       0.00270     193.15001       0.00021      -0.63271       0.00944 p2_srg_aei_01_r1_rear
 165       0.02508      73.86467     193.19027       0.00021      -0.63269       0.00944 p2_srg_aei_01_r1_90deg
 166     -52.14586     -51.84943     193.29991       0.00021      -0.63266       0.00944 p2_srg_aei_01_r1_225deg
 167      52.19727      52.26068     193.29077       0.00021      -0.63264       0.00944 p2_srg_aei_01_r1_45deg
 168      55.45568       0.00165     193.29762       0.00021      -0.63264       0.00944 p2_srg_aei_01_r1_front
 169       0.13599     -73.34253     193.33824       0.00021      -0.63263       0.00944 p2_srg_aei_01_r1_270deg
 170      52.34916     -51.63202     193.40440       0.00021      -0.63260       0.00944 p2_srg_aei_01_r1_315deg
 171      50.02978    -209.79069     248.43113       0.00016      -0.60977       0.00944 p2_baz_aei_01_16_r1_cone
 171      50.02978    -209.79069     248.43113       0.00016      -0.60977       0.00944 p2_baz_aei_01_15_r1_cone
 172     -25.90565    -209.82747     249.10452       0.00016      -0.60948       0.00944  p2_baz_aei_01_16_r1_grove
 172     -25.90565    -209.82747     249.10452       0.00016      -0.60948       0.00944  p2_baz_aei_01_15_r1_grove
 173     -13.95273    -209.79248     289.32023       0.00012      -0.58915       0.00944 p2_baz_aei_01_16_r1_flat
 173     -13.95273    -209.79248     289.32023       0.00012      -0.58915       0.00944 p2_baz_aei_01_15_r1_flat
 174     -38.15999      97.58275     324.45338       0.00008      -0.56891       0.00944 p2_bpx_aei_ip_01_03_r2_cone
 175     -38.27892     -97.11864     324.64956       0.00008      -0.56879       0.00944 p2_bpx_aei_ho_01_03_r2_cone
 176      37.73641      97.55444     327.21406       0.00007      -0.56720       0.00944 p2_bpx_aei_ip_01_03_r2_flat
 177      37.61729     -97.15326     327.41925       0.00007      -0.56707       0.00944 p2_bpx_aei_ho_01_03_r2_flat
 178      24.68951      97.61226     367.08960       0.00002      -0.54121       0.00944 p2_bpx_aei_ip_01_03_r2_grove
 179      24.56878     -97.07224     367.29077       0.00002      -0.54107       0.00944 p2_bpx_aei_ho_01_03_r2_grove
 180      28.19159      97.66903     401.65119      -0.00004      -0.51627       0.00944 p2_bpx_aei_ip_01_15_r2_cone
 181      28.07016     -97.01517     401.85215      -0.00004      -0.51612       0.00944 p2_bpx_aei_ho_01_15_r2_cone
 182     -46.38573      97.72953     415.94928      -0.00006      -0.50532       0.00944 p2_bpx_aei_ip_01_15_r2_grove
 183     -46.51346     -96.95827     416.15453      -0.00006      -0.50516       0.00944 p2_bpx_aei_ho_01_15_r2_grove
 184     -27.42478      97.76075     453.36704      -0.00013      -0.47478       0.00944 p2_bpx_aei_ip_01_15_r2_flat
 185     -27.55522     -96.87665     453.55838      -0.00013      -0.47461       0.00944 p2_bpx_aei_ho_01_15_r2_flat
 186      55.49093       0.11597     477.93144      -0.00017      -0.45327       0.00944 p2_irl_aei_01_r1_front
 187     -36.87017    -209.77098     548.92596      -0.00032      -0.38486       0.00944 p2_baz_aei_01_02_r1_cone
 187     -36.87017    -209.77098     548.92596      -0.00032      -0.38486       0.00944 p2_baz_aei_01_03_r1_cone
 188      37.29780    -209.73259     565.27044      -0.00036      -0.36774       0.00944 p2_baz_aei_01_02_r1_flat
 188      37.29780    -209.73259     565.27044      -0.00036      -0.36774       0.00944 p2_baz_aei_01_03_r1_flat
 189      17.30652    -209.73571     602.15273      -0.00044      -0.32732       0.00944  p2_baz_aei_01_02_r1_grove
 189      17.30652    -209.73571     602.15273      -0.00044      -0.32732       0.00944  p2_baz_aei_01_03_r1_grove
 190      -5.67026      42.29634     719.61983      -0.00075      -0.18156       0.00944 p2_slm_aei_01_surf_r1
 191     -37.41771      97.64635     811.70644      -0.00097      -0.06110       0.00944 p2_bpx_aei_ip_01_03_r3_cone
 192     -37.41783     -97.12525     811.99774      -0.00097      -0.06075       0.00944 p2_bpx_aei_ho_01_03_r3_cone
 193      38.44260      97.63814     815.29267      -0.00097      -0.05684       0.00944 p2_bpx_aei_ip_01_03_r3_flat
 194      38.44228     -97.12116     815.62399      -0.00097      -0.05645       0.00944 p2_bpx_aei_ho_01_03_r3_flat
 195      24.96406      97.66072     855.02501      -0.00100      -0.01202       0.00944 p2_bpx_aei_ip_01_03_r3_grove
 196      24.94792     -97.07378     855.34932      -0.00100      -0.01168       0.00944 p2_bpx_aei_ho_01_03_r3_grove
 197      27.75690      97.69466     891.80658      -0.00099       0.02561       0.00944 p2_bpx_aei_ip_01_15_r3_cone
 198      27.72045     -97.03964     892.13139      -0.00099       0.02592       0.00944 p2_bpx_aei_ho_01_15_r3_cone
 199     -46.97674      97.73385     905.29424      -0.00098       0.03848       0.00944 p2_bpx_aei_ip_01_15_r3_grove
 200     -47.02079     -97.01635     905.58044      -0.00098       0.03875       0.00944 p2_bpx_aei_ho_01_15_r3_grove
 201     -28.42842      97.74494     942.90957      -0.00092       0.07174       0.00944 p2_bpx_aei_ip_01_15_r3_flat
 202     -28.48718     -96.96676     943.21028      -0.00092       0.07200       0.00944 p2_bpx_aei_ho_01_15_r3_flat
 203      55.35751       0.03634     950.15181      -0.00091       0.07770       0.00944 p2_irc_aei_01_r1_front
 204      55.41610       0.03974    1178.59166       0.00020       0.19191       0.00944 p2_mid_aei_01_front
 205     -36.47226      97.76113    1240.98248       0.00066       0.20138       0.00944 p2_bpx_aei_ip_01_03_r4_cone
 206     -36.80754     -97.02736    1241.16704       0.00066       0.20140       0.00944 p2_bpx_aei_ho_01_03_r4_cone
 207      39.35791      97.54752    1245.08137       0.00069       0.20195       0.00944 p2_bpx_aei_ip_01_03_r4_flat
 208      39.02113     -97.01478    1245.32564       0.00069       0.20199       0.00944 p2_bpx_aei_ho_01_03_r4_flat
 209      25.60460      97.59068    1284.72559       0.00093       0.20735       0.00944 p2_bpx_aei_ip_01_03_r4_grove
 210      25.25242     -96.95351    1284.95210       0.00093       0.20738       0.00944 p2_bpx_aei_ho_01_03_r4_grove
 211      41.03089      97.55897    1319.11654       0.00110       0.21173       0.00944 p2_bpx_aei_ip_01_15_r4_cone
 212      40.65001     -96.90612    1319.35057       0.00110       0.21176       0.00944 p2_bpx_aei_ho_01_15_r4_cone
 213     -33.79127      97.78889    1332.09423       0.00115       0.21332       0.00944 p2_bpx_aei_ip_01_15_r4_grove
 214     -34.18314     -96.86870    1332.27547       0.00116       0.21334       0.00944 p2_bpx_aei_ho_01_15_r4_grove
 215     -15.48320      97.73437    1369.85294       0.00130       0.21771       0.00944 p2_bpx_aei_ip_01_15_r4_flat
 216     -15.89328     -96.79153    1370.04490       0.00130       0.21773       0.00944 p2_bpx_aei_ho_01_15_r4_flat
 217      55.33830       0.04205    1407.51930       0.00140       0.22176       0.00944 p2_irc_aei_01_r2_front
 218     -28.77880    -172.35507    1465.26783       0.00148       0.22734       0.00944  p2_baz_aei_01_02_r2_grove
 218     -28.77880    -172.35507    1465.26783       0.00148       0.22734       0.00944  p2_baz_aei_01_16_r2_grove
 219      41.59857    -172.40790    1493.84723       0.00149       0.22982       0.00944 p2_baz_aei_01_02_r2_cone
 219      41.59857    -172.40790    1493.84723       0.00149       0.22982       0.00944 p2_baz_aei_01_16_r2_cone
 220     -33.19816    -172.43437    1506.99341       0.00149       0.23090       0.00944 p2_baz_aei_01_02_r2_flat
 220     -33.19816    -172.43437    1506.99341       0.00149       0.23090       0.00944 p2_baz_aei_01_16_r2_flat
 221     -27.00017      97.63999    1665.88633       0.00110       0.24081       0.00944 p2_bpx_aei_ip_01_03_r5_cone
 222     -27.30040     -97.08141    1666.26918       0.00110       0.24082       0.00944 p2_bpx_aei_ho_01_03_r5_cone
 223      48.83864      97.44597    1669.99801       0.00108       0.24099       0.00944 p2_bpx_aei_ip_01_03_r5_flat
 224      48.54011     -97.06172    1670.41395       0.00108       0.24100       0.00944 p2_bpx_aei_ho_01_03_r5_flat
 225      35.07806      97.51964    1709.63468       0.00088       0.24252       0.00944 p2_bpx_aei_ip_01_03_r5_grove
 226      34.77032     -97.04915    1710.03878       0.00087       0.24253       0.00944 p2_bpx_aei_ho_01_03_r5_grove
 227      47.13022      97.55956    1758.71763       0.00056       0.24392       0.00944 p2_bpx_aei_ip_01_15_r5_cone
 228      46.81078     -97.04213    1759.12506       0.00056       0.24392       0.00944 p2_bpx_aei_ho_01_15_r5_cone
 229     -27.69504      97.76418    1771.67539       0.00047       0.24419       0.00944 p2_bpx_aei_ip_01_15_r5_grove
 230     -28.01988     -97.01072    1772.06160       0.00047       0.24420       0.00944 p2_bpx_aei_ho_01_15_r5_grove
 231      -9.40587      97.76472    1809.43160       0.00018       0.24478       0.00944 p2_bpx_aei_ip_01_15_r5_flat
 232      -9.74591     -96.99198    1809.81356       0.00017       0.24478       0.00944 p2_bpx_aei_ho_01_15_r5_flat
 233      55.38262      -0.02750    1879.98925      -0.00047       0.24500       0.00944 p2_irl_aei_01_r2_front
 234     -13.34796      41.42477    2020.47221      -0.00216       0.24205       0.00944 p2_gim_aei_01_surf_r1
 235      55.45147       0.00145    2115.75623      -0.00341       0.23845       0.00944 p2_srg_aei_01_r2_front
 236      -0.01914      73.84697    2115.75765      -0.00341       0.23845       0.00944 p2_srg_aei_01_r2_90deg
 237     -55.68183       0.14970    2115.74963      -0.00341       0.23845       0.00944 p2_srg_aei_01_r2_rear
 238     -52.19864      52.42356    2115.75444      -0.00341       0.23845       0.00944 p2_srg_aei_01_r2_135deg
 239      -0.45133     -73.33402    2115.77085      -0.00341       0.23845       0.00944 p2_srg_aei_01_r2_270deg
 240      52.20045      52.22368    2115.78453      -0.00341       0.23845       0.00944 p2_srg_aei_01_r2_45deg
 241      51.86067     -52.02312    2115.78719      -0.00341       0.23845       0.00944 p2_srg_aei_01_r2_315deg
 242     -52.52674     -51.56883    2115.81380      -0.00341       0.23845       0.00944 p2_srg_aei_01_r2_225deg
 243     -34.41781      97.59765    2206.41397      -0.00426       0.23599       0.00944 p2_bpx_aei_ip_01_03_r6_cone
 244     -34.40002     -97.15556    2206.72735      -0.00426       0.23598       0.00944 p2_bpx_aei_ho_01_03_r6_cone
 245      41.41022      97.56061    2210.54378      -0.00429       0.23590       0.00944 p2_bpx_aei_ip_01_03_r6_flat
 246      41.37851     -97.07039    2210.84923      -0.00429       0.23589       0.00944 p2_bpx_aei_ho_01_03_r6_flat
 247      27.64108      97.55157    2250.17422      -0.00454       0.23516       0.00944 p2_bpx_aei_ip_01_03_r6_grove
 248      27.61237     -97.13193    2250.48113      -0.00454       0.23515       0.00944 p2_bpx_aei_ho_01_03_r6_grove
 249      39.78842      97.52537    2332.26617      -0.00485       0.23424       0.00944 p2_bpx_aei_ip_01_15_r6_cone
 250      39.74651     -97.25304    2332.57092      -0.00486       0.23424       0.00944 p2_bpx_aei_ho_01_15_r6_cone
 251     -35.03511      97.56511    2345.20278      -0.00488       0.23417       0.00944 p2_bpx_aei_ip_01_15_r6_grove
 252     -35.08582     -97.29279    2345.50202      -0.00488       0.23417       0.00944 p2_bpx_aei_ho_01_15_r6_grove
 253     -16.75835      97.53545    2382.95627      -0.00491       0.23409       0.00944 p2_bpx_aei_ip_01_15_r6_flat
 254     -16.81046     -97.33065    2383.27340      -0.00491       0.23409       0.00944 p2_bpx_aei_ho_01_15_r6_flat
 255       1.93586       0.12793     739.80000       0.00000       0.00000       0.00000 p3_aei_01_par_1
 256     139.66736       1.56598    2041.34000      26.08587       0.00000       0.00000 p3_aei_01_par_2
 257      88.55542       1.54872    2382.00000    1802.30460       0.26344      -0.00006 p3_aei_01_par_3
 258      -0.08721       0.00034      -0.00566       0.00201      -0.04053       0.03302 p3_aei_01
 259     -14.99105       0.00081      66.09302       0.00248       0.09461   -3141.55959 p3_irm_aei_01_s1_fixed
 260      14.98546       0.00366    2291.90013      -0.00178       0.07695       0.03302 p3_irm_aei_01_s2_fixed
 261      15.00895      -0.00018      66.09585       0.00248       0.09461   -3141.55959 p3_irm_aei_01_l1_fixed
 262     -15.01454       0.00465    2291.89782      -0.00178       0.07695       0.03302 p3_irm_aei_01_l2_fixed
 263     -15.03066       0.00179     477.99362       0.00221       0.09876       0.03302 p3_irl_aei_01_s1
 264      14.98665       0.00385    1879.99667       0.00122      -0.08978       0.03302 p3_irl_aei_01_s2
 265      14.92217       0.00169     950.49721       0.00173       0.08109       0.03302 p3_irl_aei_01_l1
 266     -15.07217       0.00373    1407.49859       0.00284      -0.10908       0.03302 p3_irl_aei_01_l2
 267     -15.07706       0.00267     941.19473       0.00172       0.08336       0.03302 p3_irc_aei_01_s1
 268      14.92886       0.00277    1416.79530       0.00285      -0.11160       0.03302 p3_irc_aei_01_s2
 269      14.92683       0.00272    1398.19534       0.00284      -0.10644       0.03302 p3_irc_aei_01_l1
 270     -15.07857       0.00270     959.79483       0.00174       0.07870       0.03302 p3_irc_aei_01_l2
 271       0.01520       0.00015      -0.00566       0.00249       0.09453       0.03302 p3_irt_aei_01_r1
 272      -0.02271       0.00111     396.99496       0.00229       0.09745       0.03302 p3_irt_aei_01_r2
 273      -0.06291       0.00192     793.99568       0.00174       0.10419       0.03302 p3_irt_aei_01_r3
 274      -0.08701       0.00266    1190.99649       0.00234      -0.01749       0.03302 p3_irt_aei_01_r4
 275      -0.04928       0.00374    1587.99736       0.00266      -0.13719       0.03302 p3_irt_aei_01_r5
 276      -0.00616       0.00443    1984.99826       0.00036      -0.04466       0.03302 p3_irt_aei_01_r6
 277      -0.02189       0.00398    2381.99918      -0.00190       0.08381       0.03302 p3_irt_aei_01_r7
 278     -36.80841      97.72950      14.16634       0.00249       0.09454       0.03302 p3_bpx_aei_ip_01_03_r1_cone
 279     -36.93608     -97.11959      14.55571       0.00249       0.09454       0.03302 p3_bpx_aei_ho_01_03_r1_cone
 280      39.09788      97.68630      16.35542       0.00249       0.09454       0.03302 p3_bpx_aei_ip_01_03_r1_flat
 281      38.97701     -97.15559      16.75009       0.00249       0.09454       0.03302 p3_bpx_aei_ho_01_03_r1_flat
 282      26.36080      97.64832      56.32467       0.00248       0.09459       0.03302 p3_bpx_aei_ip_01_03_r1_grove
 283      26.24173     -97.10247      56.71734       0.00248       0.09459       0.03302 p3_bpx_aei_ho_01_03_r1_grove
 284      23.88908      97.62408      88.21749       0.00248       0.09468       0.03302 p3_bpx_aei_ip_01_15_r1_cone
 285      23.77481     -97.05491      88.61196       0.00248       0.09468       0.03302 p3_bpx_aei_ho_01_15_r1_cone
 286     -50.58013      97.66618     103.08306       0.00247       0.09473       0.03302 p3_bpx_aei_ip_01_15_r1_grove
 287     -50.70449     -97.01172     103.47273       0.00247       0.09473       0.03302 p3_bpx_aei_ho_01_15_r1_grove
 288     -31.34556      97.62643     140.32983       0.00246       0.09490       0.03302 p3_bpx_aei_ip_01_15_r1_flat
 289     -31.45222     -96.96456     140.74940       0.00246       0.09490       0.03302 p3_bpx_aei_ho_01_15_r1_flat
 290     -52.20498      52.25665     193.14463       0.00244       0.09522       0.03302 p3_srg_aei_01_r1_135deg
 291     -55.47440       0.00246     193.15044       0.00244       0.09522       0.03302 p3_srg_aei_01_r1_rear
 292       0.02393      73.86173     193.19045       0.00244       0.09522       0.03302 p3_srg_aei_01_r1_90deg
 293      52.19691      52.26051     193.29337       0.00244       0.09522       0.03302 p3_srg_aei_01_r1_45deg
 294      55.45338      -0.00120     193.29991       0.00244       0.09522       0.03302 p3_srg_aei_01_r1_front
 295     -52.14703     -51.85025     193.30169       0.00244       0.09522       0.03302 p3_srg_aei_01_r1_225deg
 296       0.13606     -73.34088     193.33742       0.00244       0.09522       0.03302 p3_srg_aei_01_r1_270deg
 297      52.34737     -51.63730     193.40564       0.00244       0.09522       0.03302 p3_srg_aei_01_r1_315deg
 298      50.02979    -209.79189     248.43241       0.00241       0.09567       0.03302 p3_baz_aei_01_16_r1_cone
 298      50.02979    -209.79189     248.43241       0.00241       0.09567       0.03302 p3_baz_aei_01_15_r1_cone
 299     -25.90677    -209.82878     249.10574       0.00241       0.09568       0.03302  p3_baz_aei_01_16_r1_grove
 299     -25.90677    -209.82878     249.10574       0.00241       0.09568       0.03302  p3_baz_aei_01_15_r1_grove
 300     -13.95373    -209.79428     289.31964       0.00238       0.09608       0.03302 p3_baz_aei_01_16_r1_flat
 300     -13.95373    -209.79428     289.31964       0.00238       0.09608       0.03302 p3_baz_aei_01_15_r1_flat
 301     -38.15806      97.58260     324.45383       0.00236       0.09648       0.03302 p3_bpx_aei_ip_01_03_r2_cone
 302     -38.28051     -97.11889     324.64708       0.00236       0.09648       0.03302 p3_bpx_aei_ho_01_03_r2_cone
 303      37.73677      97.55410     327.21616       0.00236       0.09651       0.03302 p3_bpx_aei_ip_01_03_r2_flat
 304      37.61562     -97.15209     327.41760       0.00236       0.09651       0.03302 p3_bpx_aei_ho_01_03_r2_flat
 305      24.68722      97.61163     367.09068       0.00232       0.09702       0.03302 p3_bpx_aei_ip_01_03_r2_grove
 306      24.56697     -97.07157     367.29032       0.00232       0.09703       0.03302 p3_bpx_aei_ho_01_03_r2_grove
 307      28.18956      97.66869     401.65150       0.00229       0.09751       0.03302 p3_bpx_aei_ip_01_15_r2_cone
 308      28.06861     -97.01810     401.85083       0.00229       0.09752       0.03302 p3_bpx_aei_ho_01_15_r2_cone
 309     -46.38894      97.72819     415.95034       0.00227       0.09773       0.03302 p3_bpx_aei_ip_01_15_r2_grove
 310     -46.51509     -96.95861     416.15767       0.00227       0.09773       0.03302 p3_bpx_aei_ho_01_15_r2_grove
 311     -27.42510      97.76005     453.36774       0.00224       0.09833       0.03302 p3_bpx_aei_ip_01_15_r2_flat
 312     -27.55345     -96.87455     453.55817       0.00223       0.09834       0.03302 p3_bpx_aei_ho_01_15_r2_flat
 313      55.48865       0.11456     477.93178       0.00221       0.09876       0.03302 p3_irl_aei_01_r1_front
 314     -36.87094    -209.77254     548.92408       0.00212       0.10010       0.03302 p3_baz_aei_01_02_r1_cone
 314     -36.87094    -209.77254     548.92408       0.00212       0.10010       0.03302 p3_baz_aei_01_03_r1_cone
 315      37.29673    -209.73225     565.26864       0.00210       0.10044       0.03302 p3_baz_aei_01_02_r1_flat
 315      37.29673    -209.73225     565.26864       0.00210       0.10044       0.03302 p3_baz_aei_01_03_r1_flat
 316      17.30661    -209.73631     602.15171       0.00204       0.10124       0.03302  p3_baz_aei_01_02_r1_grove
 316      17.30661    -209.73631     602.15171       0.00204       0.10124       0.03302  p3_baz_aei_01_03_r1_grove
 317      -5.95823      42.29628     719.62015       0.00185       0.10411       0.03302 p3_slm_aei_01_surf_r1
 318     -37.41462      97.64689     811.70270       0.00172       0.10320       0.03302 p3_bpx_aei_ip_01_03_r3_cone
 319     -37.41738     -97.12761     811.99443       0.00172       0.10318       0.03302 p3_bpx_aei_ho_01_03_r3_cone
 320      38.44671      97.63899     815.29572       0.00172       0.10295       0.03302 p3_bpx_aei_ip_01_03_r3_flat
 321      38.44325     -97.12091     815.62536       0.00172       0.10293       0.03302 p3_bpx_aei_ho_01_03_r3_flat
 322      24.96439      97.66360     855.02842       0.00170       0.09903       0.03302 p3_bpx_aei_ip_01_03_r3_grove
 323      24.94853     -97.07330     855.34765       0.00170       0.09899       0.03302 p3_bpx_aei_ho_01_03_r3_grove
 324      27.75705      97.69587     891.80671       0.00170       0.09354       0.03302 p3_bpx_aei_ip_01_15_r3_cone
 325      27.72169     -97.03843     892.13124       0.00170       0.09349       0.03302 p3_bpx_aei_ho_01_15_r3_cone
 326     -46.97630      97.73276     905.29617       0.00170       0.09108       0.03302 p3_bpx_aei_ip_01_15_r3_grove
 327     -47.01996     -97.01534     905.58330       0.00170       0.09103       0.03302 p3_bpx_aei_ho_01_15_r3_grove
 328     -28.42658      97.74841     942.91076       0.00172       0.08295       0.03302 p3_bpx_aei_ip_01_15_r3_flat
 329     -28.48413     -96.96029     943.20959       0.00172       0.08288       0.03302 p3_bpx_aei_ho_01_15_r3_flat
 330      55.35900       0.03746     950.15149       0.00173       0.08117       0.03302 p3_irc_aei_01_r1_front
 331      55.42032       0.04240    1178.59318       0.00229      -0.01054       0.03302 p3_mid_aei_01_front
 332     -36.47262      97.76059    1240.98136       0.00253      -0.04424       0.03302 p3_bpx_aei_ip_01_03_r4_cone
 333     -36.80824     -97.02750    1241.16627       0.00253      -0.04433       0.03302 p3_bpx_aei_ho_01_03_r4_cone
 334      39.35716      97.54749    1245.08453       0.00254      -0.04629       0.03302 p3_bpx_aei_ip_01_03_r4_flat
 335      39.01994     -97.01820    1245.32474       0.00254      -0.04641       0.03302 p3_bpx_aei_ho_01_03_r4_flat
 336      25.60417      97.59045    1284.72487       0.00265      -0.06489       0.03302 p3_bpx_aei_ip_01_03_r4_grove
 337      25.25056     -96.95454    1284.95130       0.00265      -0.06499       0.03302 p3_bpx_aei_ho_01_03_r4_grove
 338      41.02885      97.56023    1319.11734       0.00273      -0.07932       0.03302 p3_bpx_aei_ip_01_15_r4_cone
 339      40.64745     -96.91135    1319.34880       0.00273      -0.07941       0.03302 p3_bpx_aei_ho_01_15_r4_cone
 340     -33.79148      97.78914    1332.09427       0.00276      -0.08434       0.03302 p3_bpx_aei_ip_01_15_r4_grove
 341     -34.18299     -96.87015    1332.27594       0.00276      -0.08441       0.03302 p3_bpx_aei_ho_01_15_r4_grove
 342     -15.48334      97.73254    1369.85301       0.00281      -0.09769       0.03302 p3_bpx_aei_ip_01_15_r4_flat
 343     -15.89084     -96.79505    1370.04449       0.00281      -0.09775       0.03302 p3_bpx_aei_ho_01_15_r4_flat
 344      55.33964       0.04271    1407.51601       0.00284      -0.10909       0.03302 p3_irc_aei_01_r2_front
 345     -28.77814    -172.35115    1465.26670       0.00284      -0.12285       0.03302  p3_baz_aei_01_02_r2_grove
 345     -28.77814    -172.35115    1465.26670       0.00284      -0.12285       0.03302  p3_baz_aei_01_16_r2_grove
 346      41.59785    -172.40629    1493.84680       0.00282      -0.12800       0.03302 p3_baz_aei_01_02_r2_cone
 346      41.59785    -172.40629    1493.84680       0.00282      -0.12800       0.03302 p3_baz_aei_01_16_r2_cone
 347     -33.19906    -172.43508    1506.99317       0.00281      -0.13000       0.03302 p3_baz_aei_01_02_r2_flat
 347     -33.19906    -172.43508    1506.99317       0.00281      -0.13000       0.03302 p3_baz_aei_01_16_r2_flat
 348     -27.00027      97.63903    1665.88646       0.00242      -0.13577       0.03302 p3_bpx_aei_ip_01_03_r5_cone
 349     -27.30235     -97.08166    1666.26947       0.00242      -0.13574       0.03302 p3_bpx_aei_ho_01_03_r5_cone
 350      48.83758      97.44754    1670.00089       0.00240      -0.13547       0.03302 p3_bpx_aei_ip_01_03_r5_flat
 351      48.54091     -97.06135    1670.41180       0.00240      -0.13544       0.03302 p3_bpx_aei_ho_01_03_r5_flat
 352      35.07768      97.52018    1709.63500       0.00224      -0.13139       0.03302 p3_bpx_aei_ip_01_03_r5_grove
 353      34.77161     -97.05080    1710.03798       0.00223      -0.13134       0.03302 p3_bpx_aei_ho_01_03_r5_grove
 354      47.12915      97.56039    1758.71813       0.00199      -0.12341       0.03302 p3_bpx_aei_ip_01_15_r5_cone
 355      46.81167     -97.03970    1759.12396       0.00199      -0.12333       0.03302 p3_bpx_aei_ho_01_15_r5_cone
 356     -27.69417      97.76209    1771.67593       0.00192      -0.12076       0.03302 p3_bpx_aei_ip_01_15_r5_grove
 357     -28.01915     -97.01040    1772.05944       0.00192      -0.12068       0.03302 p3_bpx_aei_ho_01_15_r5_grove
 358      -9.40467      97.76795    1809.43334       0.00170      -0.11175       0.03302 p3_bpx_aei_ip_01_15_r5_flat
 359      -9.74556     -96.99024    1809.81321       0.00170      -0.11165       0.03302 p3_bpx_aei_ho_01_15_r5_flat
 360      55.38235      -0.02728    1879.98995       0.00122      -0.08978       0.03302 p3_irl_aei_01_r2_front
 361     -13.36993      41.42688    2020.47379       0.00002      -0.02606       0.03302 p3_gim_aei_01_surf_r1
 362     -55.68179       0.14923    2115.74834      -0.00085       0.02386       0.03302 p3_srg_aei_01_r2_rear
 363      55.45161       0.00256    2115.75779      -0.00085       0.02386       0.03302 p3_srg_aei_01_r2_front
 364     -52.19926      52.42142    2115.75546      -0.00085       0.02386       0.03302 p3_srg_aei_01_r2_135deg
 365      -0.01815      73.84620    2115.75813      -0.00085       0.02386       0.03302 p3_srg_aei_01_r2_90deg
 366      -0.45061     -73.33369    2115.77169      -0.00085       0.02387       0.03302 p3_srg_aei_01_r2_270deg
 367      52.20333      52.22557    2115.78505      -0.00085       0.02388       0.03302 p3_srg_aei_01_r2_45deg
 368      51.85989     -52.02592    2115.78726      -0.00085       0.02388       0.03302 p3_srg_aei_01_r2_315deg
 369     -52.52690     -51.56677    2115.81347      -0.00085       0.02389       0.03302 p3_srg_aei_01_r2_225deg
 370     -34.41857      97.59713    2206.41473      -0.00144       0.05774       0.03302 p3_bpx_aei_ip_01_03_r6_cone
 371     -34.40072     -97.15577    2206.72695      -0.00144       0.05783       0.03302 p3_bpx_aei_ho_01_03_r6_cone
 372      41.41039      97.55972    2210.54267      -0.00146       0.05895       0.03302 p3_bpx_aei_ip_01_03_r6_flat
 373      41.37984     -97.07188    2210.84869      -0.00146       0.05904       0.03302 p3_bpx_aei_ho_01_03_r6_flat
 374      27.64174      97.55141    2250.17475      -0.00164       0.06912       0.03302 p3_bpx_aei_ip_01_03_r6_grove
 375      27.61279     -97.13099    2250.48273      -0.00164       0.06918       0.03302 p3_bpx_aei_ho_01_03_r6_grove
 376      39.78687      97.52396    2332.26720      -0.00186       0.08172       0.03302 p3_bpx_aei_ip_01_15_r6_cone
 377      39.74781     -97.25324    2332.57234      -0.00186       0.08175       0.03302 p3_bpx_aei_ho_01_15_r6_cone
 378     -35.03649      97.56651    2345.20179      -0.00188       0.08267       0.03302 p3_bpx_aei_ip_01_15_r6_grove
 379     -35.08525     -97.29129    2345.50122      -0.00188       0.08269       0.03302 p3_bpx_aei_ho_01_15_r6_grove
 380     -16.75845      97.53603    2382.95597      -0.00190       0.08381       0.03302 p3_bpx_aei_ip_01_15_r6_flat
 381     -16.81031     -97.33126    2383.27240      -0.00190       0.08381       0.03302 p3_bpx_aei_ho_01_15_r6_flat
 382     -80.21056       5.42706     739.80000       0.00000       0.00000       0.00000 p4_aei_01_par_1
 383     -83.60806      14.02364    2041.34000      26.08587       0.00000       0.00000 p4_aei_01_par_2
 384      19.87662      -3.29145    2382.00000    2754.00334      -1.45076      -0.00061 p4_aei_01_par_3
 385      -0.32134       0.00979      -0.01520       0.00239      -0.15546       0.05832 p4_aei_01
 386     -14.93330      -0.00152      66.07665       0.03088       0.55529   -3141.53429 p4_irm_aei_01_s1_fixed
 387      15.04497       0.01885    2291.88291       0.02151      -0.18720       0.05832 p4_irm_aei_01_s2_fixed
 388      15.06670      -0.00327      66.09331       0.03088       0.55529   -3141.53429 p4_irm_aei_01_l1_fixed
 389     -14.95503       0.02060    2291.88853       0.02151      -0.18720       0.05832 p4_irm_aei_01_l2_fixed
 390     -15.13559       0.00941     477.98069       0.01926       0.38361       0.05832 p4_irl_aei_01_s1
 391      14.96109       0.01117    1879.98419       0.01443      -0.22314       0.05832 p4_irl_aei_01_s2
 392      14.78631       0.00995     950.48689      -0.00789      -0.05473       0.05832 p4_irl_aei_01_l1
 393     -15.14395       0.00912    1407.49127       0.00103      -0.20598       0.05832 p4_irl_aei_01_l2
 394     -15.21416       0.01177     941.18841      -0.00766      -0.04805       0.05832 p4_irc_aei_01_s1
 395      14.85797       0.00738    1416.78508       0.00133      -0.20722       0.05832 p4_irc_aei_01_s2
 396      14.85414       0.00736    1398.18511       0.00072      -0.20471       0.05832 p4_irc_aei_01_l1
 397     -15.21315       0.01162     959.78865      -0.00811      -0.06124       0.05832 p4_irc_aei_01_l2
 398       0.10355      -0.00445      -0.01526       0.03111       0.55864       0.05832 p4_irt_aei_01_r1
 399      -0.10225       0.00682     396.98617       0.02293       0.43790       0.05832 p4_irt_aei_01_r2
 400      -0.21228       0.01161     793.98736      -0.00108       0.08091       0.05832 p4_irt_aei_01_r3
 401      -0.18468       0.00881    1190.98807      -0.00642      -0.16705       0.05832 p4_irt_aei_01_r4
 402      -0.10498       0.00894    1587.98809       0.00661      -0.22352       0.05832 p4_irt_aei_01_r5
 403      -0.01590       0.01369    1984.98719       0.01688      -0.21432       0.05832 p4_irt_aei_01_r6
 404       0.06174       0.02168    2381.98515       0.02176      -0.18566       0.05832 p4_irt_aei_01_r7
 405     -36.79639      97.72405      14.18235       0.03110       0.55848       0.05832 p4_bpx_aei_ip_01_03_r1_cone
 406     -36.93205     -97.12594      14.54083       0.03110       0.55848       0.05832 p4_bpx_aei_ho_01_03_r1_cone
 407      39.10961      97.67879      16.37435       0.03109       0.55843       0.05832 p4_bpx_aei_ip_01_03_r1_flat
 408      38.97945     -97.16820      16.73773       0.03109       0.55842       0.05832 p4_bpx_aei_ho_01_03_r1_flat
 409      26.37162      97.64307      56.34455       0.03094       0.55621       0.05832 p4_bpx_aei_ip_01_03_r1_grove
 410      26.24427     -97.11311      56.70421       0.03094       0.55618       0.05832 p4_bpx_aei_ho_01_03_r1_grove
 411      23.89663      97.60230      88.23594       0.03070       0.55267       0.05832 p4_bpx_aei_ip_01_15_r1_cone
 412      23.77288     -97.06289      88.60165       0.03070       0.55262       0.05832 p4_bpx_aei_ho_01_15_r1_cone
 413     -50.57469      97.66379     103.09717       0.03056       0.55049       0.05832 p4_bpx_aei_ip_01_15_r1_grove
 414     -50.70704     -97.01449     103.45705       0.03055       0.55043       0.05832 p4_bpx_aei_ho_01_15_r1_grove
 415     -31.33987      97.62200     140.34737       0.03009       0.54354       0.05832 p4_bpx_aei_ip_01_15_r1_flat
 416     -31.45723     -96.96468     140.73386       0.03008       0.54346       0.05832 p4_bpx_aei_ho_01_15_r1_flat
 417     -55.47383       0.00467     193.13765       0.02917       0.53005       0.05832 p4_srg_aei_01_r1_rear
 418     -52.20519      52.25318     193.16065       0.02917       0.53004       0.05832 p4_srg_aei_01_r1_135deg
 419       0.02566      73.86004     193.21041       0.02917       0.53004       0.05832 p4_srg_aei_01_r1_90deg
 420      55.45392      -0.00179     193.31484       0.02917       0.53002       0.05832 p4_srg_aei_01_r1_front
 421      52.19767      52.25740     193.31169       0.02917       0.53002       0.05832 p4_srg_aei_01_r1_45deg
 422     -52.15123     -51.84952     193.28862       0.02917       0.53001       0.05832 p4_srg_aei_01_r1_225deg
 423       0.12081     -73.34377     193.33305       0.02917       0.53000       0.05832 p4_srg_aei_01_r1_270deg
 424      52.30157     -51.66431     193.38908       0.02917       0.52999       0.05832 p4_srg_aei_01_r1_315deg
 425      50.01467    -209.79920     248.41929       0.02791       0.51137       0.05832 p4_baz_aei_01_16_r1_cone
 425      50.01467    -209.79920     248.41929       0.02791       0.51137       0.05832 p4_baz_aei_01_15_r1_cone
 426     -25.92210    -209.83166     249.09087       0.02789       0.51110       0.05832  p4_baz_aei_01_16_r1_grove
 426     -25.92210    -209.83166     249.09087       0.02789       0.51110       0.05832  p4_baz_aei_01_15_r1_grove
 427     -13.96852    -209.80115     289.30653       0.02677       0.49452       0.05832 p4_baz_aei_01_16_r1_flat
 427     -13.96852    -209.80115     289.30653       0.02677       0.49452       0.05832 p4_baz_aei_01_15_r1_flat
 428     -38.15841      97.58348     324.47261       0.02565       0.47797       0.05832 p4_bpx_aei_ip_01_03_r2_cone
 429     -38.28874     -97.12091     324.63104       0.02564       0.47789       0.05832 p4_bpx_aei_ho_01_03_r2_cone
 430      37.73649      97.55072     327.23825       0.02555       0.47661       0.05832 p4_bpx_aei_ip_01_03_r2_flat
 431      37.60905     -97.15577     327.40597       0.02555       0.47653       0.05832 p4_bpx_aei_ho_01_03_r2_flat
 432      24.68670      97.61187     367.11010       0.02412       0.45540       0.05832 p4_bpx_aei_ip_01_03_r2_grove
 433      24.55987     -97.07272     367.27523       0.02411       0.45531       0.05832 p4_bpx_aei_ho_01_03_r2_grove
 434      28.18791      97.66928     401.67297       0.02274       0.43504       0.05832 p4_bpx_aei_ip_01_15_r2_cone
 435      28.06049     -97.01641     401.83604       0.02273       0.43494       0.05832 p4_bpx_aei_ho_01_15_r2_cone
 436     -46.38886      97.73005     415.97305       0.02213       0.42607       0.05832 p4_bpx_aei_ip_01_15_r2_grove
 437     -46.52229     -96.95644     416.14451       0.02212       0.42596       0.05832 p4_bpx_aei_ho_01_15_r2_grove
 438     -27.42354      97.76494     453.38971       0.02044       0.40115       0.05832 p4_bpx_aei_ip_01_15_r2_flat
 439     -27.56015     -96.87125     453.54444       0.02044       0.40105       0.05832 p4_bpx_aei_ho_01_15_r2_flat
 440      55.48855       0.12089     477.94498       0.01926       0.38366       0.05832 p4_irl_aei_01_r1_front
 441     -36.87910    -209.76529     548.91008       0.01548       0.32781       0.05832 p4_baz_aei_01_02_r1_cone
 441     -36.87910    -209.76529     548.91008       0.01548       0.32781       0.05832 p4_baz_aei_01_03_r1_cone
 442      37.28887    -209.72787     565.25062       0.01453       0.31388       0.05832 p4_baz_aei_01_02_r1_flat
 442      37.28887    -209.72787     565.25062       0.01453       0.31388       0.05832 p4_baz_aei_01_03_r1_flat
 443      17.29949    -209.72961     602.13512       0.01230       0.28089       0.05832  p4_baz_aei_01_02_r1_grove
 443      17.29949    -209.72961     602.13512       0.01230       0.28089       0.05832  p4_baz_aei_01_03_r1_grove
 444      -6.09953      42.30434     719.63023       0.00424       0.16192       0.05832 p4_slm_aei_01_surf_r1
 445     -37.40636      97.65175     811.72267      -0.00216       0.06306       0.05832 p4_bpx_aei_ip_01_03_r3_cone
 446     -37.40874     -97.12365     811.97516      -0.00217       0.06281       0.05832 p4_bpx_aei_ho_01_03_r3_cone
 447      38.45472      97.64551     815.31855      -0.00237       0.05952       0.05832 p4_bpx_aei_ip_01_03_r3_flat
 448      38.45184     -97.11829     815.60997      -0.00238       0.05923       0.05832 p4_bpx_aei_ho_01_03_r3_flat
 449      24.97251      97.66956     855.05010      -0.00447       0.02212       0.05832 p4_bpx_aei_ip_01_03_r3_grove
 450      24.95484     -97.06994     855.32982      -0.00448       0.02187       0.05832 p4_bpx_aei_ho_01_03_r3_grove
 451      27.76419      97.69691     891.82911      -0.00606      -0.00967       0.05832 p4_bpx_aei_ip_01_15_r3_cone
 452      27.73073     -97.03729     892.11252      -0.00607      -0.00991       0.05832 p4_bpx_aei_ho_01_15_r3_cone
 453     -46.96961      97.73688     905.31812      -0.00656      -0.02064       0.05832 p4_bpx_aei_ip_01_15_r3_grove
 454     -47.01106     -97.01702     905.56866      -0.00657      -0.02085       0.05832 p4_bpx_aei_ho_01_15_r3_grove
 455     -28.41738      97.75003     942.93504      -0.00771      -0.04932       0.05832 p4_bpx_aei_ip_01_15_r3_flat
 456     -28.47392     -96.95817     943.19275      -0.00771      -0.04951       0.05832 p4_bpx_aei_ho_01_15_r3_flat
 457      55.36530       0.04239     950.16398      -0.00789      -0.05451       0.05832 p4_irc_aei_01_r1_front
 458      55.41897       0.03885    1178.60664      -0.00685      -0.16412       0.05832 p4_mid_aei_01_front
 459     -36.47795      97.75645    1241.00373      -0.00462      -0.17778       0.05832 p4_bpx_aei_ip_01_03_r4_cone
 460     -36.80579     -97.02913    1241.14748      -0.00462      -0.17781       0.05832 p4_bpx_aei_ho_01_03_r4_cone
 461      39.35177      97.54681    1245.10640      -0.00448      -0.17862       0.05832 p4_bpx_aei_ip_01_03_r4_flat
 462      39.02175     -97.01907    1245.31029      -0.00447      -0.17866       0.05832 p4_bpx_aei_ho_01_03_r4_flat
 463      25.59700      97.59287    1284.74755      -0.00309      -0.18631       0.05832 p4_bpx_aei_ip_01_03_r4_grove
 464      25.25169     -96.95521    1284.93471      -0.00309      -0.18635       0.05832 p4_bpx_aei_ho_01_03_r4_grove
 465      41.02132      97.55868    1319.13993      -0.00191      -0.19246       0.05832 p4_bpx_aei_ip_01_15_r4_cone
 466      40.64641     -96.91090    1319.33473      -0.00190      -0.19249       0.05832 p4_bpx_aei_ho_01_15_r4_cone
 467     -33.80026      97.78622    1332.11506      -0.00147      -0.19465       0.05832 p4_bpx_aei_ip_01_15_r4_grove
 468     -34.18348     -96.87156    1332.25785      -0.00147      -0.19467       0.05832 p4_bpx_aei_ho_01_15_r4_grove
 469     -15.49330      97.73232    1369.87478      -0.00021      -0.20062       0.05832 p4_bpx_aei_ip_01_15_r4_flat
 470     -15.89441     -96.79765    1370.02682      -0.00020      -0.20065       0.05832 p4_bpx_aei_ho_01_15_r4_flat
 471      55.33026       0.04371    1407.52996       0.00103      -0.20599       0.05832 p4_irc_aei_01_r2_front
 472     -28.77939    -172.35447    1465.24847       0.00287      -0.21307       0.05832  p4_baz_aei_01_02_r2_grove
 472     -28.77939    -172.35447    1465.24847       0.00287      -0.21307       0.05832  p4_baz_aei_01_16_r2_grove
 473      41.59664    -172.40498    1493.82980       0.00377      -0.21606       0.05832 p4_baz_aei_01_02_r2_cone
 473      41.59664    -172.40498    1493.82980       0.00377      -0.21606       0.05832 p4_baz_aei_01_16_r2_cone
 474     -33.19912    -172.43687    1506.97546       0.00417      -0.21733       0.05832 p4_baz_aei_01_02_r2_flat
 474     -33.19912    -172.43687    1506.97546       0.00417      -0.21733       0.05832 p4_baz_aei_01_16_r2_flat
 475     -27.00973      97.63851    1665.90754       0.00884      -0.22689       0.05832 p4_bpx_aei_ip_01_03_r5_cone
 476     -27.29860     -97.08067    1666.24813       0.00885      -0.22690       0.05832 p4_bpx_aei_ho_01_03_r5_cone
 477      48.82740      97.45063    1670.01751       0.00896      -0.22700       0.05832 p4_bpx_aei_ip_01_03_r5_flat
 478      48.54364     -97.05985    1670.39632       0.00897      -0.22701       0.05832 p4_bpx_aei_ho_01_03_r5_flat
 479      35.06892      97.52141    1709.65274       0.01005      -0.22767       0.05832 p4_bpx_aei_ip_01_03_r5_grove
 480      34.77605     -97.04937    1710.02186       0.01006      -0.22768       0.05832 p4_bpx_aei_ho_01_03_r5_grove
 481      47.12320      97.56113    1758.73568       0.01136      -0.22761       0.05832 p4_bpx_aei_ip_01_15_r5_cone
 482      46.82053     -97.03635    1759.10366       0.01137      -0.22760       0.05832 p4_bpx_aei_ho_01_15_r5_cone
 483     -27.69915      97.76264    1771.69644       0.01170      -0.22742       0.05832 p4_bpx_aei_ip_01_15_r5_grove
 484     -28.01083     -97.01283    1772.04550       0.01171      -0.22741       0.05832 p4_bpx_aei_ho_01_15_r5_grove
 485      -9.40757      97.76464    1809.45370       0.01268      -0.22648       0.05832 p4_bpx_aei_ip_01_15_r5_flat
 486      -9.73186     -96.99704    1809.79714       0.01269      -0.22647       0.05832 p4_bpx_aei_ho_01_15_r5_flat
 487      55.39180      -0.02108    1879.99886       0.01443      -0.22313       0.05832 p4_irl_aei_01_r2_front
 488     -13.36645      41.43409    2020.48094       0.01766      -0.21030       0.05832 p4_gim_aei_01_surf_r1
 489     -55.67288       0.14813    2115.73924       0.01953      -0.19912       0.05832 p4_srg_aei_01_r2_rear
 490      -0.43106     -73.33459    2115.75788       0.01953      -0.19912       0.05832 p4_srg_aei_01_r2_270deg
 491     -52.29233      52.34753    2115.77745       0.01953      -0.19912       0.05832 p4_srg_aei_01_r2_135deg
 492      -0.01707      73.83879    2115.77372       0.01953      -0.19912       0.05832 p4_srg_aei_01_r2_90deg
 493      55.46762       0.01285    2115.77051       0.01953      -0.19911       0.05832 p4_srg_aei_01_r2_front
 494      51.84169     -52.04334    2115.77915       0.01953      -0.19911       0.05832 p4_srg_aei_01_r2_315deg
 495     -52.52068     -51.56285    2115.81602       0.01953      -0.19911       0.05832 p4_srg_aei_01_r2_225deg
 496      52.15078      52.25084    2115.80225       0.01953      -0.19911       0.05832 p4_srg_aei_01_r2_45deg
 497     -34.42060      97.59753    2206.42967       0.02079      -0.19151       0.05832 p4_bpx_aei_ip_01_03_r6_cone
 498     -34.38541     -97.15787    2206.70622       0.02080      -0.19150       0.05832 p4_bpx_aei_ho_01_03_r6_cone
 499      41.40529      97.56789    2210.56404       0.02084      -0.19124       0.05832 p4_bpx_aei_ip_01_03_r6_flat
 500      41.39509     -97.06750    2210.83620       0.02084      -0.19122       0.05832 p4_bpx_aei_ho_01_03_r6_flat
 501      27.63462      97.56103    2250.19598       0.02122      -0.18896       0.05832 p4_bpx_aei_ip_01_03_r6_grove
 502      27.62572     -97.12717    2250.46611       0.02122      -0.18895       0.05832 p4_bpx_aei_ho_01_03_r6_grove
 503      39.77630      97.53558    2332.28736       0.02169      -0.18613       0.05832 p4_bpx_aei_ip_01_15_r6_cone
 504      39.75279     -97.24461    2332.55719       0.02169      -0.18613       0.05832 p4_bpx_aei_ho_01_15_r6_cone
 505     -35.04820      97.56893    2345.21760       0.02172      -0.18592       0.05832 p4_bpx_aei_ip_01_15_r6_grove
 506     -35.07981     -97.28547    2345.48273       0.02172      -0.18592       0.05832 p4_bpx_aei_ho_01_15_r6_grove
 507     -16.77179      97.54048    2382.97044       0.02176      -0.18566       0.05832 p4_bpx_aei_ip_01_15_r6_flat
 508     -16.80590     -97.32571    2383.25199       0.02176      -0.18566       0.05832 p4_bpx_aei_ho_01_15_r6_flat
 509     -15.00000       0.00000      66.10000       0.00000      -0.00000       1.59270 p1_irm_aei_01_s1
 510      15.00000       0.00000      66.10000       0.00000      -0.00000       1.59270 p1_irm_aei_01_l1
 511      15.00000       0.00000    2291.90000       0.00000      -0.00000   -3140.00000 p1_irm_aei_01_s2
 512     -15.00000       0.00000    2291.90000       0.00000      -0.00000   -3140.00000 p1_irm_aei_01_l2
 513     -15.08359       0.00228      66.14271       0.00028      -0.66361       1.60214 p2_irm_aei_01_s1
 514      14.91642       0.00200      66.12280       0.00028      -0.66361       1.60214 p2_irm_aei_01_l1
 515      14.95335       0.00109    2291.93618      -0.00474       0.23459   -3139.99056 p2_irm_aei_01_s2
 516     -15.04665       0.00138    2291.92915      -0.00474       0.23459   -3139.99056 p2_irm_aei_01_l2
 517     -14.99105       0.00081      66.09302       0.00248       0.09461       1.62572 p3_irm_aei_01_s1
 518      15.00895      -0.00018      66.09585       0.00248       0.09461       1.62572 p3_irm_aei_01_l1
 519      14.98546       0.00366    2291.90013      -0.00178       0.07695   -3139.96698 p3_irm_aei_01_s2
 520     -15.01454       0.00465    2291.89782      -0.00178       0.07695   -3139.96698 p3_irm_aei_01_l2
 521     -14.93330      -0.00152      66.07665       0.03088       0.55529       1.65102 p4_irm_aei_01_s1
 522      15.06670      -0.00327      66.09331       0.03088       0.55529       1.65102 p4_irm_aei_01_l1
 523      15.04497       0.01885    2291.88291       0.02151      -0.18720   -3139.94168 p4_irm_aei_01_s2
 524     -14.95503       0.02060    2291.88853       0.02151      -0.18720   -3139.94168 p4_irm_aei_01_l2
