   1       0.00000       0.00000     739.80000       0.00000       0.00000       0.00000 p1_aei_09_par_1
   2       0.00000       0.00000    2041.34000      26.08587       0.00000       0.00000 p1_aei_09_par_2
   3       0.00000       0.00000    2382.00000       0.00000       0.00000       0.00000 p1_aei_09_par_3
   4       0.00000       0.00000       0.00000       0.00000       0.00000       0.00000 p1_aei_09
   5     -15.00000       0.00000      66.10000       0.00000      -0.00000   -3141.59261 p1_irm_aei_09_s1_fixed
   6      15.00000       0.00000    2291.90000       0.00000      -0.00000       0.00000 p1_irm_aei_09_s2_fixed
   7      15.00000       0.00000      66.10000       0.00000      -0.00000   -3141.59261 p1_irm_aei_09_l1_fixed
   8     -15.00000       0.00000    2291.90000       0.00000      -0.00000       0.00000 p1_irm_aei_09_l2_fixed
   9     -15.00000       0.00000     478.00000       0.00000      -0.00000       0.00000 p1_irl_aei_09_s1
  10      15.00000       0.00000    1880.00000       0.00000      -0.00000       0.00000 p1_irl_aei_09_s2
  11      15.00000       0.00000     950.50000       0.00000      -0.00000       0.00000 p1_irl_aei_09_l1
  12     -15.00000       0.00000    1407.50000       0.00000      -0.00000       0.00000 p1_irl_aei_09_l2
  13     -15.00000       0.00000     941.20000       0.00000      -0.00000       0.00000 p1_irc_aei_09_s1
  14      15.00000       0.00000    1416.80000       0.00000      -0.00000       0.00000 p1_irc_aei_09_s2
  15      15.00000       0.00000    1398.20000       0.00000      -0.00000       0.00000 p1_irc_aei_09_l1
  16     -15.00000       0.00000     959.80000       0.00000      -0.00000       0.00000 p1_irc_aei_09_l2
  17       0.00000       0.00000       0.00000       0.00000      -0.00000       0.00000 p1_irt_aei_09_r1
  18       0.00000       0.00000     397.00000       0.00000      -0.00000       0.00000 p1_irt_aei_09_r2
  19       0.00000       0.00000     794.00000       0.00000      -0.00000       0.00000 p1_irt_aei_09_r3
  20       0.00000       0.00000    1191.00000       0.00000      -0.00000       0.00000 p1_irt_aei_09_r4
  21       0.00000       0.00000    1588.00000       0.00000      -0.00000       0.00000 p1_irt_aei_09_r5
  22       0.00000       0.00000    1985.00000       0.00000      -0.00000       0.00000 p1_irt_aei_09_r6
  23       0.00000       0.00000    2382.00000       0.00000      -0.00000       0.00000 p1_irt_aei_09_r7
  24     -37.03860      97.60850      14.71840       0.00000      -0.00000       0.00000 p1_bpx_aei_ip_09_11_r1_cone
  25     -36.70510     -97.20040      14.90780       0.00000      -0.00000       0.00000 p1_bpx_aei_ho_09_11_r1_cone
  26      38.87440      97.75080      16.87210       0.00000      -0.00000       0.00000 p1_bpx_aei_ip_09_11_r1_flat
  27      39.21030     -97.04480      17.08610       0.00000      -0.00000       0.00000 p1_bpx_aei_ho_09_11_r1_flat
  28      26.15070      97.68740      56.85490       0.00000      -0.00000       0.00000 p1_bpx_aei_ip_09_11_r1_grove
  29      26.47070     -96.95540      57.06250       0.00000      -0.00000       0.00000 p1_bpx_aei_ho_09_11_r1_grove
  30      23.69530      97.63280      88.74700       0.00000      -0.00000       0.00000 p1_bpx_aei_ip_09_07_r1_cone
  31      24.01060     -96.87000      88.94790       0.00000      -0.00000       0.00000 p1_bpx_aei_ho_09_07_r1_cone
  32     -50.76010      97.54620     103.64600       0.00000      -0.00000       0.00000 p1_bpx_aei_ip_09_07_r1_grove
  33     -50.45420     -96.98610     103.82290       0.00000      -0.00000       0.00000 p1_bpx_aei_ho_09_07_r1_grove
  34     -31.50000      97.51520     140.91130       0.00000      -0.00000       0.00000 p1_bpx_aei_ip_09_07_r1_flat
  35     -31.20850     -96.82230     141.08880       0.00000      -0.00000       0.00000 p1_bpx_aei_ho_09_07_r1_flat
  36       0.00080      73.88110     193.23410       0.00000      -0.00000       0.00000 p1_srg_aei_09_r1_90deg
  37     -52.23130      52.23660     193.24690       0.00000      -0.00000       0.00000 p1_srg_aei_09_r1_135deg
  38     -55.46450       0.00000     193.24990       0.00000      -0.00000       0.00000 p1_srg_aei_09_r1_rear
  39      52.20260      52.27470     193.26820       0.00000      -0.00000       0.00000 p1_srg_aei_09_r1_45deg
  40      55.45650       0.00000     193.30000       0.00000      -0.00000       0.00000 p1_srg_aei_09_r1_front
  41      -0.24730     -73.12360     193.41180       0.00000      -0.00000       0.00000 p1_srg_aei_09_r1_270deg
  42      52.06000     -51.73380     193.41800       0.00000      -0.00000       0.00000 p1_srg_aei_09_r1_315deg
  43     -52.42860     -51.39140     193.44460       0.00000      -0.00000       0.00000 p1_srg_aei_09_r1_225deg
  44      50.46530    -209.53380     248.58070       0.00000      -0.00000       0.00000 p1_baz_aei_09_08_r1_cone
  44      50.46530    -209.53380     248.58070       0.00000      -0.00000       0.00000 p1_baz_aei_09_07_r1_cone
  45     -25.48200    -209.73090     249.26760       0.00000      -0.00000       0.00000  p1_baz_aei_09_08_r1_grove
  45     -25.48200    -209.73090     249.26760       0.00000      -0.00000       0.00000  p1_baz_aei_09_07_r1_grove
  46     -13.51770    -209.68870     289.48480       0.00000      -0.00000       0.00000 p1_baz_aei_09_08_r1_flat
  46     -13.51770    -209.68870     289.48480       0.00000      -0.00000       0.00000 p1_baz_aei_09_07_r1_flat
  47     -38.28520      97.46550     324.95120       0.00000      -0.00000       0.00000 p1_bpx_aei_ip_09_11_r2_cone
  48     -38.02140     -97.07090     324.98770       0.00000      -0.00000       0.00000 p1_bpx_aei_ho_09_11_r2_cone
  49      37.60420      97.56680     327.73690       0.00000      -0.00000       0.00000 p1_bpx_aei_ip_09_11_r2_flat
  50      37.87070     -96.94320     327.80090       0.00000      -0.00000       0.00000 p1_bpx_aei_ho_09_11_r2_flat
  51      24.54370      97.59160     367.60220       0.00000      -0.00000       0.00000 p1_bpx_aei_ip_09_11_r2_grove
  52      24.79780     -96.89770     367.66490       0.00000      -0.00000       0.00000 p1_bpx_aei_ho_09_11_r2_grove
  53      28.03680      97.65020     402.17020       0.00000      -0.00000       0.00000 p1_bpx_aei_ip_09_07_r2_cone
  54      28.27930     -96.84000     402.22950       0.00000      -0.00000       0.00000 p1_bpx_aei_ho_09_07_r2_cone
  55     -46.54030      97.58180     416.45080       0.00000      -0.00000       0.00000 p1_bpx_aei_ip_09_07_r2_grove
  56     -46.30490     -96.92520     416.48170       0.00000      -0.00000       0.00000 p1_bpx_aei_ho_09_07_r2_grove
  57     -27.59440      97.62670     453.86800       0.00000      -0.00000       0.00000 p1_bpx_aei_ip_09_07_r2_flat
  58     -27.36690     -96.81450     453.90980       0.00000      -0.00000       0.00000 p1_bpx_aei_ho_09_07_r2_flat
  59      55.44200       0.01380     477.91290       0.00000      -0.00000       0.00000 p1_irl_aei_09_r1_front
  60     -36.42480    -209.77970     549.41790       0.00000      -0.00000       0.00000 p1_baz_aei_09_10_r1_cone
  60     -36.42480    -209.77970     549.41790       0.00000      -0.00000       0.00000 p1_baz_aei_09_11_r1_cone
  61      37.75290    -209.57670     565.72920       0.00000      -0.00000       0.00000 p1_baz_aei_09_10_r1_flat
  61      37.75290    -209.57670     565.72920       0.00000      -0.00000       0.00000 p1_baz_aei_09_11_r1_flat
  62      17.78690    -209.60430     602.62220       0.00000      -0.00000       0.00000  p1_baz_aei_09_10_r1_grove
  62      17.78690    -209.60430     602.62220       0.00000      -0.00000       0.00000  p1_baz_aei_09_11_r1_grove
  63      -5.90400      42.29140     720.19360       0.00000      -0.00000       0.00000 p1_slm_aei_09_surf_r1
  64     -37.21150     -97.08540     812.27850       0.00000      -0.00000       0.00000 p1_bpx_aei_ho_09_11_r3_cone
  65     -37.48600      97.46910     812.37010       0.00000      -0.00000       0.00000 p1_bpx_aei_ip_09_11_r3_cone
  66      38.64840     -96.97510     815.92170       0.00000      -0.00000       0.00000 p1_bpx_aei_ho_09_11_r3_flat
  67      38.36190      97.59520     815.98270       0.00000      -0.00000       0.00000 p1_bpx_aei_ip_09_11_r3_flat
  68      25.14720     -96.93450     855.64170       0.00000      -0.00000       0.00000 p1_bpx_aei_ho_09_11_r3_grove
  69      24.87420      97.59280     855.70980       0.00000      -0.00000       0.00000 p1_bpx_aei_ip_09_11_r3_grove
  70      27.91930     -96.88260     892.42610       0.00000      -0.00000       0.00000 p1_bpx_aei_ho_09_07_r3_cone
  71      27.65600      97.63770     892.49510       0.00000      -0.00000       0.00000 p1_bpx_aei_ip_09_07_r3_cone
  72     -46.81880     -96.98290     905.86960       0.00000      -0.00000       0.00000 p1_bpx_aei_ho_09_07_r3_grove
  73     -47.07630      97.53890     905.96110       0.00000      -0.00000       0.00000 p1_bpx_aei_ip_09_07_r3_grove
  74     -28.29280     -96.88460     943.49670       0.00000      -0.00000       0.00000 p1_bpx_aei_ho_09_07_r3_flat
  75     -28.53740      97.57710     943.58620       0.00000      -0.00000       0.00000 p1_bpx_aei_ip_09_07_r3_flat
  76      55.44720       0.06770     950.81450       0.00000      -0.00000       0.00000 p1_irc_aei_09_r1_front
  77      55.35000      -0.05610    1179.17510       0.00000      -0.00000       0.00000 p1_mid_aei_09_front
  78     -36.75100      97.62380    1241.22360       0.00000      -0.00000       0.00000 p1_bpx_aei_ip_09_11_r4_cone
  79     -36.52470     -96.97260    1241.29830       0.00000      -0.00000       0.00000 p1_bpx_aei_ho_09_11_r4_cone
  80      39.07350      97.67170    1245.34090       0.00000      -0.00000       0.00000 p1_bpx_aei_ip_09_11_r4_flat
  81      39.30270     -96.80640    1245.46030       0.00000      -0.00000       0.00000 p1_bpx_aei_ho_09_11_r4_flat
  82      25.31210      97.69980    1284.98210       0.00000      -0.00000       0.00000 p1_bpx_aei_ip_09_11_r4_grove
  83      25.52490     -96.80530    1285.08680       0.00000      -0.00000       0.00000 p1_bpx_aei_ho_09_11_r4_grove
  84      40.73210      97.74700    1319.37500       0.00000      -0.00000       0.00000 p1_bpx_aei_ip_09_07_r4_cone
  85      40.92050     -96.78060    1319.48800       0.00000      -0.00000       0.00000 p1_bpx_aei_ho_09_07_r4_cone
  86     -34.09710      97.72910    1332.32390       0.00000      -0.00000       0.00000 p1_bpx_aei_ip_09_07_r4_grove
  87     -33.90990     -96.89270    1332.40700       0.00000      -0.00000       0.00000 p1_bpx_aei_ho_09_07_r4_grove
  88     -15.79380      97.75290    1370.09280       0.00000      -0.00000       0.00000 p1_bpx_aei_ip_09_07_r4_flat
  89     -15.63020     -96.81810    1370.17750       0.00000      -0.00000       0.00000 p1_bpx_aei_ho_09_07_r4_flat
  90      55.35400      -0.03090    1407.53670       0.00000      -0.00000       0.00000 p1_irc_aei_09_r2_front
  91     -28.26310    -172.37760    1465.83250       0.00000      -0.00000       0.00000  p1_baz_aei_09_10_r2_grove
  91     -28.26310    -172.37760    1465.83250       0.00000      -0.00000       0.00000  p1_baz_aei_09_08_r2_grove
  92      42.13680    -172.29990    1494.33940       0.00000      -0.00000       0.00000 p1_baz_aei_09_10_r2_cone
  92      42.13680    -172.29990    1494.33940       0.00000      -0.00000       0.00000 p1_baz_aei_09_08_r2_cone
  93     -32.64870    -172.44700    1507.55670       0.00000      -0.00000       0.00000 p1_baz_aei_09_10_r2_flat
  93     -32.64870    -172.44700    1507.55670       0.00000      -0.00000       0.00000 p1_baz_aei_09_08_r2_flat
  94     -27.23450      97.54130    1666.36980       0.00000      -0.00000       0.00000 p1_bpx_aei_ip_09_11_r5_cone
  95     -26.92420     -97.02510    1666.56030       0.00000      -0.00000       0.00000 p1_bpx_aei_ho_09_11_r5_cone
  96      48.59790      97.63620    1670.54380       0.00000      -0.00000       0.00000 p1_bpx_aei_ip_09_11_r5_flat
  97      48.91740     -96.85730    1670.74310       0.00000      -0.00000       0.00000 p1_bpx_aei_ho_09_11_r5_flat
  98      34.80680      97.63580    1710.16370       0.00000      -0.00000       0.00000 p1_bpx_aei_ip_09_11_r5_grove
  99      35.12660     -96.86460    1710.35660       0.00000      -0.00000       0.00000 p1_bpx_aei_ho_09_11_r5_grove
 100      46.82120      97.68760    1759.25990       0.00000      -0.00000       0.00000 p1_bpx_aei_ip_09_07_r5_cone
 101      47.13810     -96.84240    1759.45120       0.00000      -0.00000       0.00000 p1_bpx_aei_ho_09_07_r5_cone
 102     -28.00930      97.59410    1772.15540       0.00000      -0.00000       0.00000 p1_bpx_aei_ip_09_07_r5_grove
 103     -27.70170     -96.96130    1772.34810       0.00000      -0.00000       0.00000 p1_bpx_aei_ho_09_07_r5_grove
 104      -9.75470      97.62720    1809.91890       0.00000      -0.00000       0.00000 p1_bpx_aei_ip_09_07_r5_flat
 105      -9.43680     -96.90510    1810.11930       0.00000      -0.00000       0.00000 p1_bpx_aei_ho_09_07_r5_flat
 106      55.51240       0.07780    1880.42080       0.00000      -0.00000       0.00000 p1_irl_aei_09_r2_front
 107     -13.36950      41.41970    2021.32090       0.00000      -0.00000       0.00000 p1_gim_aei_09_surf_r1
 108      55.45650       0.00000    2116.27220       0.00000      -0.00000       0.00000 p1_srg_aei_09_r2_front
 109      52.15040      52.22790    2116.29420       0.00000      -0.00000       0.00000 p1_srg_aei_09_r2_45deg
 110      -0.11890      73.76950    2116.29880       0.00000      -0.00000       0.00000 p1_srg_aei_09_r2_90deg
 111     -55.62510      -0.05590    2116.30550       0.00000      -0.00000       0.00000 p1_srg_aei_09_r2_rear
 112     -52.30140      52.23340    2116.32860       0.00000      -0.00000       0.00000 p1_srg_aei_09_r2_135deg
 113     -52.06710     -51.90030    2116.43750       0.00000      -0.00000       0.00000 p1_srg_aei_09_r2_225deg
 114       0.25080     -73.19250    2116.43790       0.00000      -0.00000       0.00000 p1_srg_aei_09_r2_270deg
 115      52.34550     -51.46730    2116.45720       0.00000      -0.00000       0.00000 p1_srg_aei_09_r2_315deg
 116     -34.66800      97.56960    2206.66400       0.00000      -0.00000       0.00000 p1_bpx_aei_ip_09_11_r6_cone
 117     -34.34810     -97.03630    2206.97590       0.00000      -0.00000       0.00000 p1_bpx_aei_ho_09_11_r6_cone
 118      41.16660      97.67470    2210.74470       0.00000      -0.00000       0.00000 p1_bpx_aei_ip_09_11_r6_flat
 119      41.48400     -96.87700    2211.08550       0.00000      -0.00000       0.00000 p1_bpx_aei_ho_09_11_r6_flat
 120      27.41770      97.65340    2250.39200       0.00000      -0.00000       0.00000 p1_bpx_aei_ip_09_11_r6_grove
 121      27.73550     -96.90660    2250.72250       0.00000      -0.00000       0.00000 p1_bpx_aei_ho_09_11_r6_grove
 122      39.60700      97.66630    2332.47860       0.00000      -0.00000       0.00000 p1_bpx_aei_ip_09_07_r6_cone
 123      39.91230     -96.88470    2332.80750       0.00000      -0.00000       0.00000 p1_bpx_aei_ho_09_07_r6_cone
 124     -35.21350      97.56570    2345.45430       0.00000      -0.00000       0.00000 p1_bpx_aei_ip_09_07_r6_grove
 125     -34.91400     -97.04170    2345.77440       0.00000      -0.00000       0.00000 p1_bpx_aei_ho_09_07_r6_grove
 126     -16.90620      97.57490    2383.19950       0.00000      -0.00000       0.00000 p1_bpx_aei_ip_09_07_r6_flat
 127     -16.62190     -97.01130    2383.53270       0.00000      -0.00000       0.00000 p1_bpx_aei_ho_09_07_r6_flat
 128      98.77035       1.08699     739.80000       0.00000       0.00000       0.00000 p2_aei_09_par_1
 129     121.47370       7.19741    2041.34000      26.08587       0.00000       0.00000 p2_aei_09_par_2
 130     -14.80239       3.89177    2382.00000     361.31491       0.74501      -0.00023 p2_aei_09_par_3
 131       0.37089       0.00538       0.03480      -0.00047       0.18280      -0.00410 p2_aei_09
 132     -15.09038       0.00446      66.14469       0.00279      -0.66867    3141.58860 p2_irm_aei_09_s1_fixed
 133      14.93890       0.00315    2291.94026      -0.00696       0.22871      -0.00410 p2_irm_aei_09_s2_fixed
 134      14.90963       0.00459      66.12463       0.00279      -0.66867    3141.58860 p2_irm_aei_09_l1_fixed
 135     -15.06110       0.00302    2291.93340      -0.00696       0.22871      -0.00410 p2_irm_aei_09_l2_fixed
 136     -14.84751       0.00526     478.04149       0.00046      -0.45726      -0.00410 p2_irl_aei_09_s1
 137      15.03812       0.00467    1880.04003       0.00041       0.25505      -0.00410 p2_irl_aei_09_s2
 138      15.24181       0.00428     950.53613      -0.00426       0.07845      -0.00410 p2_irl_aei_09_l1
 139     -14.84279       0.00349    1407.53196       0.00199       0.23632      -0.00410 p2_irl_aei_09_l2
 140     -14.75750       0.00420     941.23388      -0.00427       0.07058      -0.00410 p2_irc_aei_09_s1
 141      15.15501       0.00363    1416.83908       0.00208       0.23742      -0.00410 p2_irc_aei_09_s2
 142      15.15940       0.00360    1398.23902       0.00190       0.23518      -0.00410 p2_irc_aei_09_l1
 143     -14.75896       0.00412     959.83367      -0.00424       0.08610      -0.00410 p2_irc_aei_09_l2
 144      -0.13476       0.00434       0.03470       0.00284      -0.67279      -0.00410 p2_irt_aei_09_r1
 145       0.11267       0.00525     397.03461       0.00120      -0.52412      -0.00410 p2_irt_aei_09_r2
 146       0.24216       0.00486     794.03481      -0.00356      -0.08479      -0.00410 p2_irt_aei_09_r3
 147       0.20497       0.00345    1191.03522      -0.00142       0.20222      -0.00410 p2_irt_aei_09_r4
 148       0.11293       0.00402    1588.03576       0.00285       0.25249      -0.00410 p2_irt_aei_09_r5
 149       0.01163       0.00455    1985.03637      -0.00161       0.24885      -0.00410 p2_irt_aei_09_r6
 150      -0.08164       0.00244    2382.03696      -0.00726       0.22756      -0.00410 p2_irt_aei_09_r7
 151     -37.04380      97.61303      14.71815       0.00283      -0.67258      -0.00410 p2_bpx_aei_ip_09_11_r1_cone
 152     -36.70277     -97.20357      14.91027       0.00283      -0.67258      -0.00410 p2_bpx_aei_ho_09_11_r1_cone
 153      38.86709      97.75395      16.87049       0.00283      -0.67252      -0.00410 p2_bpx_aei_ip_09_11_r1_flat
 154      39.21203     -97.04865      17.08561       0.00283      -0.67251      -0.00410 p2_bpx_aei_ho_09_11_r1_flat
 155      26.14693      97.68691      56.85112       0.00280      -0.66974      -0.00410 p2_bpx_aei_ip_09_11_r1_grove
 156      26.47466     -96.95969      57.06194       0.00280      -0.66972      -0.00410 p2_bpx_aei_ho_09_11_r1_grove
 157      23.69402      97.64969      88.74627       0.00276      -0.66536      -0.00410 p2_bpx_aei_ip_09_07_r1_cone
 158      24.01535     -96.87571      88.94919       0.00275      -0.66533      -0.00410 p2_bpx_aei_ho_09_07_r1_cone
 159     -50.76333      97.56242     103.64407       0.00273      -0.66267      -0.00410 p2_bpx_aei_ip_09_07_r1_grove
 160     -50.45041     -96.98678     103.82560       0.00273      -0.66263      -0.00410 p2_bpx_aei_ho_09_07_r1_grove
 161     -31.50387      97.52070     140.91125       0.00263      -0.65407      -0.00410 p2_bpx_aei_ip_09_07_r1_flat
 162     -31.20436     -96.82680     141.08857       0.00263      -0.65403      -0.00410 p2_bpx_aei_ho_09_07_r1_flat
 163     -55.47097       0.00463     193.24328       0.00245      -0.63759      -0.00410 p2_srg_aei_09_r1_rear
 164     -52.23568      52.24615     193.24569       0.00245      -0.63759      -0.00410 p2_srg_aei_09_r1_135deg
 165      -0.00374      73.88406     193.23453       0.00245      -0.63758      -0.00410 p2_srg_aei_09_r1_90deg
 166      52.19759      52.27608     193.26640       0.00245      -0.63755      -0.00410 p2_srg_aei_09_r1_45deg
 167      55.44953       0.00509     193.29926       0.00245      -0.63754      -0.00410 p2_srg_aei_09_r1_front
 168      -0.25793     -73.11974     193.40475       0.00245      -0.63752      -0.00410 p2_srg_aei_09_r1_270deg
 169     -52.43773     -51.38725     193.43846       0.00245      -0.63752      -0.00410 p2_srg_aei_09_r1_225deg
 170      52.05121     -51.73392     193.41185       0.00245      -0.63750      -0.00410 p2_srg_aei_09_r1_315deg
 171      50.46482    -209.54050     248.58297       0.00220      -0.61450      -0.00410 p2_baz_aei_09_08_r1_cone
 171      50.46482    -209.54050     248.58297       0.00220      -0.61450      -0.00410 p2_baz_aei_09_07_r1_cone
 172     -25.48290    -209.73391     249.26973       0.00219      -0.61420      -0.00410  p2_baz_aei_09_08_r1_grove
 172     -25.48290    -209.73391     249.26973       0.00219      -0.61420      -0.00410  p2_baz_aei_09_07_r1_grove
 173     -13.51699    -209.69288     289.48607       0.00197      -0.59376      -0.00410 p2_baz_aei_09_08_r1_flat
 173     -13.51699    -209.69288     289.48607       0.00197      -0.59376      -0.00410 p2_baz_aei_09_07_r1_flat
 174     -38.28936      97.46928     324.95272       0.00174      -0.57322      -0.00410 p2_bpx_aei_ip_09_11_r2_cone
 175     -38.01584     -97.07241     324.99030       0.00174      -0.57319      -0.00410 p2_bpx_aei_ho_09_11_r2_cone
 176      37.60067      97.56750     327.73519       0.00172      -0.57148      -0.00410 p2_bpx_aei_ip_09_11_r2_flat
 177      37.87670     -96.95120     327.80287       0.00172      -0.57144      -0.00410 p2_bpx_aei_ho_09_11_r2_flat
 178      24.54133      97.59211     367.60203       0.00143      -0.54533      -0.00410 p2_bpx_aei_ip_09_11_r2_grove
 179      24.80307     -96.90179     367.66587       0.00143      -0.54529      -0.00410 p2_bpx_aei_ho_09_11_r2_grove
 180      28.03506      97.64927     402.17067       0.00116      -0.52023      -0.00410 p2_bpx_aei_ip_09_07_r2_cone
 181      28.28599     -96.84813     402.22957       0.00116      -0.52019      -0.00410 p2_bpx_aei_ho_09_07_r2_cone
 182     -46.54082      97.58368     416.45067       0.00104      -0.50924      -0.00410 p2_bpx_aei_ip_09_07_r2_grove
 183     -46.29961     -96.92622     416.48095       0.00104      -0.50921      -0.00410 p2_bpx_aei_ho_09_07_r2_grove
 184     -27.59692      97.62859     453.86703       0.00070      -0.47852      -0.00410 p2_bpx_aei_ip_09_07_r2_flat
 185     -27.36211     -96.81381     453.90825       0.00070      -0.47848      -0.00410 p2_bpx_aei_ho_09_07_r2_flat
 186      55.43846       0.01674     477.91464       0.00046      -0.45735      -0.00410 p2_irl_aei_09_r1_front
 187     -36.42713    -209.78013     549.41830      -0.00030      -0.38810      -0.00410 p2_baz_aei_09_10_r1_cone
 187     -36.42713    -209.78013     549.41830      -0.00030      -0.38810      -0.00410 p2_baz_aei_09_11_r1_cone
 188      37.75238    -209.57953     565.72793      -0.00049      -0.37091      -0.00410 p2_baz_aei_09_10_r1_flat
 188      37.75238    -209.57953     565.72793      -0.00049      -0.37091      -0.00410 p2_baz_aei_09_11_r1_flat
 189      17.78632    -209.60604     602.61828      -0.00093      -0.33027      -0.00410  p2_baz_aei_09_10_r1_grove
 189      17.78632    -209.60604     602.61828      -0.00093      -0.33027      -0.00410  p2_baz_aei_09_11_r1_grove
 190      -5.67165      42.29646     720.19135      -0.00255      -0.18358      -0.00410 p2_slm_aei_09_surf_r1
 191     -37.21000     -97.08966     812.28130      -0.00374      -0.06240      -0.00410 p2_bpx_aei_ho_09_11_r3_cone
 192     -37.49199      97.47484     812.37414      -0.00375      -0.06229      -0.00410 p2_bpx_aei_ip_09_11_r3_cone
 193      38.64972     -96.97866     815.91833      -0.00378      -0.05804      -0.00410 p2_bpx_aei_ho_09_11_r3_flat
 194      38.35593      97.60114     815.98389      -0.00378      -0.05796      -0.00410 p2_bpx_aei_ip_09_11_r3_flat
 195      25.14941     -96.93637     855.64145      -0.00408      -0.01274      -0.00410 p2_bpx_aei_ho_09_11_r3_grove
 196      24.86992      97.59603     855.71095      -0.00408      -0.01267      -0.00410 p2_bpx_aei_ip_09_11_r3_grove
 197      27.92447     -96.89252     892.42549      -0.00423       0.02545      -0.00410 p2_bpx_aei_ho_09_07_r3_cone
 198      27.65147      97.63658     892.49861      -0.00424       0.02552      -0.00410 p2_bpx_aei_ip_09_07_r3_cone
 199     -46.81656     -96.98378     905.86738      -0.00427       0.03851      -0.00410 p2_bpx_aei_ho_09_07_r3_grove
 200     -47.08236      97.54552     905.96240      -0.00427       0.03860      -0.00410 p2_bpx_aei_ip_09_07_r3_grove
 201     -28.29176     -96.88286     943.49516      -0.00427       0.07251      -0.00410 p2_bpx_aei_ho_09_07_r3_flat
 202     -28.54447      97.58013     943.58657      -0.00427       0.07259      -0.00410 p2_bpx_aei_ip_09_07_r3_flat
 203      55.43719       0.06865     950.81829      -0.00426       0.07869      -0.00410 p2_irc_aei_09_r1_front
 204      55.33956      -0.05601    1179.17741      -0.00167       0.19973      -0.00410 p2_mid_aei_09_front
 205     -36.75382      97.62765    1241.22510      -0.00040       0.21156      -0.00410 p2_bpx_aei_ip_09_11_r4_cone
 206     -36.52003     -96.97085    1241.29547      -0.00039       0.21157      -0.00410 p2_bpx_aei_ho_09_11_r4_cone
 207      39.07051      97.67526    1245.34317      -0.00032       0.21228      -0.00410 p2_bpx_aei_ip_09_11_r4_flat
 208      39.30708     -96.80824    1245.46036      -0.00032       0.21230      -0.00410 p2_bpx_aei_ho_09_11_r4_flat
 209      25.31106      97.69870    1284.98460       0.00038       0.21899      -0.00410 p2_bpx_aei_ip_09_11_r4_grove
 210      25.52994     -96.81010    1285.08712       0.00038       0.21900      -0.00410 p2_bpx_aei_ho_09_11_r4_grove
 211      40.72874      97.74959    1319.37829       0.00092       0.22437      -0.00410 p2_bpx_aei_ip_09_07_r4_cone
 212      40.92421     -96.78311    1319.48571       0.00092       0.22438      -0.00410 p2_bpx_aei_ho_09_07_r4_cone
 213     -34.09838      97.73340    1332.32544       0.00110       0.22629      -0.00410 p2_bpx_aei_ip_09_07_r4_grove
 214     -33.90490     -96.89230    1332.40629       0.00110       0.22630      -0.00410 p2_bpx_aei_ho_09_07_r4_grove
 215     -15.79663      97.75752    1370.09400       0.00159       0.23157      -0.00410 p2_bpx_aei_ip_09_07_r4_flat
 216     -15.62695     -96.81678    1370.17665       0.00159       0.23158      -0.00410 p2_bpx_aei_ho_09_07_r4_flat
 217      55.36041      -0.04192    1407.53525       0.00199       0.23632      -0.00410 p2_irc_aei_09_r2_front
 218     -28.26605    -172.37833    1465.83371       0.00246       0.24276      -0.00410  p2_baz_aei_09_10_r2_grove
 218     -28.26605    -172.37833    1465.83371       0.00246       0.24276      -0.00410  p2_baz_aei_09_08_r2_grove
 219      42.13459    -172.30317    1494.34069       0.00263       0.24548      -0.00410 p2_baz_aei_09_10_r2_cone
 219      42.13459    -172.30317    1494.34069       0.00263       0.24548      -0.00410 p2_baz_aei_09_08_r2_cone
 220     -32.65017    -172.44814    1507.55762       0.00269       0.24665      -0.00410 p2_baz_aei_09_10_r2_flat
 220     -32.65017    -172.44814    1507.55762       0.00269       0.24665      -0.00410 p2_baz_aei_09_08_r2_flat
 221     -27.22880      97.54182    1666.36543       0.00266       0.25604      -0.00410 p2_bpx_aei_ip_09_11_r5_cone
 222     -26.92625     -97.02037    1666.55932       0.00266       0.25604      -0.00410 p2_bpx_aei_ho_09_11_r5_cone
 223      48.60403      97.63414    1670.54036       0.00264       0.25617      -0.00410 p2_bpx_aei_ip_09_11_r5_flat
 224      48.91248     -96.85885    1670.74505       0.00264       0.25617      -0.00410 p2_bpx_aei_ho_09_11_r5_flat
 225      34.81226      97.63399    1710.16034       0.00240       0.25711      -0.00410 p2_bpx_aei_ip_09_11_r5_grove
 226      35.12351     -96.86591    1710.35709       0.00240       0.25711      -0.00410 p2_bpx_aei_ho_09_11_r5_grove
 227      46.82592      97.68645    1759.25717       0.00199       0.25753      -0.00410 p2_bpx_aei_ip_09_07_r5_cone
 228      47.13337     -96.84415    1759.45284       0.00199       0.25753      -0.00410 p2_bpx_aei_ho_09_07_r5_cone
 229     -28.00370      97.59466    1772.15043       0.00186       0.25750      -0.00410 p2_bpx_aei_ip_09_07_r5_grove
 230     -27.70535     -96.95923    1772.35017       0.00186       0.25750      -0.00410 p2_bpx_aei_ho_09_07_r5_grove
 231      -9.75092      97.62710    1809.91644       0.00143       0.25710      -0.00410 p2_bpx_aei_ip_09_07_r5_flat
 232      -9.44117     -96.90290    1810.11800       0.00143       0.25710      -0.00410 p2_bpx_aei_ho_09_07_r5_flat
 233      55.51002       0.07614    1880.42016       0.00041       0.25504      -0.00410 p2_irl_aei_09_r2_front
 234     -13.36612      41.42402    2021.32014      -0.00245       0.24583      -0.00410 p2_gim_aei_09_surf_r1
 235      55.43622       0.00436    2116.27185      -0.00464       0.23755      -0.00410 p2_srg_aei_09_r2_front
 236      52.14990      52.22505    2116.29451      -0.00464       0.23754      -0.00410 p2_srg_aei_09_r2_45deg
 237      -0.11779      73.76784    2116.29839      -0.00464       0.23754      -0.00410 p2_srg_aei_09_r2_90deg
 238     -55.62979      -0.05169    2116.30636      -0.00464       0.23754      -0.00410 p2_srg_aei_09_r2_rear
 239     -52.30151      52.23732    2116.32770      -0.00464       0.23754      -0.00410 p2_srg_aei_09_r2_135deg
 240       0.24368     -73.19076    2116.44040      -0.00464       0.23753      -0.00410 p2_srg_aei_09_r2_270deg
 241      52.33989     -51.46585    2116.45837      -0.00464       0.23753      -0.00410 p2_srg_aei_09_r2_315deg
 242     -52.07221     -51.89258    2116.43897      -0.00464       0.23753      -0.00410 p2_srg_aei_09_r2_225deg
 243     -34.66628      97.57330    2206.66367      -0.00612       0.23191      -0.00410 p2_bpx_aei_ip_09_11_r6_cone
 244     -34.35416     -97.03550    2206.97686      -0.00613       0.23189      -0.00410 p2_bpx_aei_ho_09_11_r6_cone
 245      41.17058      97.67309    2210.74357      -0.00617       0.23171      -0.00410 p2_bpx_aei_ip_09_11_r6_flat
 246      41.47769     -96.87771    2211.08554      -0.00618       0.23169      -0.00410 p2_bpx_aei_ho_09_11_r6_flat
 247      27.42232      97.65218    2250.39074      -0.00662       0.23001      -0.00410 p2_bpx_aei_ip_09_11_r6_grove
 248      27.73004     -96.90792    2250.72272      -0.00662       0.23000      -0.00410 p2_bpx_aei_ho_09_11_r6_grove
 249      39.61254      97.66436    2332.47804      -0.00717       0.22791      -0.00410 p2_bpx_aei_ip_09_07_r6_cone
 250      39.90607     -96.88904    2332.80581      -0.00717       0.22790      -0.00410 p2_bpx_aei_ho_09_07_r6_cone
 251     -35.20802      97.56706    2345.45551      -0.00721       0.22775      -0.00410 p2_bpx_aei_ip_09_07_r6_grove
 252     -34.91799     -97.03994    2345.77627      -0.00722       0.22775      -0.00410 p2_bpx_aei_ho_09_07_r6_grove
 253     -16.89951      97.57496    2383.20144      -0.00726       0.22756      -0.00410 p2_bpx_aei_ip_09_07_r6_flat
 254     -16.62589     -97.01034    2383.53309      -0.00726       0.22756      -0.00410 p2_bpx_aei_ho_09_07_r6_flat
 255       1.93810       0.85465     739.80000       0.00000       0.00000       0.00000 p3_aei_09_par_1
 256     129.54864       8.55075    2041.34000      26.08587       0.00000       0.00000 p3_aei_09_par_2
 257      80.29679       5.41910    2382.00000     428.56645       0.94831      -0.00007 p3_aei_09_par_3
 258      -0.08738       0.00349      -0.00640       0.00013      -0.03171       0.00040 p3_aei_09
 259     -14.99773       0.00454      66.09213       0.00018       0.09463   -3141.59220 p3_irm_aei_09_s1_fixed
 260      14.96801       0.00198    2291.89783      -0.00931       0.07059       0.00040 p3_irm_aei_09_s2_fixed
 261      15.00227       0.00453      66.09496       0.00018       0.09463   -3141.59220 p3_irm_aei_09_l1_fixed
 262     -15.03199       0.00199    2291.89571      -0.00931       0.07059       0.00040 p3_irm_aei_09_l2_fixed
 263     -15.03735       0.00434     477.99198      -0.00165       0.09878       0.00040 p3_irl_aei_09_s1
 264      14.96944       0.00394    1879.99436       0.00100      -0.08036       0.00040 p3_irl_aei_09_s2
 265      14.91534       0.00255     950.49503      -0.00482       0.08301       0.00040 p3_irl_aei_09_l1
 266     -15.08278       0.00219    1407.49590       0.00367      -0.09462       0.00040 p3_irl_aei_09_l2
 267     -15.08388       0.00261     941.19250      -0.00488       0.08513       0.00040 p3_irc_aei_09_s1
 268      14.91811       0.00222    1416.79305       0.00378      -0.09700       0.00040 p3_irc_aei_09_s2
 269      14.91635       0.00215    1398.19308       0.00356      -0.09212       0.00040 p3_irc_aei_09_l1
 270     -15.08543       0.00252     959.79258      -0.00476       0.08079       0.00040 p3_irc_aei_09_l2
 271       0.00852       0.00452      -0.00641       0.00022       0.09455       0.00040 p3_irt_aei_09_r1
 272      -0.02940       0.00444     396.99345      -0.00107       0.09747       0.00040 p3_irt_aei_09_r2
 273      -0.06961       0.00334     793.99363      -0.00477       0.10435       0.00040 p3_irt_aei_09_r3
 274      -0.09502       0.00180    1190.99411      -0.00065      -0.00880       0.00040 p3_irt_aei_09_r4
 275      -0.06264       0.00297    1587.99486       0.00461      -0.12180       0.00040 p3_irt_aei_09_r5
 276      -0.02414       0.00391    1984.99585      -0.00186      -0.03965       0.00040 p3_irt_aei_09_r6
 277      -0.03872       0.00112    2381.99706      -0.00973       0.07682       0.00040 p3_irt_aei_09_r7
 278     -37.04173      97.61314      14.71656       0.00022       0.09456       0.00040 p3_bpx_aei_ip_09_11_r1_cone
 279     -36.70093     -97.20426      14.90823       0.00022       0.09456       0.00040 p3_bpx_aei_ho_09_11_r1_cone
 280      38.86967      97.75431      16.86873       0.00021       0.09456       0.00040 p3_bpx_aei_ip_09_11_r1_flat
 281      39.21327     -97.04549      17.08811       0.00021       0.09456       0.00040 p3_bpx_aei_ho_09_11_r1_flat
 282      26.14618      97.68862      56.85231       0.00019       0.09461       0.00040 p3_bpx_aei_ip_09_11_r1_grove
 283      26.47549     -96.96198      57.06337       0.00019       0.09461       0.00040 p3_bpx_aei_ho_09_11_r1_grove
 284      23.69277      97.64623      88.74556       0.00015       0.09470       0.00040 p3_bpx_aei_ip_09_07_r1_cone
 285      24.01447     -96.87407      88.94912       0.00015       0.09470       0.00040 p3_bpx_aei_ho_09_07_r1_cone
 286     -50.76425      97.56096     103.64270       0.00013       0.09475       0.00040 p3_bpx_aei_ip_09_07_r1_grove
 287     -50.44934     -96.98714     103.82585       0.00013       0.09475       0.00040 p3_bpx_aei_ho_09_07_r1_grove
 288     -31.50468      97.51976     140.90931       0.00006       0.09492       0.00040 p3_bpx_aei_ip_09_07_r1_flat
 289     -31.20428     -96.82664     141.09095       0.00005       0.09492       0.00040 p3_bpx_aei_ho_09_07_r1_flat
 290      -0.00406      73.88385     193.23439      -0.00009       0.09524       0.00040 p3_srg_aei_09_r1_90deg
 291     -55.47140       0.00457     193.24240      -0.00009       0.09524       0.00040 p3_srg_aei_09_r1_rear
 292     -52.23618      52.24287     193.24471      -0.00009       0.09524       0.00040 p3_srg_aei_09_r1_135deg
 293      52.19662      52.27402     193.26696      -0.00009       0.09524       0.00040 p3_srg_aei_09_r1_45deg
 294      55.44670       0.00452     193.29876      -0.00009       0.09524       0.00040 p3_srg_aei_09_r1_front
 295      -0.25804     -73.12175     193.40665      -0.00009       0.09525       0.00040 p3_srg_aei_09_r1_270deg
 296      52.04947     -51.73318     193.41323      -0.00009       0.09525       0.00040 p3_srg_aei_09_r1_315deg
 297     -52.43904     -51.38813     193.43788      -0.00009       0.09525       0.00040 p3_srg_aei_09_r1_225deg
 298      50.46304    -209.53988     248.58293      -0.00029       0.09570       0.00040 p3_baz_aei_09_08_r1_cone
 298      50.46304    -209.53988     248.58293      -0.00029       0.09570       0.00040 p3_baz_aei_09_07_r1_cone
 299     -25.48353    -209.73455     249.26886      -0.00029       0.09570       0.00040  p3_baz_aei_09_08_r1_grove
 299     -25.48353    -209.73455     249.26886      -0.00029       0.09570       0.00040  p3_baz_aei_09_07_r1_grove
 300     -13.51799    -209.69257     289.48506      -0.00047       0.09610       0.00040 p3_baz_aei_09_08_r1_flat
 300     -13.51799    -209.69257     289.48506      -0.00047       0.09610       0.00040 p3_baz_aei_09_07_r1_flat
 301     -38.28848      97.46992     324.95052      -0.00064       0.09651       0.00040 p3_bpx_aei_ip_09_11_r2_cone
 302     -38.01626     -97.07268     324.98882      -0.00064       0.09651       0.00040 p3_bpx_aei_ho_09_11_r2_cone
 303      37.60135      97.56908     327.73674      -0.00066       0.09654       0.00040 p3_bpx_aei_ip_09_11_r2_flat
 304      37.87527     -96.94842     327.80244      -0.00066       0.09654       0.00040 p3_bpx_aei_ho_09_11_r2_flat
 305      24.54070      97.59316     367.60222      -0.00089       0.09705       0.00040 p3_bpx_aei_ip_09_11_r2_grove
 306      24.80101     -96.90094     367.66547      -0.00089       0.09706       0.00040 p3_bpx_aei_ho_09_11_r2_grove
 307      28.03383      97.65042     402.17079      -0.00110       0.09755       0.00040 p3_bpx_aei_ip_09_07_r2_cone
 308      28.28355     -96.84868     402.22960      -0.00110       0.09755       0.00040 p3_bpx_aei_ho_09_07_r2_cone
 309     -46.54306      97.58364     416.45102      -0.00120       0.09776       0.00040 p3_bpx_aei_ip_09_07_r2_grove
 310     -46.30094     -96.92536     416.48191      -0.00120       0.09776       0.00040 p3_bpx_aei_ho_09_07_r2_grove
 311     -27.59803      97.62908     453.86809      -0.00146       0.09837       0.00040 p3_bpx_aei_ip_09_07_r2_flat
 312     -27.36161     -96.81482     453.90892      -0.00146       0.09837       0.00040 p3_bpx_aei_ho_09_07_r2_flat
 313      55.43816       0.01561     477.91384      -0.00165       0.09878       0.00040 p3_irl_aei_09_r1_front
 314     -36.42654    -209.78049     549.41966      -0.00225       0.10014       0.00040 p3_baz_aei_09_10_r1_cone
 314     -36.42654    -209.78049     549.41966      -0.00225       0.10014       0.00040 p3_baz_aei_09_11_r1_cone
 315      37.75193    -209.57986     565.72908      -0.00240       0.10048       0.00040 p3_baz_aei_09_10_r1_flat
 315      37.75193    -209.57986     565.72908      -0.00240       0.10048       0.00040 p3_baz_aei_09_11_r1_flat
 316      17.78531    -209.60845     602.62203      -0.00275       0.10127       0.00040  p3_baz_aei_09_10_r1_grove
 316      17.78531    -209.60845     602.62203      -0.00275       0.10127       0.00040  p3_baz_aei_09_11_r1_grove
 317      -5.96486      42.29497     720.18973      -0.00402       0.10415       0.00040 p3_slm_aei_09_surf_r1
 318     -37.20805     -97.08744     812.27753      -0.00489       0.10342       0.00040 p3_bpx_aei_ho_09_11_r3_cone
 319     -37.48968      97.47416     812.37065      -0.00489       0.10341       0.00040 p3_bpx_aei_ip_09_11_r3_cone
 320      38.65248     -96.97839     815.92027      -0.00491       0.10319       0.00040 p3_bpx_aei_ho_09_11_r3_flat
 321      38.35615      97.59681     815.98579      -0.00491       0.10318       0.00040 p3_bpx_aei_ip_09_11_r3_flat
 322      25.14944     -96.93938     855.63981      -0.00505       0.09956       0.00040 p3_bpx_aei_ho_09_11_r3_grove
 323      24.87062      97.59892     855.71206      -0.00505       0.09955       0.00040 p3_bpx_aei_ip_09_11_r3_grove
 324      27.92307     -96.89247     892.42528      -0.00506       0.09446       0.00040 p3_bpx_aei_ho_09_07_r3_cone
 325      27.65194      97.63733     892.49733      -0.00506       0.09445       0.00040 p3_bpx_aei_ip_09_07_r3_cone
 326     -46.81539     -96.98580     905.86714      -0.00503       0.09218       0.00040 p3_bpx_aei_ho_09_07_r3_grove
 327     -47.08082      97.54630     905.96279      -0.00503       0.09217       0.00040 p3_bpx_aei_ip_09_07_r3_grove
 328     -28.28642     -96.88590     943.49682      -0.00487       0.08461       0.00040 p3_bpx_aei_ho_09_07_r3_flat
 329     -28.54245      97.58200     943.58774      -0.00487       0.08459       0.00040 p3_bpx_aei_ip_09_07_r3_flat
 330      55.43741       0.06753     950.81729      -0.00482       0.08294       0.00040 p3_irc_aei_09_r1_front
 331      55.34011      -0.05702    1179.17684      -0.00098      -0.00262       0.00040 p3_mid_aei_09_front
 332     -36.75340      97.62701    1241.22286       0.00066      -0.03388       0.00040 p3_bpx_aei_ip_09_11_r4_cone
 333     -36.52037     -96.97039    1241.29409       0.00067      -0.03391       0.00040 p3_bpx_aei_ho_09_11_r4_cone
 334      39.07135      97.67438    1245.34362       0.00076      -0.03580       0.00040 p3_bpx_aei_ip_09_11_r4_flat
 335      39.30437     -96.80842    1245.46006       0.00077      -0.03585       0.00040 p3_bpx_aei_ho_09_11_r4_flat
 336      25.30872      97.69944    1284.98375       0.00166      -0.05318       0.00040 p3_bpx_aei_ip_09_11_r4_grove
 337      25.52874     -96.80696    1285.08726       0.00166      -0.05323       0.00040 p3_bpx_aei_ho_09_11_r4_grove
 338      40.72818      97.74900    1319.37717       0.00233      -0.06669       0.00040 p3_bpx_aei_ip_09_07_r4_cone
 339      40.92151     -96.78150    1319.48641       0.00234      -0.06673       0.00040 p3_bpx_aei_ho_09_07_r4_cone
 340     -34.09902      97.73556    1332.32512       0.00257      -0.07140       0.00040 p3_bpx_aei_ip_09_07_r4_grove
 341     -33.90430     -96.89204    1332.40711       0.00257      -0.07143       0.00040 p3_bpx_aei_ho_09_07_r4_grove
 342     -15.79618      97.75766    1370.09582       0.00318      -0.08394       0.00040 p3_bpx_aei_ip_09_07_r4_flat
 343     -15.62586     -96.81774    1370.17763       0.00318      -0.08396       0.00040 p3_bpx_aei_ho_09_07_r4_flat
 344      55.36242      -0.04164    1407.53234       0.00367      -0.09463       0.00040 p3_irc_aei_09_r2_front
 345     -28.26662    -172.37857    1465.83327       0.00424      -0.10781       0.00040  p3_baz_aei_09_10_r2_grove
 345     -28.26662    -172.37857    1465.83327       0.00424      -0.10781       0.00040  p3_baz_aei_09_08_r2_grove
 346      42.13462    -172.30137    1494.34066       0.00443      -0.11273       0.00040 p3_baz_aei_09_10_r2_cone
 346      42.13462    -172.30137    1494.34066       0.00443      -0.11273       0.00040 p3_baz_aei_09_08_r2_cone
 347     -32.65158    -172.44989    1507.55899       0.00449      -0.11467       0.00040 p3_baz_aei_09_10_r2_flat
 347     -32.65158    -172.44989    1507.55899       0.00449      -0.11467       0.00040 p3_baz_aei_09_08_r2_flat
 348     -27.22904      97.54163    1666.36521       0.00426      -0.12104       0.00040 p3_bpx_aei_ip_09_11_r5_cone
 349     -26.92679     -97.02207    1666.56130       0.00426      -0.12103       0.00040 p3_bpx_aei_ho_09_11_r5_cone
 350      48.60337      97.63372    1670.54065       0.00423      -0.12079       0.00040 p3_bpx_aei_ip_09_11_r5_flat
 351      48.91411     -96.86238    1670.74404       0.00423      -0.12077       0.00040 p3_bpx_aei_ho_09_11_r5_flat
 352      34.81119      97.63369    1710.15927       0.00387      -0.11730       0.00040 p3_bpx_aei_ip_09_11_r5_grove
 353      35.12364     -96.86801    1710.35669       0.00387      -0.11728       0.00040 p3_bpx_aei_ho_09_11_r5_grove
 354      46.82719      97.68876    1759.25667       0.00326      -0.11029       0.00040 p3_bpx_aei_ip_09_07_r5_cone
 355      47.13423     -96.84214    1759.45327       0.00326      -0.11026       0.00040 p3_bpx_aei_ho_09_07_r5_cone
 356     -28.00490      97.59553    1772.15231       0.00307      -0.10796       0.00040 p3_bpx_aei_ip_09_07_r5_grove
 357     -27.70526     -96.96197    1772.34847       0.00307      -0.10792       0.00040 p3_bpx_aei_ho_09_07_r5_grove
 358      -9.74997      97.62803    1809.91662       0.00244      -0.09993       0.00040 p3_bpx_aei_ip_09_07_r5_flat
 359      -9.44043     -96.90257    1810.11826       0.00244      -0.09988       0.00040 p3_bpx_aei_ho_09_07_r5_flat
 360      55.50988       0.07592    1880.42101       0.00099      -0.08022       0.00040 p3_irl_aei_09_r2_front
 361     -13.39249      41.42312    2021.31988      -0.00303      -0.02239       0.00040 p3_gim_aei_09_surf_r1
 362      55.43339       0.00336    2116.27239      -0.00608       0.02267       0.00040 p3_srg_aei_09_r2_front
 363      52.14961      52.22536    2116.29313      -0.00608       0.02268       0.00040 p3_srg_aei_09_r2_45deg
 364      -0.11758      73.76838    2116.29847      -0.00608       0.02268       0.00040 p3_srg_aei_09_r2_90deg
 365     -55.62961      -0.05080    2116.30557      -0.00608       0.02269       0.00040 p3_srg_aei_09_r2_rear
 366     -52.30309      52.23540    2116.32806      -0.00608       0.02269       0.00040 p3_srg_aei_09_r2_135deg
 367     -52.07053     -51.89420    2116.43753      -0.00608       0.02274       0.00040 p3_srg_aei_09_r2_225deg
 368       0.24456     -73.19152    2116.43999      -0.00608       0.02274       0.00040 p3_srg_aei_09_r2_270deg
 369      52.34007     -51.46684    2116.45611      -0.00608       0.02275       0.00040 p3_srg_aei_09_r2_315deg
 370     -34.66729      97.57264    2206.66395      -0.00814       0.05324       0.00040 p3_bpx_aei_ip_09_11_r6_cone
 371     -34.35319     -97.03316    2206.97748      -0.00815       0.05333       0.00040 p3_bpx_aei_ho_09_11_r6_cone
 372      41.17069      97.67318    2210.74365      -0.00821       0.05433       0.00040 p3_bpx_aei_ip_09_11_r6_flat
 373      41.47859     -96.87782    2211.08548      -0.00822       0.05442       0.00040 p3_bpx_aei_ho_09_11_r6_flat
 374      27.42214      97.65325    2250.38994      -0.00883       0.06354       0.00040 p3_bpx_aei_ip_09_11_r6_grove
 375      27.73054     -96.90646    2250.72195      -0.00884       0.06360       0.00040 p3_bpx_aei_ho_09_11_r6_grove
 376      39.61309      97.66328    2332.47871      -0.00960       0.07494       0.00040 p3_bpx_aei_ip_09_07_r6_cone
 377      39.90619     -96.89052    2332.80646      -0.00961       0.07496       0.00040 p3_bpx_aei_ho_09_07_r6_cone
 378     -35.20849      97.56629    2345.45512      -0.00966       0.07579       0.00040 p3_bpx_aei_ip_09_07_r6_grove
 379     -34.91779     -97.03812    2345.77566      -0.00966       0.07581       0.00040 p3_bpx_aei_ho_09_07_r6_grove
 380     -16.90138      97.57331    2383.20062      -0.00973       0.07682       0.00040 p3_bpx_aei_ip_09_07_r6_flat
 381     -16.62568     -97.01039    2383.53395      -0.00973       0.07682       0.00040 p3_bpx_aei_ho_09_07_r6_flat
 382     -80.42554       4.68367     739.80000       0.00000       0.00000       0.00000 p4_aei_09_par_1
 383     -92.63321      16.68866    2041.34000      26.08587       0.00000       0.00000 p4_aei_09_par_2
 384      14.23783       1.87583    2382.00000    2520.70074       0.18565      -0.00160 p4_aei_09_par_3
 385      -0.32394       0.01157      -0.02017      -0.00066      -0.14748       0.05689 p4_aei_09
 386     -14.94197       0.00348      66.07146       0.02133       0.55543   -3141.53572 p4_irm_aei_09_s1_fixed
 387      15.02539       0.01087    2291.87882       0.00520      -0.18677       0.05689 p4_irm_aei_09_s2_fixed
 388      15.05803       0.00177      66.08812       0.02133       0.55543   -3141.53572 p4_irm_aei_09_l1_fixed
 389     -14.97461       0.01258    2291.88442       0.00520      -0.18677       0.05689 p4_irm_aei_09_l2_fixed
 390     -15.14425       0.01072     477.97481       0.01129       0.38329       0.05688 p4_irl_aei_09_s1
 391      14.94364       0.00811    1879.98018       0.00820      -0.21209       0.05689 p4_irl_aei_09_s2
 392      14.77795       0.00852     950.48127      -0.01140      -0.05442       0.05689 p4_irl_aei_09_l1
 393     -15.15513       0.00704    1407.48622       0.00100      -0.19368       0.05689 p4_irl_aei_09_l2
 394     -15.22252       0.01033     941.18278      -0.01126      -0.04787       0.05689 p4_irc_aei_09_s1
 395      14.84667       0.00534    1416.78041       0.00129      -0.19476       0.05689 p4_irc_aei_09_s2
 396      14.84307       0.00532    1398.18041       0.00071      -0.19258       0.05689 p4_irc_aei_09_l1
 397     -15.22151       0.01012     959.78303      -0.01151      -0.06078       0.05689 p4_irc_aei_09_l2
 398       0.09489       0.00121      -0.02023       0.02152       0.55879       0.05688 p4_irt_aei_09_r1
 399      -0.11093       0.00882     396.98034       0.01446       0.43773       0.05688 p4_irt_aei_09_r2
 400      -0.22072       0.01083     793.98157      -0.00621       0.07990       0.05689 p4_irt_aei_09_r3
 401      -0.19376       0.00682    1190.98283      -0.00744      -0.16056       0.05689 p4_irt_aei_09_r4
 402      -0.11859       0.00681    1587.98354       0.00557      -0.20944       0.05689 p4_irt_aei_09_r5
 403      -0.03437       0.00981    1984.98311       0.00771      -0.20614       0.05689 p4_irt_aei_09_r6
 404       0.04216       0.01218    2381.98094       0.00506      -0.18567       0.05689 p4_irt_aei_09_r7
 405     -37.02911      97.60654      14.72834       0.02151       0.55862       0.05688 p4_bpx_aei_ip_09_11_r1_cone
 406     -36.69539     -97.20528      14.89881       0.02151       0.55862       0.05688 p4_bpx_aei_ho_09_11_r1_cone
 407      38.88052      97.74416      16.88344       0.02151       0.55857       0.05688 p4_bpx_aei_ip_09_11_r1_flat
 408      39.21853     -97.05665      17.07982       0.02151       0.55857       0.05688 p4_bpx_aei_ho_09_11_r1_flat
 409      26.15572      97.68154      56.86611       0.02138       0.55631       0.05688 p4_bpx_aei_ip_09_11_r1_grove
 410      26.47834     -96.96767      57.05485       0.02137       0.55629       0.05688 p4_bpx_aei_ho_09_11_r1_grove
 411      23.69962      97.64326      88.76072       0.02117       0.55274       0.05688 p4_bpx_aei_ip_09_07_r1_cone
 412      24.01366     -96.87925      88.94081       0.02117       0.55271       0.05688 p4_bpx_aei_ho_09_07_r1_cone
 413     -50.75893      97.55421     103.65280       0.02104       0.55053       0.05688 p4_bpx_aei_ip_09_07_r1_grove
 414     -50.45218     -96.98850     103.81227       0.02104       0.55051       0.05688 p4_bpx_aei_ho_09_07_r1_grove
 415     -31.50051      97.51439     140.92002       0.02063       0.54353       0.05688 p4_bpx_aei_ip_09_07_r1_flat
 416     -31.20815     -96.82792     141.07969       0.02063       0.54350       0.05688 p4_bpx_aei_ho_09_07_r1_flat
 417      -0.00385      73.87966     193.24637       0.01985       0.53010       0.05688 p4_srg_aei_09_r1_90deg
 418      52.19822      52.27019     193.27947       0.01985       0.53010       0.05688 p4_srg_aei_09_r1_45deg
 419     -55.47287       0.00841     193.23173       0.01985       0.53010       0.05688 p4_srg_aei_09_r1_rear
 420      55.44523       0.00210     193.30933       0.01985       0.53009       0.05688 p4_srg_aei_09_r1_front
 421     -52.23621      52.24173     193.25481       0.01985       0.53009       0.05688 p4_srg_aei_09_r1_135deg
 422      52.04664     -51.73980     193.40945       0.01985       0.53006       0.05688 p4_srg_aei_09_r1_315deg
 423      -0.26360     -73.12592     193.39935       0.01985       0.53006       0.05688 p4_srg_aei_09_r1_270deg
 424     -52.44310     -51.38955     193.43106       0.01984       0.53004       0.05688 p4_srg_aei_09_r1_225deg
 425      50.44751    -209.54545     248.57357       0.01875       0.51134       0.05688 p4_baz_aei_09_08_r1_cone
 425      50.44751    -209.54545     248.57357       0.01875       0.51134       0.05688 p4_baz_aei_09_07_r1_cone
 426     -25.49837    -209.73621     249.25834       0.01874       0.51106       0.05688  p4_baz_aei_09_08_r1_grove
 426     -25.49837    -209.73621     249.25834       0.01874       0.51106       0.05688  p4_baz_aei_09_07_r1_grove
 427     -13.53469    -209.69376     289.47386       0.01777       0.49442       0.05688 p4_baz_aei_09_08_r1_flat
 427     -13.53469    -209.69376     289.47386       0.01777       0.49442       0.05688 p4_baz_aei_09_07_r1_flat
 428     -38.28949      97.46856     324.96239       0.01679       0.47766       0.05688 p4_bpx_aei_ip_09_11_r2_cone
 429     -38.02436     -97.07175     324.97728       0.01679       0.47765       0.05688 p4_bpx_aei_ho_09_11_r2_cone
 430      37.59981      97.56579     327.75260       0.01671       0.47628       0.05688 p4_bpx_aei_ip_09_11_r2_flat
 431      37.86803     -96.95062     327.79347       0.01671       0.47626       0.05688 p4_bpx_aei_ho_09_11_r2_flat
 432      24.53824      97.59058     367.61597       0.01547       0.45498       0.05688 p4_bpx_aei_ip_09_11_r2_grove
 433      24.79446     -96.89934     367.65410       0.01547       0.45496       0.05688 p4_bpx_aei_ho_09_11_r2_grove
 434      28.03206      97.64929     402.18629       0.01428       0.43454       0.05688 p4_bpx_aei_ip_09_07_r2_cone
 435      28.27699     -96.84352     402.21988       0.01428       0.43453       0.05688 p4_bpx_aei_ho_09_07_r2_cone
 436     -46.54500      97.58893     416.46750       0.01375       0.42554       0.05688 p4_bpx_aei_ip_09_07_r2_grove
 437     -46.30767     -96.92548     416.47507       0.01375       0.42554       0.05688 p4_bpx_aei_ho_09_07_r2_grove
 438     -27.59666      97.63214     453.88450       0.01230       0.40053       0.05688 p4_bpx_aei_ip_09_07_r2_flat
 439     -27.36882     -96.81417     453.90098       0.01229       0.40052       0.05688 p4_bpx_aei_ho_09_07_r2_flat
 440      55.43389       0.01860     477.92047       0.01129       0.38335       0.05688 p4_irl_aei_09_r1_front
 441     -36.43480    -209.77738     549.40689       0.00800       0.32692       0.05689 p4_baz_aei_09_10_r1_cone
 441     -36.43480    -209.77738     549.40689       0.00800       0.32692       0.05689 p4_baz_aei_09_11_r1_cone
 442      37.74351    -209.57818     565.71690       0.00719       0.31297       0.05689 p4_baz_aei_09_10_r1_flat
 442      37.74351    -209.57818     565.71690       0.00719       0.31297       0.05689 p4_baz_aei_09_11_r1_flat
 443      17.77936    -209.60641     602.60837       0.00526       0.27986       0.05689  p4_baz_aei_09_10_r1_grove
 443      17.77936    -209.60641     602.60837       0.00526       0.27986       0.05689  p4_baz_aei_09_11_r1_grove
 444      -6.10770      42.30147     720.20124      -0.00170       0.16037       0.05689 p4_slm_aei_09_surf_r1
 445     -37.19984     -97.08029     812.26936      -0.00713       0.06155       0.05689 p4_bpx_aei_ho_09_11_r3_cone
 446     -37.48068      97.47963     812.38233      -0.00714       0.06144       0.05689 p4_bpx_aei_ip_09_11_r3_cone
 447      38.66055     -96.97723     815.91249      -0.00730       0.05798       0.05689 p4_bpx_aei_ho_09_11_r3_flat
 448      38.36611      97.60109     816.00069      -0.00731       0.05790       0.05689 p4_bpx_aei_ip_09_11_r3_flat
 449      25.15890     -96.93488     855.62853      -0.00898       0.02085       0.05689 p4_bpx_aei_ho_09_11_r3_grove
 450      24.87756      97.59923     855.72617      -0.00899       0.02077       0.05689 p4_bpx_aei_ip_09_11_r3_grove
 451      27.93502     -96.88200     892.41631      -0.01019      -0.01059       0.05689 p4_bpx_aei_ho_09_07_r3_cone
 452      27.65969      97.63872     892.51270      -0.01019      -0.01066       0.05689 p4_bpx_aei_ip_09_07_r3_cone
 453     -46.80597     -96.98248     905.85761      -0.01054      -0.02136       0.05689 p4_bpx_aei_ho_09_07_r3_grove
 454     -47.07330      97.54523     905.97668      -0.01054      -0.02145       0.05689 p4_bpx_aei_ip_09_07_r3_grove
 455     -28.27962     -96.88405     943.48566      -0.01130      -0.04951       0.05689 p4_bpx_aei_ho_09_07_r3_flat
 456     -28.53296      97.58206     943.60257      -0.01130      -0.04959       0.05689 p4_bpx_aei_ip_09_07_r3_flat
 457      55.44317       0.07000     950.82165      -0.01140      -0.05466       0.05689 p4_irc_aei_09_r1_front
 458      55.34376      -0.05495    1179.18481      -0.00797      -0.15819       0.05689 p4_mid_aei_09_front
 459     -36.75881      97.62298    1241.23657      -0.00519      -0.16963       0.05689 p4_bpx_aei_ip_09_11_r4_cone
 460     -36.52067     -96.97323    1241.28412      -0.00519      -0.16964       0.05689 p4_bpx_aei_ho_09_11_r4_cone
 461      39.06420      97.67445    1245.35787      -0.00502      -0.17034       0.05689 p4_bpx_aei_ip_09_11_r4_flat
 462      39.30695     -96.81236    1245.45105      -0.00501      -0.17036       0.05689 p4_bpx_aei_ho_09_11_r4_flat
 463      25.30208      97.69917    1284.99849      -0.00338      -0.17685       0.05689 p4_bpx_aei_ip_09_11_r4_grove
 464      25.52953     -96.80995    1285.07759      -0.00337      -0.17687       0.05689 p4_bpx_aei_ho_09_11_r4_grove
 465      40.72026      97.74860    1319.39130      -0.00204      -0.18208       0.05689 p4_bpx_aei_ip_09_07_r4_cone
 466      40.92231     -96.78381    1319.47756      -0.00204      -0.18209       0.05689 p4_bpx_aei_ho_09_07_r4_cone
 467     -34.10788      97.73183    1332.33777      -0.00156      -0.18395       0.05689 p4_bpx_aei_ip_09_07_r4_grove
 468     -33.90514     -96.89318    1332.39683      -0.00156      -0.18395       0.05689 p4_bpx_aei_ho_09_07_r4_grove
 469     -15.80673      97.75736    1370.10823      -0.00022      -0.18907       0.05689 p4_bpx_aei_ip_09_07_r4_flat
 470     -15.62899     -96.81915    1370.16525      -0.00022      -0.18908       0.05689 p4_bpx_aei_ho_09_07_r4_flat
 471      55.35638      -0.04178    1407.54817       0.00101      -0.19369       0.05689 p4_irc_aei_09_r2_front
 472     -28.26645    -172.37691    1465.81981       0.00273      -0.19995       0.05689  p4_baz_aei_09_10_r2_grove
 472     -28.26645    -172.37691    1465.81981       0.00273      -0.19995       0.05689  p4_baz_aei_09_08_r2_grove
 473      42.13269    -172.30222    1494.32978       0.00348      -0.20261       0.05689 p4_baz_aei_09_10_r2_cone
 473      42.13269    -172.30222    1494.32978       0.00348      -0.20261       0.05689 p4_baz_aei_09_08_r2_cone
 474     -32.65203    -172.44572    1507.54515       0.00381      -0.20375       0.05689 p4_baz_aei_09_10_r2_flat
 474     -32.65203    -172.44572    1507.54515       0.00381      -0.20375       0.05689 p4_baz_aei_09_08_r2_flat
 475     -27.23847      97.53944    1666.37907       0.00686      -0.21292       0.05689 p4_bpx_aei_ip_09_11_r5_cone
 476     -26.92331     -97.02437    1666.55024       0.00686      -0.21292       0.05689 p4_bpx_aei_ho_09_11_r5_cone
 477      48.59452      97.63606    1670.54941       0.00691      -0.21305       0.05689 p4_bpx_aei_ip_09_11_r5_flat
 478      48.91770     -96.85666    1670.73269       0.00692      -0.21305       0.05689 p4_bpx_aei_ho_09_11_r5_flat
 479      34.80288      97.63743    1710.17207       0.00739      -0.21398       0.05689 p4_bpx_aei_ip_09_11_r5_grove
 480      35.12896     -96.86529    1710.34483       0.00739      -0.21398       0.05689 p4_bpx_aei_ho_09_11_r5_grove
 481      46.82041      97.68902    1759.26571       0.00783      -0.21441       0.05689 p4_bpx_aei_ip_09_07_r5_cone
 482      47.14168     -96.84340    1759.44096       0.00783      -0.21441       0.05689 p4_bpx_aei_ho_09_07_r5_cone
 483     -28.00864      97.59158    1772.16493       0.00792      -0.21439       0.05689 p4_bpx_aei_ip_09_07_r5_grove
 484     -27.69677     -96.96324    1772.34010       0.00792      -0.21439       0.05689 p4_bpx_aei_ho_09_07_r5_grove
 485      -9.75234      97.62634    1809.92726       0.00811      -0.21402       0.05689 p4_bpx_aei_ip_09_07_r5_flat
 486      -9.42937     -96.90428    1810.10766       0.00811      -0.21402       0.05689 p4_bpx_aei_ho_09_07_r5_flat
 487      55.51854       0.08241    1880.42328       0.00820      -0.21207       0.05689 p4_irl_aei_09_r2_front
 488     -13.38898      41.42904    2021.33110       0.00736      -0.20323       0.05689 p4_gim_aei_09_surf_r1
 489      55.44847       0.00757    2116.28148       0.00632      -0.19527       0.05689 p4_srg_aei_09_r2_front
 490     -55.61633      -0.05441    2116.30517       0.00632      -0.19527       0.05689 p4_srg_aei_09_r2_rear
 491      -0.11443      73.75963    2116.30347       0.00632      -0.19527       0.05689 p4_srg_aei_09_r2_90deg
 492      52.12755      52.24116    2116.30230       0.00632      -0.19526       0.05689 p4_srg_aei_09_r2_45deg
 493     -52.36055      52.19141    2116.33271       0.00632      -0.19526       0.05689 p4_srg_aei_09_r2_135deg
 494     -52.05425     -51.90051    2116.43050       0.00632      -0.19526       0.05689 p4_srg_aei_09_r2_225deg
 495       0.26304     -73.19429    2116.43372       0.00632      -0.19526       0.05689 p4_srg_aei_09_r2_270deg
 496      52.35538     -51.46515    2116.45371       0.00632      -0.19525       0.05689 p4_srg_aei_09_r2_315deg
 497     -34.66849      97.57074    2206.67449       0.00561      -0.18985       0.05689 p4_bpx_aei_ip_09_11_r6_cone
 498     -34.34030     -97.03648    2206.96361       0.00560      -0.18983       0.05689 p4_bpx_aei_ho_09_11_r6_cone
 499      41.16769      97.67885    2210.75858       0.00558      -0.18965       0.05689 p4_bpx_aei_ip_09_11_r6_flat
 500      41.49189     -96.87477    2211.07880       0.00558      -0.18964       0.05689 p4_bpx_aei_ho_09_11_r6_flat
 501      27.41648      97.65845    2250.40531       0.00537      -0.18802       0.05689 p4_bpx_aei_ip_09_11_r6_grove
 502      27.74227     -96.90277    2250.71340       0.00536      -0.18801       0.05689 p4_bpx_aei_ho_09_11_r6_grove
 503      39.60182      97.67368    2332.49137       0.00510      -0.18600       0.05689 p4_bpx_aei_ip_09_07_r6_cone
 504      39.91231     -96.88353    2332.79940       0.00510      -0.18600       0.05689 p4_bpx_aei_ho_09_07_r6_cone
 505     -35.21908      97.56690    2345.46419       0.00508      -0.18585       0.05689 p4_bpx_aei_ip_09_07_r6_grove
 506     -34.91359     -97.03931    2345.76002       0.00508      -0.18585       0.05689 p4_bpx_aei_ho_09_07_r6_grove
 507     -16.91257      97.57865    2383.21009       0.00506      -0.18567       0.05689 p4_bpx_aei_ip_09_07_r6_flat
 508     -16.62268     -97.00566    2383.51942       0.00506      -0.18567       0.05689 p4_bpx_aei_ho_09_07_r6_flat
 509     -15.00000       0.00000      66.10000       0.00000      -0.00000       1.59270 p1_irm_aei_09_s1
 510      15.00000       0.00000      66.10000       0.00000      -0.00000       1.59270 p1_irm_aei_09_l1
 511      15.00000       0.00000    2291.90000       0.00000      -0.00000   -3140.00000 p1_irm_aei_09_s2
 512     -15.00000       0.00000    2291.90000       0.00000      -0.00000   -3140.00000 p1_irm_aei_09_l2
 513     -15.09038       0.00446      66.14469       0.00279      -0.66867       1.58860 p2_irm_aei_09_s1
 514      14.90963       0.00459      66.12463       0.00279      -0.66867       1.58860 p2_irm_aei_09_l1
 515      14.93890       0.00315    2291.94026      -0.00696       0.22871   -3140.00410 p2_irm_aei_09_s2
 516     -15.06110       0.00302    2291.93340      -0.00696       0.22871   -3140.00410 p2_irm_aei_09_l2
 517     -14.99773       0.00454      66.09213       0.00018       0.09463       1.59310 p3_irm_aei_09_s1
 518      15.00227       0.00453      66.09496       0.00018       0.09463       1.59310 p3_irm_aei_09_l1
 519      14.96801       0.00198    2291.89783      -0.00931       0.07059   -3139.99960 p3_irm_aei_09_s2
 520     -15.03199       0.00199    2291.89571      -0.00931       0.07059   -3139.99960 p3_irm_aei_09_l2
 521     -14.94197       0.00348      66.07146       0.02133       0.55543       1.64958 p4_irm_aei_09_s1
 522      15.05803       0.00177      66.08812       0.02133       0.55543       1.64958 p4_irm_aei_09_l1
 523      15.02539       0.01087    2291.87882       0.00520      -0.18677   -3139.94311 p4_irm_aei_09_s2
 524     -14.97461       0.01258    2291.88442       0.00520      -0.18677   -3139.94311 p4_irm_aei_09_l2
