1       0.00000       0.00000     739.80000       0.00000       0.00000       0.00000 p1_cei_09_par_1
  2       0.00000       0.00000    2041.34000      26.08587       0.00000       0.00000 p1_cei_09_par_2
  3       0.00000       0.00000    2382.00000       0.00000       0.00000       0.00000 p1_cei_09_par_3
  4       0.00000       0.00000       0.00000       0.00000       0.00000       0.00000 p1_cei_09
  5     -15.00000       0.00000      66.10000       0.00000      -0.00000   -3141.59261 p1_irm_cei_09_s1_fixed
  6      15.00000       0.00000    2291.90000       0.00000      -0.00000       0.00000 p1_irm_cei_09_s2_fixed
  7      15.00000       0.00000      66.10000       0.00000      -0.00000   -3141.59261 p1_irm_cei_09_l1_fixed
  8     -15.00000       0.00000    2291.90000       0.00000      -0.00000       0.00000 p1_irm_cei_09_l2_fixed
  9     -15.00000       0.00000     478.00000       0.00000      -0.00000       0.00000 p1_irl_cei_09_s1
 10      15.00000       0.00000    1880.00000       0.00000      -0.00000       0.00000 p1_irl_cei_09_s2
 11      15.00000       0.00000     950.50000       0.00000      -0.00000       0.00000 p1_irl_cei_09_l1
 12     -15.00000       0.00000    1407.50000       0.00000      -0.00000       0.00000 p1_irl_cei_09_l2
 13     -15.00000       0.00000     941.20000       0.00000      -0.00000       0.00000 p1_irc_cei_09_s1
 14      15.00000       0.00000    1416.80000       0.00000      -0.00000       0.00000 p1_irc_cei_09_s2
 15      15.00000       0.00000    1398.20000       0.00000      -0.00000       0.00000 p1_irc_cei_09_l1
 16     -15.00000       0.00000     959.80000       0.00000      -0.00000       0.00000 p1_irc_cei_09_l2
 17       0.00000       0.00000       0.00000       0.00000      -0.00000       0.00000 p1_irt_cei_09_r1
 18       0.00000       0.00000     397.00000       0.00000      -0.00000       0.00000 p1_irt_cei_09_r2
 19       0.00000       0.00000     794.00000       0.00000      -0.00000       0.00000 p1_irt_cei_09_r3
 20       0.00000       0.00000    1191.00000       0.00000      -0.00000       0.00000 p1_irt_cei_09_r4
 21       0.00000       0.00000    1588.00000       0.00000      -0.00000       0.00000 p1_irt_cei_09_r5
 22       0.00000       0.00000    1985.00000       0.00000      -0.00000       0.00000 p1_irt_cei_09_r6
 23       0.00000       0.00000    2382.00000       0.00000      -0.00000       0.00000 p1_irt_cei_09_r7
 24     -36.97610     -97.70710      14.70760       0.00000      -0.00000       0.00000 p1_bpx_cei_ip_09_11_r1_cone
 25     -36.63490      97.13620      14.93540       0.00000      -0.00000       0.00000 p1_bpx_cei_ho_09_11_r1_cone
 26      38.93320     -97.83680      16.94460       0.00000      -0.00000       0.00000 p1_bpx_cei_ip_09_11_r1_flat
 27      39.27370      96.98300      17.16450       0.00000      -0.00000       0.00000 p1_bpx_cei_ho_09_11_r1_flat
 28      26.17840     -97.78660      56.91220       0.00000      -0.00000       0.00000 p1_bpx_cei_ip_09_11_r1_grove
 29      26.51420      96.97060      57.13100       0.00000      -0.00000       0.00000 p1_bpx_cei_ho_09_11_r1_grove
 30      23.68530     -97.75050      88.80010       0.00000      -0.00000       0.00000 p1_bpx_cei_ip_09_07_r1_cone
 31      24.02790      96.93890      89.02090       0.00000      -0.00000       0.00000 p1_bpx_cei_ho_09_07_r1_cone
 32     -50.78790     -97.62350     103.62020       0.00000      -0.00000       0.00000 p1_bpx_cei_ip_09_07_r1_grove
 33     -50.44930      97.10720     103.84880       0.00000      -0.00000       0.00000 p1_bpx_cei_ho_09_07_r1_grove
 34     -31.56540     -97.60340     140.89950       0.00000      -0.00000       0.00000 p1_bpx_cei_ip_09_07_r1_flat
 35     -31.22370      97.00620     141.12840       0.00000      -0.00000       0.00000 p1_bpx_cei_ho_09_07_r1_flat
 36     -55.50640       0.00000     193.17730       0.00000      -0.00000       0.00000 p1_srg_cei_09_r1_rear
 37     -51.80780      52.05930     193.21020       0.00000      -0.00000       0.00000 p1_srg_cei_09_r1_135deg
 38     -52.28850     -52.29860     193.23880       0.00000      -0.00000       0.00000 p1_srg_cei_09_r1_225deg
 39       0.55300      73.19340     193.27900       0.00000      -0.00000       0.00000 p1_srg_cei_09_r1_90deg
 40      -0.03110     -73.86850     193.29460       0.00000      -0.00000       0.00000 p1_srg_cei_09_r1_270deg
 41      55.45650       0.00000     193.30000       0.00000      -0.00000       0.00000 p1_srg_cei_09_r1_front
 42      52.61310      51.22150     193.30720       0.00000      -0.00000       0.00000 p1_srg_cei_09_r1_45deg
 43      52.19900     -52.23930     193.32270       0.00000      -0.00000       0.00000 p1_srg_cei_09_r1_315deg
 44      50.56230     209.68530     248.32790       0.00000      -0.00000       0.00000 p1_baz_cei_09_08_07_r1_cone
 45     -25.37610     209.91310     249.05430       0.00000      -0.00000       0.00000 p1_baz_cei_09_08_07_r1_grove
 46     -13.39980     209.87490     289.26780       0.00000      -0.00000       0.00000 p1_baz_cei_09_08_07_r1_flat
 47     -38.35610     -97.49720     324.64190       0.00000      -0.00000       0.00000 p1_bpx_cei_ip_09_11_r2_cone
 48     -38.00470      97.28730     324.75890       0.00000      -0.00000       0.00000 p1_bpx_cei_ho_09_11_r2_cone
 49      37.54490     -97.62260     327.39850       0.00000      -0.00000       0.00000 p1_bpx_cei_ip_09_11_r2_flat
 50      37.89680      97.10690     327.50710       0.00000      -0.00000       0.00000 p1_bpx_cei_ho_09_11_r2_flat
 51      24.50180     -97.62660     367.27480       0.00000      -0.00000       0.00000 p1_bpx_cei_ip_09_11_r2_grove
 52      24.85530      97.09280     367.38400       0.00000      -0.00000       0.00000 p1_bpx_cei_ho_09_11_r2_grove
 53      28.01080     -97.66610     401.84000       0.00000      -0.00000       0.00000 p1_bpx_cei_ip_09_07_r2_cone
 54      28.36400      97.04690     401.94830       0.00000      -0.00000       0.00000 p1_bpx_cei_ho_09_07_r2_cone
 55     -46.57640     -97.56090     416.14710       0.00000      -0.00000       0.00000 p1_bpx_cei_ip_09_07_r2_grove
 56     -46.21030      97.21340     416.26130       0.00000      -0.00000       0.00000 p1_bpx_cei_ho_09_07_r2_grove
 57     -27.60260     -97.60170     453.56080       0.00000      -0.00000       0.00000 p1_bpx_cei_ip_09_07_r2_flat
 58     -27.24380      97.11020     453.67460       0.00000      -0.00000       0.00000 p1_bpx_cei_ho_09_07_r2_flat
 59      55.53220      -0.03150     478.04890       0.00000      -0.00000       0.00000 p1_irl_cei_09_r1_front
 60     -36.26780     209.99980     549.22860       0.00000      -0.00000       0.00000 p1_baz_cei_09_10_11_r1_cone
 61      37.90720     209.75450     565.54320       0.00000      -0.00000       0.00000 p1_baz_cei_09_10_11_r1_flat
 62      17.92450     209.77770     602.42640       0.00000      -0.00000       0.00000 p1_baz_cei_09_10_11_r1_grove
 63      -7.69680     -36.10350     719.99760       0.00000      -0.00000       0.00000 p1_slm_cei_09_surf_r1
 64     -37.50420     -97.51980     811.77160       0.00000      -0.00000       0.00000 p1_bpx_cei_ip_09_11_r3_cone
 65     -37.15790      97.20370     812.00220       0.00000      -0.00000       0.00000 p1_bpx_cei_ho_09_11_r3_cone
 66      38.34490     -97.63770     815.38990       0.00000      -0.00000       0.00000 p1_bpx_cei_ip_09_11_r3_flat
 67      38.70350      97.01900     815.60260       0.00000      -0.00000       0.00000 p1_bpx_cei_ho_09_11_r3_flat
 68      24.86110     -97.64230     855.11620       0.00000      -0.00000       0.00000 p1_bpx_cei_ip_09_11_r3_grove
 69      25.21700      97.01880     855.33190       0.00000      -0.00000       0.00000 p1_bpx_cei_ho_09_11_r3_grove
 70      27.64320     -97.68020     891.90040       0.00000      -0.00000       0.00000 p1_bpx_cei_ip_09_07_r3_cone
 71      28.00820      96.98000     892.11020       0.00000      -0.00000       0.00000 p1_bpx_cei_ho_09_07_r3_cone
 72     -47.09600     -97.57110     905.35730       0.00000      -0.00000       0.00000 p1_bpx_cei_ip_09_07_r3_grove
 73     -46.72660      97.17210     905.59190       0.00000      -0.00000       0.00000 p1_bpx_cei_ho_09_07_r3_grove
 74     -28.55560     -97.62150     942.98020       0.00000      -0.00000       0.00000 p1_bpx_cei_ip_09_07_r3_flat
 75     -28.18040      97.08680     943.20920       0.00000      -0.00000       0.00000 p1_bpx_cei_ho_09_07_r3_flat
 76      55.42380      -0.01970     950.85280       0.00000      -0.00000       0.00000 p1_irc_cei_09_r1_front
 77      55.34900       0.10220    1179.02300       0.00000      -0.00000       0.00000 p1_mid_cei_09_front
 78     -36.87590     -97.42460    1240.81440       0.00000      -0.00000       0.00000 p1_bpx_cei_ip_09_11_r4_cone
 79     -36.48610      97.30580    1240.98430       0.00000      -0.00000       0.00000 p1_bpx_cei_ho_09_11_r4_cone
 80      38.95510     -97.50910    1244.94790       0.00000      -0.00000       0.00000 p1_bpx_cei_ip_09_11_r4_flat
 81      39.34120      97.07560    1245.10260       0.00000      -0.00000       0.00000 p1_bpx_cei_ho_09_11_r4_flat
 82      25.19410     -97.54820    1284.58050       0.00000      -0.00000       0.00000 p1_bpx_cei_ip_09_11_r4_grove
 83      25.58570      97.07410    1284.73710       0.00000      -0.00000       0.00000 p1_bpx_cei_ho_09_11_r4_grove
 84      40.60370     -97.63740    1318.97430       0.00000      -0.00000       0.00000 p1_bpx_cei_ip_09_07_r4_cone
 85      40.99720      97.00330    1319.13280       0.00000      -0.00000       0.00000 p1_bpx_cei_ho_09_07_r4_cone
 86     -34.22100     -97.55520    1331.92530       0.00000      -0.00000       0.00000 p1_bpx_cei_ip_09_07_r4_grove
 87     -33.82180      97.19350    1332.09370       0.00000      -0.00000       0.00000 p1_bpx_cei_ho_09_07_r4_grove
 88     -15.92470     -97.63500    1369.68130       0.00000      -0.00000       0.00000 p1_bpx_cei_ip_09_07_r4_flat
 89     -15.51770      97.08760    1369.85480       0.00000      -0.00000       0.00000 p1_bpx_cei_ho_09_07_r4_flat
 90      55.38900       0.07460    1407.62000       0.00000      -0.00000       0.00000 p1_irc_cei_09_r2_front
 91     -28.13650     172.66810    1465.43960       0.00000      -0.00000       0.00000 p1_baz_cei_09_10_08_r2_grove
 92      42.24260     172.46540    1493.96160       0.00000      -0.00000       0.00000 p1_baz_cei_09_10_08_r2_cone
 93     -32.54590     172.65870    1507.16330       0.00000      -0.00000       0.00000 p1_baz_cei_09_10_08_r2_flat
 94     -27.31080     -97.48820    1665.88160       0.00000      -0.00000       0.00000 p1_bpx_cei_ip_09_11_r5_cone
 95     -26.94180      97.34250    1666.03880       0.00000      -0.00000       0.00000 p1_bpx_cei_ho_09_11_r5_cone
 96      48.51490     -97.61570    1670.03510       0.00000      -0.00000       0.00000 p1_bpx_cei_ip_09_11_r5_flat
 97      48.89220      97.14970    1670.18440       0.00000      -0.00000       0.00000 p1_bpx_cei_ho_09_11_r5_flat
 98      34.74400     -97.61620    1709.65790       0.00000      -0.00000       0.00000 p1_bpx_cei_ip_09_11_r5_grove
 99      35.11890      97.13000    1709.81010       0.00000      -0.00000       0.00000 p1_bpx_cei_ho_09_11_r5_grove
100      46.77200     -97.67780    1758.74630       0.00000      -0.00000       0.00000 p1_bpx_cei_ip_09_07_r5_cone
101      47.14770      97.03550    1758.90030       0.00000      -0.00000       0.00000 p1_bpx_cei_ho_09_07_r5_cone
102     -28.05810     -97.55620    1771.66910       0.00000      -0.00000       0.00000 p1_bpx_cei_ip_09_07_r5_grove
103     -27.68440      97.19360    1771.82950       0.00000      -0.00000       0.00000 p1_bpx_cei_ho_09_07_r5_grove
104      -9.78060     -97.60550    1809.42780       0.00000      -0.00000       0.00000 p1_bpx_cei_ip_09_07_r5_flat
105      -9.41760      97.09420    1809.59670       0.00000      -0.00000       0.00000 p1_bpx_cei_ho_09_07_r5_flat
106      55.44300       0.10090    1880.08960       0.00000      -0.00000       0.00000 p1_irl_cei_09_r2_front
107     -13.36870     -41.41860    2020.72650       0.00000      -0.00000       0.00000 p1_gim_cei_09_surf_r1
108     -52.24880      51.95170    2115.62040       0.00000      -0.00000       0.00000 p1_srg_cei_09_r2_135deg
109      -0.03320      73.42450    2115.64660       0.00000      -0.00000       0.00000 p1_srg_cei_09_r2_90deg
110      52.15270      51.81800    2115.67970       0.00000      -0.00000       0.00000 p1_srg_cei_09_r2_45deg
111     -55.72770       0.03800    2115.70030       0.00000      -0.00000       0.00000 p1_srg_cei_09_r2_rear
112      55.45650       0.00000    2115.71760       0.00000      -0.00000       0.00000 p1_srg_cei_09_r2_front
113     -52.32790     -52.18180    2115.73330       0.00000      -0.00000       0.00000 p1_srg_cei_09_r2_225deg
114      52.05450     -52.20320    2115.73710       0.00000      -0.00000       0.00000 p1_srg_cei_09_r2_315deg
115      -0.18860     -73.74890    2115.75730       0.00000      -0.00000       0.00000 p1_srg_cei_09_r2_270deg
116     -34.53010     -97.60260    2206.19020       0.00000      -0.00000       0.00000 p1_bpx_cei_ip_09_11_r6_cone
117     -33.97470      97.19330    2206.66390       0.00000      -0.00000       0.00000 p1_bpx_cei_ho_09_11_r6_cone
118      41.29200     -97.66180    2210.37850       0.00000      -0.00000       0.00000 p1_bpx_cei_ip_09_11_r6_flat
119      41.84260      96.77340    2210.81160       0.00000      -0.00000       0.00000 p1_bpx_cei_ho_09_11_r6_flat
120      27.49900     -97.61800    2249.99950       0.00000      -0.00000       0.00000 p1_bpx_cei_ip_09_11_r6_grove
121      28.07630      96.89750    2250.44210       0.00000      -0.00000       0.00000 p1_bpx_cei_ho_09_11_r6_grove
122      39.58070     -97.57070    2332.09950       0.00000      -0.00000       0.00000 p1_bpx_cei_ip_09_07_r6_cone
123      40.20310      96.94650    2332.53460       0.00000      -0.00000       0.00000 p1_bpx_cei_ho_09_07_r6_cone
124     -35.25440     -97.47360    2344.98430       0.00000      -0.00000       0.00000 p1_bpx_cei_ip_09_07_r6_grove
125     -34.63410      97.33660    2345.46210       0.00000      -0.00000       0.00000 p1_bpx_cei_ho_09_07_r6_grove
126     -16.99720     -97.44410    2382.75580       0.00000      -0.00000       0.00000 p1_bpx_cei_ip_09_07_r6_flat
127     -16.36020      97.27390    2383.23220       0.00000      -0.00000       0.00000 p1_bpx_cei_ho_09_07_r6_flat
128      98.69866       0.24278     739.80000       0.00000       0.00000       0.00000 p2_cei_09_par_1
129     131.79991      -0.62282    2041.34000      26.08587       0.00000       0.00000 p2_cei_09_par_2
130      -7.43029      -1.18788    2382.00000    4177.88179      -0.40327       0.00081 p2_cei_09_par_3
131       0.36433       0.00107       0.02888      -0.00165       0.17443      -0.01946 p2_cei_09
132     -15.08890      -0.00060      66.13916       0.00070      -0.66578    3141.57324 p2_irm_cei_09_s1_fixed
133      14.94946      -0.00184    2291.94312       0.00116       0.23155      -0.01946 p2_irm_cei_09_s2_fixed
134      14.91110      -0.00002      66.11919       0.00070      -0.66578    3141.57324 p2_irm_cei_09_l1_fixed
135     -15.05053      -0.00242    2291.93617       0.00116       0.23155      -0.01946 p2_irm_cei_09_l2_fixed
136     -14.84719      -0.00040     478.03800       0.00017      -0.45453      -0.01946 p2_irl_cei_09_s1
137      15.04731      -0.00190    1880.04057      -0.00115       0.24394      -0.01946 p2_irl_cei_09_s2
138      15.24107      -0.00006     950.53416      -0.00128       0.07873      -0.01946 p2_irl_cei_09_l1
139     -14.84043      -0.00153    1407.53134      -0.00241       0.22245      -0.01946 p2_irl_cei_09_l2
140     -14.75824      -0.00063     941.23188      -0.00125       0.07104      -0.01946 p2_irc_cei_09_s1
141      15.15750      -0.00097    1416.83806      -0.00242       0.22338      -0.01946 p2_irc_cei_09_s2
142      15.16163      -0.00093    1398.23796      -0.00241       0.22149      -0.01946 p2_irc_cei_09_l1
143     -14.75970      -0.00065     959.83172      -0.00131       0.08619      -0.01946 p2_irc_cei_09_l2
144      -0.13309      -0.00036       0.02879       0.00071      -0.66990      -0.01946 p2_irt_cei_09_r1
145       0.11320      -0.00013     397.03083       0.00034      -0.52134      -0.01946 p2_irt_cei_09_r2
146       0.24166      -0.00019     794.03241      -0.00076      -0.08246      -0.01946 p2_irt_cei_09_r3
147       0.20496      -0.00075    1191.03384      -0.00205       0.19500      -0.01946 p2_irt_cei_09_r4
148       0.11800      -0.00167    1588.03544      -0.00226       0.23687      -0.01946 p2_irt_cei_09_r5
149       0.02180      -0.00228    1985.03752      -0.00048       0.24156      -0.01946 p2_irt_cei_09_r6
150      -0.07136      -0.00202    2382.04038       0.00125       0.23097      -0.01946 p2_irt_cei_09_r7
151     -36.97798     -97.70387      14.70853       0.00071      -0.66970      -0.01946 p2_bpx_cei_ip_09_11_r1_cone
152     -36.63612      97.13784      14.93596       0.00071      -0.66969      -0.01946 p2_bpx_cei_ho_09_11_r1_cone
153      38.93157     -97.83489      16.94251       0.00071      -0.66963      -0.01946 p2_bpx_cei_ip_09_11_r1_flat
154      39.27032      96.98292      17.16295       0.00071      -0.66962      -0.01946 p2_bpx_cei_ho_09_11_r1_flat
155      26.18058     -97.78881      56.91157       0.00070      -0.66685      -0.01946 p2_bpx_cei_ip_09_11_r1_grove
156      26.51473      96.96720      57.13001       0.00070      -0.66683      -0.01946 p2_bpx_cei_ho_09_11_r1_grove
157      23.68457     -97.75153      88.79993       0.00069      -0.66247      -0.01946 p2_bpx_cei_ip_09_07_r1_cone
158      24.02603      96.93857      89.02047       0.00069      -0.66243      -0.01946 p2_bpx_cei_ho_09_07_r1_cone
159     -50.78807     -97.61347     103.62192       0.00068      -0.65979      -0.01946 p2_bpx_cei_ip_09_07_r1_grove
160     -50.44941      97.10593     103.84936       0.00068      -0.65975      -0.01946 p2_bpx_cei_ho_09_07_r1_grove
161     -31.56472     -97.60038     140.90158       0.00066      -0.65120      -0.01946 p2_bpx_cei_ip_09_07_r1_flat
162     -31.22426      97.00443     141.12813       0.00066      -0.65114      -0.01946 p2_bpx_cei_ho_09_07_r1_flat
163     -55.50719      -0.00131     193.17569       0.00062      -0.63475      -0.01946 p2_srg_cei_09_r1_rear
164     -51.80678      52.05806     193.21020       0.00062      -0.63474      -0.01946 p2_srg_cei_09_r1_135deg
165     -52.28583     -52.30085     193.23977       0.00062      -0.63472      -0.01946 p2_srg_cei_09_r1_225deg
166       0.55308      73.19128     193.27836       0.00062      -0.63470      -0.01946 p2_srg_cei_09_r1_90deg
167      -0.02765     -73.86613     193.29342       0.00062      -0.63469      -0.01946 p2_srg_cei_09_r1_270deg
168      55.45064       0.00085     193.29466       0.00062      -0.63468      -0.01946 p2_srg_cei_09_r1_front
169      52.61265      51.22180     193.30673       0.00062      -0.63468      -0.01946 p2_srg_cei_09_r1_45deg
170      52.20117     -52.23721     193.32126       0.00062      -0.63467      -0.01946 p2_srg_cei_09_r1_315deg
171      50.56358     209.68779     248.32600       0.00056      -0.61177      -0.01946 p2_baz_cei_09_08_07_r1_cone
172     -25.37452     209.90821     249.05525       0.00056      -0.61145      -0.01946 p2_baz_cei_09_08_07_r1_grove
173     -13.39922     209.87336     289.26778       0.00051      -0.59105      -0.01946 p2_baz_cei_09_08_07_r1_flat
174     -38.35420     -97.49840     324.64727       0.00046      -0.57059      -0.01946 p2_bpx_cei_ip_09_11_r2_cone
175     -38.00352      97.28580     324.76068       0.00046      -0.57052      -0.01946 p2_bpx_cei_ho_09_11_r2_cone
176      37.54551     -97.62133     327.39894       0.00046      -0.56887      -0.01946 p2_bpx_cei_ip_09_11_r2_flat
177      37.89788      97.10668     327.50455       0.00046      -0.56880      -0.01946 p2_bpx_cei_ho_09_11_r2_flat
178      24.50458     -97.62896     367.27669       0.00039      -0.54276      -0.01946 p2_bpx_cei_ip_09_11_r2_grove
179      24.85614      97.09424     367.38172       0.00039      -0.54269      -0.01946 p2_bpx_cei_ho_09_11_r2_grove
180      28.01261     -97.66598     401.84124       0.00033      -0.51770      -0.01946 p2_bpx_cei_ip_09_07_r2_cone
181      28.36638      97.04732     401.94720       0.00033      -0.51762      -0.01946 p2_bpx_cei_ho_09_07_r2_cone
182     -46.57439     -97.55803     416.14690       0.00030      -0.50670      -0.01946 p2_bpx_cei_ip_09_07_r2_grove
183     -46.20962      97.21238     416.25996       0.00030      -0.50661      -0.01946 p2_bpx_cei_ho_09_07_r2_grove
184     -27.60109     -97.60205     453.56140       0.00023      -0.47603      -0.01946 p2_bpx_cei_ip_09_07_r2_flat
185     -27.24353      97.10856     453.67399       0.00023      -0.47593      -0.01946 p2_bpx_cei_ho_09_07_r2_flat
186      55.53633      -0.03073     478.04781       0.00017      -0.45449      -0.01946 p2_irl_cei_09_r1_front
187     -36.26652     210.00109     549.22723       0.00000      -0.38561      -0.01946 p2_baz_cei_09_10_11_r1_cone
188      37.90695     209.75043     565.54225      -0.00004      -0.36844      -0.01946 p2_baz_cei_09_10_11_r1_flat
189      17.92589     209.77464     602.42831      -0.00014      -0.32784      -0.01946 p2_baz_cei_09_10_11_r1_grove
190      -7.46444     -36.10379     720.00002      -0.00051      -0.18130      -0.01946 p2_slm_cei_09_surf_r1
191     -37.50758     -97.51624     811.77619      -0.00082      -0.06080      -0.01946 p2_bpx_cei_ip_09_11_r3_cone
192     -37.15915      97.20577     812.00042      -0.00082      -0.06053      -0.01946 p2_bpx_cei_ho_09_11_r3_cone
193      38.34274     -97.63586     815.38976      -0.00083      -0.05648      -0.01946 p2_bpx_cei_ip_09_11_r3_flat
194      38.70286      97.02294     815.60001      -0.00083      -0.05624      -0.01946 p2_bpx_cei_ho_09_11_r3_flat
195      24.85957     -97.64196     855.11896      -0.00097      -0.01152      -0.01946 p2_bpx_cei_ip_09_11_r3_grove
196      25.21519      97.02024     855.32955      -0.00097      -0.01129      -0.01946 p2_bpx_cei_ho_09_11_r3_grove
197      27.64139     -97.67945     891.90438      -0.00109       0.02625      -0.01946 p2_bpx_cei_ip_09_07_r3_cone
198      28.00360      96.98186     892.10891      -0.00109       0.02645      -0.01946 p2_bpx_cei_ho_09_07_r3_cone
199     -47.09715     -97.57182     905.35945      -0.00113       0.03913      -0.01946 p2_bpx_cei_ip_09_07_r3_grove
200     -46.72835      97.16759     905.58778      -0.00113       0.03935      -0.01946 p2_bpx_cei_ho_09_07_r3_grove
201     -28.55876     -97.61950     942.98174      -0.00126       0.07251      -0.01946 p2_bpx_cei_ip_09_07_r3_flat
202     -28.18607      97.08591     943.20321      -0.00126       0.07269      -0.01946 p2_bpx_cei_ho_09_07_r3_flat
203      55.42184      -0.01977     950.85084      -0.00128       0.07899      -0.01946 p2_irc_cei_09_r1_front
204      55.34799       0.10165    1179.02024      -0.00201       0.19297      -0.01946 p2_mid_cei_09_front
205     -36.87324     -97.42238    1240.81882      -0.00218       0.20229      -0.01946 p2_bpx_cei_ip_09_11_r4_cone
206     -36.48546      97.30343    1240.98152      -0.00218       0.20231      -0.01946 p2_bpx_cei_ho_09_11_r4_cone
207      38.95533     -97.50891    1244.95059      -0.00219       0.20287      -0.01946 p2_bpx_cei_ip_09_11_r4_flat
208      39.34231      97.07340    1245.10040      -0.00219       0.20289      -0.01946 p2_bpx_cei_ho_09_11_r4_flat
209      25.19498     -97.54737    1284.58428      -0.00228       0.20822      -0.01946 p2_bpx_cei_ip_09_11_r4_grove
210      25.59066      97.07404    1284.73461      -0.00228       0.20824      -0.01946 p2_bpx_cei_ho_09_11_r4_grove
211      40.60405     -97.63675    1318.97689      -0.00234       0.21256      -0.01946 p2_bpx_cei_ip_09_07_r4_cone
212      40.99983      97.00186    1319.12993      -0.00234       0.21257      -0.01946 p2_bpx_cei_ho_09_07_r4_cone
213     -34.21912     -97.55533    1331.92768      -0.00235       0.21412      -0.01946 p2_bpx_cei_ip_09_07_r4_grove
214     -33.82084      97.19418    1332.09032      -0.00235       0.21414      -0.01946 p2_bpx_cei_ho_09_07_r4_grove
215     -15.92358     -97.63317    1369.68277      -0.00239       0.21845      -0.01946 p2_bpx_cei_ip_09_07_r4_flat
216     -15.51681      97.08494    1369.85323      -0.00239       0.21846      -0.01946 p2_bpx_cei_ho_09_07_r4_flat
217      55.39045       0.07273    1407.61656      -0.00241       0.22245      -0.01946 p2_irc_cei_09_r2_front
218     -28.13733     172.67007    1465.43798      -0.00241       0.22791      -0.01946 p2_baz_cei_09_10_08_r2_grove
219      42.24264     172.46317    1493.95924      -0.00239       0.23031      -0.01946 p2_baz_cei_09_10_08_r2_cone
220     -32.54452     172.65808    1507.16334      -0.00238       0.23136      -0.01946 p2_baz_cei_09_10_08_r2_flat
221     -27.31020     -97.48767    1665.88370      -0.00207       0.24072      -0.01946 p2_bpx_cei_ip_09_11_r5_cone
222     -26.94293      97.34103    1666.03469      -0.00207       0.24073      -0.01946 p2_bpx_cei_ho_09_11_r5_cone
223      48.51540     -97.61381    1670.03808      -0.00206       0.24089      -0.01946 p2_bpx_cei_ip_09_11_r5_flat
224      48.89108      97.15020    1670.18208      -0.00206       0.24089      -0.01946 p2_bpx_cei_ho_09_11_r5_flat
225      34.74313     -97.61425    1709.66292      -0.00193       0.24226      -0.01946 p2_bpx_cei_ip_09_11_r5_grove
226      35.11790      97.12895    1709.80969      -0.00193       0.24226      -0.01946 p2_bpx_cei_ho_09_11_r5_grove
227      46.77281     -97.67671    1758.74856      -0.00174       0.24345      -0.01946 p2_bpx_cei_ip_09_07_r5_cone
228      47.14708      97.03460    1758.89859      -0.00174       0.24345      -0.01946 p2_bpx_cei_ho_09_07_r5_cone
229     -28.05715     -97.55729    1771.67200      -0.00169       0.24366      -0.01946 p2_bpx_cei_ip_09_07_r5_grove
230     -27.68507      97.19172    1771.82883      -0.00169       0.24367      -0.01946 p2_bpx_cei_ho_09_07_r5_grove
231      -9.78255     -97.60729    1809.43067      -0.00152       0.24407      -0.01946 p2_bpx_cei_ip_09_07_r5_flat
232      -9.41728      97.09501    1809.59435      -0.00152       0.24407      -0.01946 p2_bpx_cei_ho_09_07_r5_flat
233      55.44020       0.10088    1880.08702      -0.00115       0.24393      -0.01946 p2_irl_cei_09_r2_front
234     -13.35479     -41.42096    2020.72842      -0.00022       0.24015      -0.01946 p2_gim_cei_09_surf_r1
235     -52.25199      51.94750    2115.61830       0.00045       0.23601      -0.01946 p2_srg_cei_09_r2_135deg
236      -0.03582      73.42322    2115.64562       0.00045       0.23601      -0.01946 p2_srg_cei_09_r2_90deg
237      52.14950      51.81683    2115.67884       0.00045       0.23601      -0.01946 p2_srg_cei_09_r2_45deg
238      55.44710      -0.00120    2115.71135       0.00045       0.23600      -0.01946 p2_srg_cei_09_r2_front
239     -55.72870       0.03633    2115.70271       0.00045       0.23600      -0.01946 p2_srg_cei_09_r2_rear
240      52.05271     -52.20377    2115.73487       0.00045       0.23600      -0.01946 p2_srg_cei_09_r2_315deg
241     -52.32839     -52.18300    2115.73153       0.00045       0.23600      -0.01946 p2_srg_cei_09_r2_225deg
242      -0.18918     -73.74699    2115.75495       0.00045       0.23600      -0.01946 p2_srg_cei_09_r2_270deg
243     -34.53042     -97.60289    2206.19084       0.00090       0.23317      -0.01946 p2_bpx_cei_ip_09_11_r6_cone
244     -33.97512      97.19252    2206.66190       0.00090       0.23315      -0.01946 p2_bpx_cei_ho_09_11_r6_cone
245      41.29141     -97.66371    2210.37915       0.00092       0.23306      -0.01946 p2_bpx_cei_ip_09_11_r6_flat
246      41.84502      96.77390    2210.81020       0.00092       0.23305      -0.01946 p2_bpx_cei_ho_09_11_r6_flat
247      27.49799     -97.61994    2249.99902       0.00105       0.23221      -0.01946 p2_bpx_cei_ip_09_11_r6_grove
248      28.07460      96.89637    2250.44075       0.00105       0.23220      -0.01946 p2_bpx_cei_ho_09_11_r6_grove
249      39.58057     -97.57151    2332.09945       0.00122       0.23115      -0.01946 p2_bpx_cei_ip_09_07_r6_cone
250      40.20179      96.94900    2332.53406       0.00122       0.23115      -0.01946 p2_bpx_cei_ho_09_07_r6_cone
251     -35.25281     -97.46975    2344.98376       0.00124       0.23107      -0.01946 p2_bpx_cei_ip_09_07_r6_grove
252     -34.63581      97.33296    2345.46247       0.00124       0.23107      -0.01946 p2_bpx_cei_ho_09_07_r6_grove
253     -16.99463     -97.44415    2382.75790       0.00125       0.23097      -0.01946 p2_bpx_cei_ip_09_07_r6_flat
254     -16.36013      97.27286    2383.23181       0.00125       0.23097      -0.01946 p2_bpx_cei_ho_09_07_r6_flat
255       2.83734      -0.38268     739.80000       0.00000       0.00000       0.00000 p3_cei_09_par_1
256     142.78953      -2.17265    2041.34000      26.08587       0.00000       0.00000 p3_cei_09_par_2
257      89.35188      -1.10373    2382.00000    4536.01469      -0.94911       0.00103 p3_cei_09_par_3
258      -0.08548       0.00163      -0.01213      -0.00171      -0.03839       0.01278 p3_cei_09
259     -14.99171       0.00224      66.08694      -0.00321       0.09174   -3141.57983 p3_irm_cei_09_s1_fixed
260      14.98218      -0.00214    2291.89993       0.00014       0.07979       0.01278 p3_irm_cei_09_s2_fixed
261      15.00829       0.00186      66.08969      -0.00321       0.09174   -3141.57983 p3_irm_cei_09_l1_fixed
262     -15.01782      -0.00175    2291.89754       0.00014       0.07979       0.01278 p3_irm_cei_09_l2_fixed
263     -15.03043       0.00104     477.98914      -0.00239       0.09781       0.01278 p3_irl_cei_09_s1
264      14.98427      -0.00181    1879.99476      -0.00195      -0.08840       0.01278 p3_irl_cei_09_s2
265      14.92172      -0.00001     950.49372      -0.00066       0.08458       0.01278 p3_irl_cei_09_l1
266     -15.07394      -0.00027    1407.49564      -0.00239      -0.10736       0.01278 p3_irl_cei_09_l2
267     -15.07748       0.00038     941.19112      -0.00066       0.08682       0.01278 p3_irc_cei_09_s1
268      14.92707      -0.00067    1416.79241      -0.00241      -0.10992       0.01278 p3_irc_cei_09_s2
269      14.92507      -0.00063    1398.19242      -0.00236      -0.10468       0.01278 p3_irc_cei_09_l1
270     -15.07905       0.00037     959.79125      -0.00066       0.08221       0.01278 p3_irc_cei_09_l2
271       0.01435       0.00226      -0.01214      -0.00323       0.09162       0.01278 p3_irt_cei_09_r1
272      -0.02259       0.00106     396.99022      -0.00265       0.09589       0.01278 p3_irt_cei_09_r2
273      -0.06288       0.00031     793.99190      -0.00097       0.10662       0.01278 p3_irt_cei_09_r3
274      -0.08829      -0.00003    1190.99327      -0.00141      -0.01451       0.01278 p3_irt_cei_09_r4
275      -0.05131      -0.00092    1587.99473      -0.00264      -0.13599       0.01278 p3_irt_cei_09_r5
276      -0.00870      -0.00180    1984.99666      -0.00138      -0.04291       0.01278 p3_irt_cei_09_r6
277      -0.02542      -0.00193    2381.99947       0.00023       0.08672       0.01278 p3_irt_cei_09_r7
278     -36.97675     -97.70231      14.70946      -0.00323       0.09162       0.01278 p3_bpx_cei_ip_09_11_r1_cone
279     -36.63318      97.13468      14.93672      -0.00323       0.09163       0.01278 p3_bpx_cei_ho_09_11_r1_cone
280      38.93195     -97.83589      16.94443      -0.00323       0.09163       0.01278 p3_bpx_cei_ip_09_11_r1_flat
281      39.27262      96.98330      17.16429      -0.00323       0.09163       0.01278 p3_bpx_cei_ho_09_11_r1_flat
282      26.17818     -97.78616      56.91334      -0.00322       0.09171       0.01278 p3_bpx_cei_ip_09_11_r1_grove
283      26.51455      96.97194      57.12990      -0.00322       0.09171       0.01278 p3_bpx_cei_ho_09_11_r1_grove
284      23.68546     -97.74993      88.80063      -0.00320       0.09183       0.01278 p3_bpx_cei_ip_09_07_r1_cone
285      24.02623      96.94067      89.02159      -0.00320       0.09183       0.01278 p3_bpx_cei_ho_09_07_r1_cone
286     -50.78960     -97.62282     103.61959      -0.00319       0.09191       0.01278 p3_bpx_cei_ip_09_07_r1_grove
287     -50.44914      97.10677     103.84784      -0.00319       0.09191       0.01278 p3_bpx_cei_ho_09_07_r1_grove
288     -31.56543     -97.60239     140.90119      -0.00316       0.09216       0.01278 p3_bpx_cei_ip_09_07_r1_flat
289     -31.22427      97.00481     141.12833      -0.00316       0.09216       0.01278 p3_bpx_cei_ho_09_07_r1_flat
290     -55.50532       0.00235     193.17478      -0.00309       0.09263       0.01278 p3_srg_cei_09_r1_rear
291     -51.80775      52.05901     193.20968      -0.00309       0.09263       0.01278 p3_srg_cei_09_r1_135deg
292     -52.28719     -52.29779     193.23812      -0.00309       0.09263       0.01278 p3_srg_cei_09_r1_225deg
293       0.55231      73.19254     193.27800      -0.00309       0.09263       0.01278 p3_srg_cei_09_r1_90deg
294      55.45308       0.00094     193.29426      -0.00309       0.09263       0.01278 p3_srg_cei_09_r1_front
295      -0.03047     -73.86715     193.29339      -0.00309       0.09263       0.01278 p3_srg_cei_09_r1_270deg
296      52.61183      51.22247     193.30685      -0.00309       0.09263       0.01278 p3_srg_cei_09_r1_45deg
297      52.19961     -52.23482     193.32140      -0.00309       0.09263       0.01278 p3_srg_cei_09_r1_315deg
298      50.56374     209.68603     248.32559      -0.00300       0.09329       0.01278 p3_baz_cei_09_08_07_r1_cone
299     -25.37573     209.91110     249.05401      -0.00300       0.09330       0.01278 p3_baz_cei_09_08_07_r1_grove
300     -13.39959     209.87353     289.26712      -0.00292       0.09389       0.01278 p3_baz_cei_09_08_07_r1_flat
301     -38.35625     -97.49696     324.64345      -0.00284       0.09448       0.01278 p3_bpx_cei_ip_09_11_r2_cone
302     -38.00477      97.28664     324.75824      -0.00284       0.09448       0.01278 p3_bpx_cei_ho_09_11_r2_cone
303      37.54659     -97.61973     327.40064      -0.00284       0.09452       0.01278 p3_bpx_cei_ip_09_11_r2_flat
304      37.89737      97.10776     327.50463      -0.00284       0.09453       0.01278 p3_bpx_cei_ho_09_11_r2_flat
305      24.50280     -97.62518     367.27594      -0.00274       0.09527       0.01278 p3_bpx_cei_ip_09_11_r2_grove
306      24.85648      97.09092     367.38041      -0.00273       0.09528       0.01278 p3_bpx_cei_ho_09_11_r2_grove
307      28.01220     -97.66452     401.84228      -0.00264       0.09599       0.01278 p3_bpx_cei_ip_09_07_r2_cone
308      28.36408      97.04828     401.94683      -0.00264       0.09600       0.01278 p3_bpx_cei_ho_09_07_r2_cone
309     -46.57518     -97.55820     416.14858      -0.00260       0.09631       0.01278 p3_bpx_cei_ip_09_07_r2_grove
310     -46.20920      97.21319     416.26032      -0.00259       0.09631       0.01278 p3_bpx_cei_ho_09_07_r2_grove
311     -27.60130     -97.60304     453.56367      -0.00248       0.09719       0.01278 p3_bpx_cei_ip_09_07_r2_flat
312     -27.24392      97.10826     453.67479      -0.00248       0.09720       0.01278 p3_bpx_cei_ho_09_07_r2_flat
313      55.53456      -0.03036     478.04644      -0.00239       0.09781       0.01278 p3_irl_cei_09_r1_front
314     -36.26678     209.99945     549.22515      -0.00213       0.09979       0.01278 p3_baz_cei_09_10_11_r1_cone
315      37.90508     209.74937     565.54173      -0.00206       0.10029       0.01278 p3_baz_cei_09_10_11_r1_flat
316      17.92456     209.77445     602.42557      -0.00190       0.10145       0.01278 p3_baz_cei_09_10_11_r1_grove
317      -7.75325     -36.10281     720.00066      -0.00133       0.10567       0.01278 p3_slm_cei_09_surf_r1
318     -37.50432     -97.51693     811.77371      -0.00091       0.10580       0.01278 p3_bpx_cei_ip_09_11_r3_cone
319     -37.15775      97.20596     811.99653      -0.00090       0.10578       0.01278 p3_bpx_cei_ho_09_11_r3_cone
320      38.34530     -97.63690     815.39324      -0.00089       0.10558       0.01278 p3_bpx_cei_ip_09_11_r3_flat
321      38.70327      97.02099     815.60175      -0.00089       0.10556       0.01278 p3_bpx_cei_ho_09_11_r3_flat
322      24.86057     -97.64187     855.11988      -0.00078       0.10199       0.01278 p3_bpx_cei_ip_09_11_r3_grove
323      25.21584      97.01863     855.32947      -0.00077       0.10196       0.01278 p3_bpx_cei_ho_09_11_r3_grove
324      27.64171     -97.68003     891.90476      -0.00070       0.09675       0.01278 p3_bpx_cei_ip_09_07_r3_cone
325      28.00508      96.98057     892.10733      -0.00070       0.09671       0.01278 p3_bpx_cei_ho_09_07_r3_cone
326     -47.09748     -97.57088     905.36249      -0.00069       0.09436       0.01278 p3_bpx_cei_ip_09_07_r3_grove
327     -46.72761      97.16971     905.58796      -0.00069       0.09432       0.01278 p3_bpx_cei_ho_09_07_r3_grove
328     -28.55808     -97.61874     942.98460      -0.00066       0.08640       0.01278 p3_bpx_cei_ip_09_07_r3_flat
329     -28.18311      97.08565     943.20546      -0.00066       0.08634       0.01278 p3_bpx_cei_ho_09_07_r3_flat
330      55.42329      -0.01872     950.85044      -0.00066       0.08449       0.01278 p3_irc_cei_09_r1_front
331      55.34708       0.10128    1179.01890      -0.00134      -0.00770       0.01278 p3_mid_cei_09_front
332     -36.87392     -97.42054    1240.81820      -0.00170      -0.04153       0.01278 p3_bpx_cei_ip_09_11_r4_cone
333     -36.48583      97.30435    1240.98002      -0.00170      -0.04161       0.01278 p3_bpx_cei_ho_09_11_r4_cone
334      38.95525     -97.50752    1244.95278      -0.00172      -0.04362       0.01278 p3_bpx_cei_ip_09_11_r4_flat
335      39.34285      97.07598    1245.09930      -0.00172      -0.04369       0.01278 p3_bpx_cei_ho_09_11_r4_flat
336      25.19516     -97.54721    1284.58532      -0.00192      -0.06248       0.01278 p3_bpx_cei_ip_09_11_r4_grove
337      25.58746      97.07348    1284.73367      -0.00192      -0.06254       0.01278 p3_bpx_cei_ho_09_11_r4_grove
338      40.60277     -97.63798    1318.97797      -0.00208      -0.07711       0.01278 p3_bpx_cei_ip_09_07_r4_cone
339      40.99737      96.99892    1319.12844      -0.00208      -0.07717       0.01278 p3_bpx_cei_ho_09_07_r4_cone
340     -34.21950     -97.55545    1331.92775      -0.00213      -0.08220       0.01278 p3_bpx_cei_ip_09_07_r4_grove
341     -33.82040      97.19645    1332.09044      -0.00213      -0.08226       0.01278 p3_bpx_cei_ho_09_07_r4_grove
342     -15.92344     -97.63417    1369.68389      -0.00227      -0.09574       0.01278 p3_bpx_cei_ip_09_07_r4_flat
343     -15.51553      97.08883    1369.85349      -0.00227      -0.09580       0.01278 p3_bpx_cei_ho_09_07_r4_flat
344      55.39137       0.07413    1407.61637      -0.00239      -0.10739       0.01278 p3_irc_cei_09_r2_front
345     -28.13899     172.66716    1465.43689      -0.00252      -0.12138       0.01278 p3_baz_cei_09_10_08_r2_grove
346      42.24245     172.46209    1493.95884      -0.00257      -0.12661       0.01278 p3_baz_cei_09_10_08_r2_cone
347     -32.54536     172.65541    1507.16213      -0.00259      -0.12865       0.01278 p3_baz_cei_09_10_08_r2_flat
348     -27.31117     -97.48847    1665.88438      -0.00259      -0.13465       0.01278 p3_bpx_cei_ip_09_11_r5_cone
349     -26.94186      97.34132    1666.03393      -0.00259      -0.13464       0.01278 p3_bpx_cei_ho_09_11_r5_cone
350      48.51519     -97.61505    1670.03810      -0.00258      -0.13434       0.01278 p3_bpx_cei_ip_09_11_r5_flat
351      48.89210      97.15014    1670.18166      -0.00258      -0.13433       0.01278 p3_bpx_cei_ho_09_11_r5_flat
352      34.74344     -97.61648    1709.66218      -0.00251      -0.13027       0.01278 p3_bpx_cei_ip_09_11_r5_grove
353      35.11875      97.12952    1709.80882      -0.00251      -0.13025       0.01278 p3_bpx_cei_ho_09_11_r5_grove
354      46.77205     -97.67715    1758.74912      -0.00240      -0.12225       0.01278 p3_bpx_cei_ip_09_07_r5_cone
355      47.14836      97.03384    1758.89965      -0.00240      -0.12222       0.01278 p3_bpx_cei_ho_09_07_r5_cone
356     -28.05788     -97.55733    1771.67106      -0.00236      -0.11960       0.01278 p3_bpx_cei_ip_09_07_r5_grove
357     -27.68468      97.19207    1771.82938      -0.00236      -0.11956       0.01278 p3_bpx_cei_ho_09_07_r5_grove
358      -9.78283     -97.60775    1809.43008      -0.00224      -0.11054       0.01278 p3_bpx_cei_ip_09_07_r5_flat
359      -9.41693      97.09555    1809.59458      -0.00224      -0.11049       0.01278 p3_bpx_cei_ho_09_07_r5_flat
360      55.44088       0.09987    1880.08819      -0.00195      -0.08836       0.01278 p3_irl_cei_09_r2_front
361     -13.37823     -41.42007    2020.72885      -0.00114      -0.02401       0.01278 p3_gim_cei_09_surf_r1
362     -52.25054      51.94955    2115.61803      -0.00052       0.02616       0.01278 p3_srg_cei_09_r2_135deg
363      -0.03436      73.42368    2115.64631      -0.00052       0.02618       0.01278 p3_srg_cei_09_r2_90deg
364      52.15126      51.81701    2115.67897      -0.00052       0.02619       0.01278 p3_srg_cei_09_r2_45deg
365     -55.73000       0.03409    2115.70111      -0.00052       0.02620       0.01278 p3_srg_cei_09_r2_rear
366      55.44880      -0.00263    2115.71123      -0.00052       0.02621       0.01278 p3_srg_cei_09_r2_front
367     -52.32977     -52.18125    2115.73207      -0.00052       0.02622       0.01278 p3_srg_cei_09_r2_225deg
368      52.05213     -52.20259    2115.73711      -0.00052       0.02622       0.01278 p3_srg_cei_09_r2_315deg
369      -0.18905     -73.74512    2115.75673      -0.00052       0.02623       0.01278 p3_srg_cei_09_r2_270deg
370     -34.53087     -97.60361    2206.19050      -0.00010       0.06034       0.01278 p3_bpx_cei_ip_09_11_r6_cone
371     -33.97571      97.19289    2206.66355      -0.00010       0.06048       0.01278 p3_bpx_cei_ho_09_11_r6_cone
372      41.29117     -97.66247    2210.37846      -0.00008       0.06158       0.01278 p3_bpx_cei_ip_09_11_r6_flat
373      41.84353      96.77362    2210.81182      -0.00008       0.06171       0.01278 p3_bpx_cei_ho_09_11_r6_flat
374      27.49952     -97.61980    2249.99860       0.00004       0.07185       0.01278 p3_bpx_cei_ip_09_11_r6_grove
375      28.07738      96.89859    2250.43884       0.00004       0.07195       0.01278 p3_bpx_cei_ho_09_11_r6_grove
376      39.58192     -97.57084    2332.09972       0.00020       0.08459       0.01278 p3_bpx_cei_ip_09_07_r6_cone
377      40.20347      96.94995    2332.53634       0.00020       0.08463       0.01278 p3_bpx_cei_ho_09_07_r6_cone
378     -35.25467     -97.47288    2344.98287       0.00021       0.08555       0.01278 p3_bpx_cei_ip_09_07_r6_grove
379     -34.63392      97.33461    2345.46208       0.00021       0.08558       0.01278 p3_bpx_cei_ho_09_07_r6_grove
380     -16.99713     -97.44351    2382.75652       0.00023       0.08672       0.01278 p3_bpx_cei_ip_09_07_r6_flat
381     -16.36179      97.27188    2383.23284       0.00023       0.08672       0.01278 p3_bpx_cei_ho_09_07_r6_flat
382     -80.40579       4.28933     739.80000       0.00000       0.00000       0.00000 p4_cei_09_par_1
383     -82.75815      11.55133    2041.34000      26.08587       0.00000       0.00000 p4_cei_09_par_2
384      19.90732      -1.52323    2382.00000    1899.04186       1.33381       0.00101 p4_cei_09_par_3
385      -0.32898       0.00676      -0.02308      -0.00597      -0.15690      -0.00585 p4_cei_09
386     -14.93847      -0.00385      66.06861       0.01708       0.55774    3141.58685 p4_irm_cei_09_s1_fixed
387      15.04110      -0.00406    2291.88456       0.00575      -0.19052      -0.00585 p4_irm_cei_09_s2_fixed
388      15.06154      -0.00367      66.08534       0.01708       0.55774    3141.58685 p4_irm_cei_09_l1_fixed
389     -14.95890      -0.00423    2291.89028       0.00575      -0.19052      -0.00585 p4_irm_cei_09_l2_fixed
390     -15.14170       0.00177     477.97181       0.00791       0.38564      -0.00585 p4_irl_cei_09_s1
391      14.95586      -0.00587    1879.97971       0.00229      -0.22642      -0.00585 p4_irl_cei_09_s2
392      14.77951       0.00031     950.47766      -0.01352      -0.05407      -0.00585 p4_irl_cei_09_l1
393     -15.15048      -0.00523    1407.48318      -0.00658      -0.20787      -0.00585 p4_irl_cei_09_l2
394     -15.22096       0.00026     941.17916      -0.01334      -0.04734      -0.00585 p4_irc_cei_09_s1
395      14.85146      -0.00511    1416.77697      -0.00636      -0.20915      -0.00585 p4_irc_cei_09_s2
396      14.84760      -0.00499    1398.17692      -0.00681      -0.20656      -0.00585 p4_irc_cei_09_l1
397     -15.21995       0.00001     959.77941      -0.01369      -0.06062      -0.00585 p4_irc_cei_09_l2
398       0.09855      -0.00490      -0.02314       0.01726       0.56110      -0.00585 p4_irt_cei_09_r1
399      -0.10819       0.00110     396.97748       0.01081       0.44007      -0.00585 p4_irt_cei_09_r2
400      -0.21893       0.00198     793.97813      -0.00815       0.08218      -0.00585 p4_irt_cei_09_r3
401      -0.19149      -0.00311    1190.97918      -0.01231      -0.16772      -0.00585 p4_irt_cei_09_r4
402      -0.11110      -0.00596    1587.98102      -0.00260      -0.22614      -0.00585 p4_irt_cei_09_r5
403      -0.02079      -0.00565    1984.98404       0.00359      -0.21767      -0.00585 p4_irt_cei_09_r6
404       0.05818      -0.00362    2381.98861       0.00587      -0.18898      -0.00585 p4_irt_cei_09_r7
405     -36.96545     -97.71546      14.69498       0.01726       0.56093      -0.00585 p4_bpx_cei_ip_09_11_r1_cone
406     -36.62893      97.12605      14.94441       0.01725       0.56092      -0.00585 p4_bpx_cei_ho_09_11_r1_cone
407      38.94333     -97.84298      16.93227       0.01725       0.56088      -0.00585 p4_bpx_cei_ip_09_11_r1_flat
408      39.27325      96.98153      17.17719       0.01725       0.56087      -0.00585 p4_bpx_cei_ho_09_11_r1_flat
409      26.18644     -97.79367      56.89952       0.01713       0.55861      -0.00585 p4_bpx_cei_ip_09_11_r1_grove
410      26.51586      96.96474      57.14307       0.01713       0.55859      -0.00585 p4_bpx_cei_ho_09_11_r1_grove
411      23.69258     -97.75804      88.78809       0.01694       0.55504      -0.00585 p4_bpx_cei_ip_09_07_r1_cone
412      24.02720      96.93347      89.03198       0.01694       0.55501      -0.00585 p4_bpx_cei_ho_09_07_r1_cone
413     -50.78306     -97.61992     103.60288       0.01682       0.55285      -0.00585 p4_bpx_cei_ip_09_07_r1_grove
414     -50.45074      97.10048     103.85539       0.01682       0.55281      -0.00585 p4_bpx_cei_ho_09_07_r1_grove
415     -31.56064     -97.60709     140.88337       0.01645       0.54585      -0.00585 p4_bpx_cei_ip_09_07_r1_flat
416     -31.22702      96.99832     141.13685       0.01645       0.54579      -0.00585 p4_bpx_cei_ho_09_07_r1_flat
417     -55.51063      -0.00199     193.16653       0.01573       0.53243      -0.00585 p4_srg_cei_09_r1_rear
418     -51.81135      52.05134     193.21438       0.01573       0.53241      -0.00585 p4_srg_cei_09_r1_135deg
419     -52.28855     -52.30237     193.22227       0.01573       0.53241      -0.00585 p4_srg_cei_09_r1_225deg
420      -0.02993     -73.86806     193.27703       0.01573       0.53240      -0.00585 p4_srg_cei_09_r1_270deg
421      55.44844      -0.00134     193.30671       0.01573       0.53240      -0.00585 p4_srg_cei_09_r1_front
422      52.19835     -52.23795     193.30990       0.01573       0.53240      -0.00585 p4_srg_cei_09_r1_315deg
423       0.54820      73.18944     193.28713       0.01573       0.53240      -0.00585 p4_srg_cei_09_r1_90deg
424      52.60943      51.22285     193.31809       0.01573       0.53240      -0.00585 p4_srg_cei_09_r1_45deg
425      50.54970     209.68698     248.33986       0.01474       0.51374      -0.00585 p4_baz_cei_09_08_07_r1_cone
426     -25.39080     209.90814     249.06416       0.01472       0.51345      -0.00585 p4_baz_cei_09_08_07_r1_grove
427     -13.41591     209.87019     289.27848       0.01384       0.49682      -0.00585 p4_baz_cei_09_08_07_r1_flat
428     -38.35719     -97.49988     324.62606       0.01295       0.48015      -0.00585 p4_bpx_cei_ip_09_11_r2_cone
429     -38.01170      97.28482     324.76820       0.01294       0.48008      -0.00585 p4_bpx_cei_ho_09_11_r2_cone
430      37.54631     -97.62141     327.38565       0.01287       0.47879      -0.00585 p4_bpx_cei_ip_09_11_r2_flat
431      37.89020      97.10590     327.51761       0.01287       0.47872      -0.00585 p4_bpx_cei_ho_09_11_r2_flat
432      24.50213     -97.62699     367.25904       0.01174       0.45752      -0.00585 p4_bpx_cei_ip_09_11_r2_grove
433      24.84833      97.09221     367.39231       0.01173       0.45744      -0.00585 p4_bpx_cei_ho_09_11_r2_grove
434      28.00986     -97.66468     401.82502       0.01065       0.43710      -0.00585 p4_bpx_cei_ip_09_07_r2_cone
435      28.35746      97.05222     401.95710       0.01065       0.43702      -0.00585 p4_bpx_cei_ho_09_07_r2_cone
436     -46.57625     -97.55797     416.13291       0.01017       0.42810      -0.00585 p4_bpx_cei_ip_09_07_r2_grove
437     -46.21745      97.21203     416.27309       0.01016       0.42800      -0.00585 p4_bpx_cei_ho_09_07_r2_grove
438     -27.60150     -97.59950     453.54535       0.00884       0.40311      -0.00585 p4_bpx_cei_ip_09_07_r2_flat
439     -27.24910      97.11090     453.68748       0.00883       0.40301      -0.00585 p4_bpx_cei_ho_09_07_r2_flat
440      55.53338      -0.02241     478.05157       0.00790       0.38560      -0.00585 p4_irl_cei_09_r1_front
441     -36.27556     210.00141     549.24078       0.00491       0.32942      -0.00585 p4_baz_cei_09_10_11_r1_cone
442      37.89759     209.75622     565.55437       0.00416       0.31547      -0.00585 p4_baz_cei_09_10_11_r1_flat
443      17.91696     209.77912     602.43940       0.00240       0.28238      -0.00585 p4_baz_cei_09_10_11_r1_grove
444      -7.90120     -36.10521     720.00139      -0.00397       0.16299      -0.00585 p4_slm_cei_09_surf_r1
445     -37.49526     -97.51299     811.75109      -0.00900       0.06424      -0.00585 p4_bpx_cei_ip_09_11_r3_cone
446     -37.14871      97.20991     812.01038      -0.00901       0.06398      -0.00585 p4_bpx_cei_ho_09_11_r3_cone
447      38.35432     -97.63428     815.37722      -0.00917       0.06066      -0.00585 p4_bpx_cei_ip_09_11_r3_flat
448      38.71216      97.02282     815.61932      -0.00918       0.06042      -0.00585 p4_bpx_cei_ho_09_11_r3_flat
449      24.86956     -97.63745     855.09988      -0.01082       0.02313      -0.00585 p4_bpx_cei_ip_09_11_r3_grove
450      25.22282      97.02064     855.34399      -0.01083       0.02291      -0.00585 p4_bpx_cei_ho_09_11_r3_grove
451      27.64971     -97.67806     891.88471      -0.01208      -0.00881      -0.00585 p4_bpx_cei_ip_09_07_r3_cone
452      28.01307      96.98194     892.12166      -0.01208      -0.00900      -0.00585 p4_bpx_cei_ho_09_07_r3_cone
453     -47.09010     -97.56886     905.34358      -0.01247      -0.01981      -0.00585 p4_bpx_cei_ip_09_07_r3_grove
454     -46.71993      97.16954     905.60391      -0.01248      -0.02002      -0.00585 p4_bpx_cei_ho_09_07_r3_grove
455     -28.54830     -97.61894     942.96543      -0.01337      -0.04865      -0.00585 p4_bpx_cei_ip_09_07_r3_flat
456     -28.17183      97.08906     943.22002      -0.01338      -0.04883      -0.00585 p4_bpx_cei_ho_09_07_r3_flat
457      55.42733      -0.01566     950.85765      -0.01353      -0.05434      -0.00585 p4_irc_cei_09_r1_front
458      55.34802       0.09996    1179.02888      -0.01264      -0.16481      -0.00585 p4_mid_cei_09_front
459     -36.87829     -97.42421    1240.79606      -0.01090      -0.17872      -0.00585 p4_bpx_cei_ip_09_11_r4_cone
460     -36.48409      97.30389    1240.99501      -0.01089      -0.17876      -0.00585 p4_bpx_cei_ho_09_11_r4_cone
461      38.95085     -97.51191    1244.93449      -0.01079      -0.17959      -0.00585 p4_bpx_cei_ip_09_11_r4_flat
462      39.34275      97.07189    1245.11542      -0.01078      -0.17963      -0.00585 p4_bpx_cei_ho_09_11_r4_flat
463      25.18953     -97.55169    1284.56482      -0.00971      -0.18752      -0.00585 p4_bpx_cei_ip_09_11_r4_grove
464      25.58762      97.07071    1284.75044      -0.00970      -0.18755      -0.00585 p4_bpx_cei_ho_09_11_r4_grove
465      40.59579     -97.63932    1318.96060      -0.00880      -0.19386      -0.00585 p4_bpx_cei_ip_09_07_r4_cone
466      40.99679      96.99988    1319.14574      -0.00879      -0.19389      -0.00585 p4_bpx_cei_ho_09_07_r4_cone
467     -34.22719     -97.55587    1331.90768      -0.00846      -0.19612      -0.00585 p4_bpx_cei_ip_09_07_r4_grove
468     -33.82049      97.19323    1332.10475      -0.00846      -0.19615      -0.00585 p4_bpx_cei_ho_09_07_r4_grove
469     -15.93316     -97.63267    1369.66384      -0.00751      -0.20229      -0.00585 p4_bpx_cei_ip_09_07_r4_flat
470     -15.51976      97.08754    1369.86922      -0.00750      -0.20233      -0.00585 p4_bpx_cei_ho_09_07_r4_flat
471      55.38265       0.07368    1407.62512      -0.00658      -0.20790      -0.00585 p4_irc_cei_09_r2_front
472     -28.13992     172.66965    1465.45317      -0.00523      -0.21525      -0.00585 p4_baz_cei_09_10_08_r2_grove
473      42.24007     172.46143    1493.97613      -0.00458      -0.21836      -0.00585 p4_baz_cei_09_10_08_r2_cone
474     -32.54724     172.65943    1507.17912      -0.00430      -0.21967      -0.00585 p4_baz_cei_09_10_08_r2_flat
475     -27.32176     -97.48346    1665.86675      -0.00111      -0.22976      -0.00585 p4_bpx_cei_ip_09_11_r5_cone
476     -26.93756      97.34534    1666.05078      -0.00111      -0.22976      -0.00585 p4_bpx_cei_ho_09_11_r5_cone
477      48.50730     -97.61762    1670.01936      -0.00104      -0.22988      -0.00585 p4_bpx_cei_ip_09_11_r5_flat
478      48.89390      97.14758    1670.19427      -0.00103      -0.22988      -0.00585 p4_bpx_cei_ho_09_11_r5_flat
479      34.73552     -97.61573    1709.64394      -0.00033      -0.23066      -0.00585 p4_bpx_cei_ip_09_11_r5_grove
480      35.12263      97.12827    1709.82211      -0.00033      -0.23066      -0.00585 p4_bpx_cei_ho_09_11_r5_grove
481      46.76675     -97.67905    1758.73029       0.00049      -0.23070      -0.00585 p4_bpx_cei_ip_09_07_r5_cone
482      47.15616      97.03305    1758.91081       0.00049      -0.23070      -0.00585 p4_bpx_cei_ho_09_07_r5_cone
483     -28.06077     -97.55299    1771.65447       0.00070      -0.23054      -0.00585 p4_bpx_cei_ip_09_07_r5_grove
484     -27.67567      97.19692    1771.84474       0.00070      -0.23054      -0.00585 p4_bpx_cei_ho_09_07_r5_grove
485      -9.78398     -97.60554    1809.41249       0.00128      -0.22967      -0.00585 p4_bpx_cei_ip_09_07_r5_flat
486      -9.40607      97.09476    1809.61016       0.00129      -0.22966      -0.00585 p4_bpx_cei_ho_09_07_r5_flat
487      55.44718       0.09817    1880.09434       0.00229      -0.22641      -0.00585 p4_irl_cei_09_r2_front
488     -13.37644     -41.42669    2020.71550       0.00397      -0.21362      -0.00585 p4_gim_cei_09_surf_r1
489     -52.26416      51.94470    2115.62518       0.00484      -0.20247      -0.00585 p4_srg_cei_09_r2_135deg
490      -0.04868      73.42081    2115.66221       0.00484      -0.20246      -0.00585 p4_srg_cei_09_r2_90deg
491     -55.71545       0.04608    2115.68693       0.00484      -0.20246      -0.00585 p4_srg_cei_09_r2_rear
492      52.12255      51.82661    2115.67035       0.00484      -0.20246      -0.00585 p4_srg_cei_09_r2_45deg
493     -52.33923     -52.16980    2115.71090       0.00484      -0.20246      -0.00585 p4_srg_cei_09_r2_225deg
494      55.46316      -0.00477    2115.72433       0.00484      -0.20246      -0.00585 p4_srg_cei_09_r2_front
495      52.05497     -52.20839    2115.72567       0.00484      -0.20246      -0.00585 p4_srg_cei_09_r2_315deg
496      -0.19010     -73.74609    2115.74105       0.00484      -0.20246      -0.00585 p4_srg_cei_09_r2_270deg
497     -34.53432     -97.59663    2206.17203       0.00542      -0.19486      -0.00585 p4_bpx_cei_ip_09_11_r6_cone
498     -33.96026      97.19948    2206.67467       0.00542      -0.19482      -0.00585 p4_bpx_cei_ho_09_11_r6_cone
499      41.28630     -97.66386    2210.36802       0.00544      -0.19458      -0.00585 p4_bpx_cei_ip_09_11_r6_flat
500      41.85735      96.77025    2210.82696       0.00544      -0.19455      -0.00585 p4_bpx_cei_ho_09_11_r6_flat
501      27.49236     -97.62152    2249.98686       0.00562      -0.19229      -0.00585 p4_bpx_cei_ip_09_11_r6_grove
502      28.08721      96.89728    2250.45656       0.00562      -0.19227      -0.00585 p4_bpx_cei_ho_09_11_r6_grove
503      39.57101     -97.56968    2332.08702       0.00583      -0.18945      -0.00585 p4_bpx_cei_ip_09_07_r6_cone
504      40.21026      96.94973    2332.55167       0.00583      -0.18944      -0.00585 p4_bpx_cei_ho_09_07_r6_cone
505     -35.26605     -97.46084    2344.96806       0.00585      -0.18924      -0.00585 p4_bpx_cei_ip_09_07_r6_grove
506     -34.62880      97.34256    2345.47401       0.00585      -0.18923      -0.00585 p4_bpx_cei_ho_09_07_r6_grove
507     -17.01031     -97.43361    2382.73962       0.00587      -0.18898      -0.00585 p4_bpx_cei_ip_09_07_r6_flat
508     -16.35585      97.28149    2383.24746       0.00587      -0.18898      -0.00585 p4_bpx_cei_ho_09_07_r6_flat
509     -15.00000       0.00000      66.10000       0.00000      -0.00000       1.59270 p1_irm_cei_09_s1
510      15.00000       0.00000      66.10000       0.00000      -0.00000       1.59270 p1_irm_cei_09_l1
511      15.00000       0.00000    2291.90000       0.00000      -0.00000   -3140.00000 p1_irm_cei_09_s2
512     -15.00000       0.00000    2291.90000       0.00000      -0.00000   -3140.00000 p1_irm_cei_09_l2
513     -15.08890      -0.00060      66.13916       0.00070      -0.66578       1.57324 p2_irm_cei_09_s1
514      14.91110      -0.00002      66.11919       0.00070      -0.66578       1.57324 p2_irm_cei_09_l1
515      14.94946      -0.00184    2291.94312       0.00116       0.23155   -3140.01946 p2_irm_cei_09_s2
516     -15.05053      -0.00242    2291.93617       0.00116       0.23155   -3140.01946 p2_irm_cei_09_l2
517     -14.99171       0.00224      66.08694      -0.00321       0.09174       1.60548 p3_irm_cei_09_s1
518      15.00829       0.00186      66.08969      -0.00321       0.09174       1.60548 p3_irm_cei_09_l1
519      14.98218      -0.00214    2291.89993       0.00014       0.07979   -3139.98722 p3_irm_cei_09_s2
520     -15.01782      -0.00175    2291.89754       0.00014       0.07979   -3139.98722 p3_irm_cei_09_l2
521     -14.93847      -0.00385      66.06861       0.01708       0.55774       1.58685 p4_irm_cei_09_s1
522      15.06154      -0.00367      66.08534       0.01708       0.55774       1.58685 p4_irm_cei_09_l1
523      15.04110      -0.00406    2291.88456       0.00575      -0.19052   -3140.00585 p4_irm_cei_09_s2
524     -14.95890      -0.00423    2291.89028       0.00575      -0.19052   -3140.00585 p4_irm_cei_09_l2
