   1       0.00000       0.00000     739.80000       0.00000       0.00000       0.00000 p1_aei_11_par_1
   2       0.00000       0.00000    2041.34000      26.08587       0.00000       0.00000 p1_aei_11_par_2
   3       0.00000       0.00000    2382.00000       0.00000       0.00000       0.00000 p1_aei_11_par_3
   4       0.00000       0.00000       0.00000       0.00000       0.00000       0.00000 p1_aei_11
   5     -15.00000       0.00000      66.10000       0.00000      -0.00000   -3141.59261 p1_irm_aei_11_s1_fixed
   6      15.00000       0.00000    2291.90000       0.00000      -0.00000       0.00000 p1_irm_aei_11_s2_fixed
   7      15.00000       0.00000      66.10000       0.00000      -0.00000   -3141.59261 p1_irm_aei_11_l1_fixed
   8     -15.00000       0.00000    2291.90000       0.00000      -0.00000       0.00000 p1_irm_aei_11_l2_fixed
   9     -15.00000       0.00000     478.00000       0.00000      -0.00000       0.00000 p1_irl_aei_11_s1
  10      15.00000       0.00000    1880.00000       0.00000      -0.00000       0.00000 p1_irl_aei_11_s2
  11      15.00000       0.00000     950.50000       0.00000      -0.00000       0.00000 p1_irl_aei_11_l1
  12     -15.00000       0.00000    1407.50000       0.00000      -0.00000       0.00000 p1_irl_aei_11_l2
  13     -15.00000       0.00000     941.20000       0.00000      -0.00000       0.00000 p1_irc_aei_11_s1
  14      15.00000       0.00000    1416.80000       0.00000      -0.00000       0.00000 p1_irc_aei_11_s2
  15      15.00000       0.00000    1398.20000       0.00000      -0.00000       0.00000 p1_irc_aei_11_l1
  16     -15.00000       0.00000     959.80000       0.00000      -0.00000       0.00000 p1_irc_aei_11_l2
  17       0.00000       0.00000       0.00000       0.00000      -0.00000       0.00000 p1_irt_aei_11_r1
  18       0.00000       0.00000     397.00000       0.00000      -0.00000       0.00000 p1_irt_aei_11_r2
  19       0.00000       0.00000     794.00000       0.00000      -0.00000       0.00000 p1_irt_aei_11_r3
  20       0.00000       0.00000    1191.00000       0.00000      -0.00000       0.00000 p1_irt_aei_11_r4
  21       0.00000       0.00000    1588.00000       0.00000      -0.00000       0.00000 p1_irt_aei_11_r5
  22       0.00000       0.00000    1985.00000       0.00000      -0.00000       0.00000 p1_irt_aei_11_r6
  23       0.00000       0.00000    2382.00000       0.00000      -0.00000       0.00000 p1_irt_aei_11_r7
  24     -36.92860      97.72970      14.83980       0.00000      -0.00000       0.00000 p1_bpx_aei_ip_11_13_r1_cone
  25     -36.78950     -97.16670      14.94170       0.00000      -0.00000       0.00000 p1_bpx_aei_ho_11_13_r1_cone
  26      38.98150      97.77330      17.02820       0.00000      -0.00000       0.00000 p1_bpx_aei_ip_11_13_r1_flat
  27      39.12670     -97.12650      17.14750       0.00000      -0.00000       0.00000 p1_bpx_aei_ho_11_13_r1_flat
  28      26.23560      97.73890      56.99920       0.00000      -0.00000       0.00000 p1_bpx_aei_ip_11_13_r1_grove
  29      26.38110     -97.06870      57.13030       0.00000      -0.00000       0.00000 p1_bpx_aei_ho_11_13_r1_grove
  30      23.76560      97.72410      88.89210       0.00000      -0.00000       0.00000 p1_bpx_aei_ip_11_09_r1_cone
  31      23.90950     -97.01960      89.01140       0.00000      -0.00000       0.00000 p1_bpx_aei_ho_11_09_r1_cone
  32     -50.70660      97.68250     103.75180       0.00000      -0.00000       0.00000 p1_bpx_aei_ip_11_09_r1_grove
  33     -50.56290     -97.08730     103.85410       0.00000      -0.00000       0.00000 p1_bpx_aei_ho_11_09_r1_grove
  34     -31.46300      97.66670     141.01800       0.00000      -0.00000       0.00000 p1_bpx_aei_ip_11_09_r1_flat
  35     -31.32390     -97.00180     141.13070       0.00000      -0.00000       0.00000 p1_bpx_aei_ho_11_09_r1_flat
  36      55.45650       0.00000     193.30000       0.00000      -0.00000       0.00000 p1_srg_aei_11_r1_front
  37     -55.50950       0.00000     193.32760       0.00000      -0.00000       0.00000 p1_srg_aei_11_r1_rear
  38      52.16950      52.26830     193.34830       0.00000      -0.00000       0.00000 p1_srg_aei_11_r1_45deg
  39     -52.22720      52.26530     193.36020       0.00000      -0.00000       0.00000 p1_srg_aei_11_r1_135deg
  40      -0.05780      73.83160     193.38430       0.00000      -0.00000       0.00000 p1_srg_aei_11_r1_90deg
  41      53.21290     -50.54280     193.48120       0.00000      -0.00000       0.00000 p1_srg_aei_11_r1_315deg
  42       1.43070     -73.17020     193.49650       0.00000      -0.00000       0.00000 p1_srg_aei_11_r1_270deg
  43     -51.21300     -52.70110     193.50280       0.00000      -0.00000       0.00000 p1_srg_aei_11_r1_225deg
  44      50.18650    -209.68780     248.41900       0.00000      -0.00000       0.00000 p1_baz_aei_11_10_r1_cone
  44      50.18650    -209.68780     248.41900       0.00000      -0.00000       0.00000 p1_baz_aei_11_09_r1_cone
  45     -25.74810    -209.79520     249.12540       0.00000      -0.00000       0.00000  p1_baz_aei_11_10_r1_grove
  45     -25.74810    -209.79520     249.12540       0.00000      -0.00000       0.00000  p1_baz_aei_11_09_r1_grove
  46     -13.78560    -209.74500     289.33680       0.00000      -0.00000       0.00000 p1_baz_aei_11_10_r1_flat
  46     -13.78560    -209.74500     289.33680       0.00000      -0.00000       0.00000 p1_baz_aei_11_09_r1_flat
  47     -38.08840     -97.05840     324.76020       0.00000      -0.00000       0.00000 p1_bpx_aei_ho_11_13_r2_cone
  48     -38.32130      97.47510     325.03870       0.00000      -0.00000       0.00000 p1_bpx_aei_ip_11_13_r2_cone
  49      37.81290     -96.94520     327.55900       0.00000      -0.00000       0.00000 p1_bpx_aei_ho_11_13_r2_flat
  50      37.57180      97.57450     327.81230       0.00000      -0.00000       0.00000 p1_bpx_aei_ip_11_13_r2_flat
  51      24.74950     -96.93760     367.42030       0.00000      -0.00000       0.00000 p1_bpx_aei_ho_11_13_r2_grove
  52      24.52590      97.59830     367.68540       0.00000      -0.00000       0.00000 p1_bpx_aei_ip_11_13_r2_grove
  53      28.23710     -96.92610     401.98330       0.00000      -0.00000       0.00000 p1_bpx_aei_ho_11_09_r2_cone
  54      28.02290      97.65520     402.24620       0.00000      -0.00000       0.00000 p1_bpx_aei_ip_11_09_r2_cone
  55     -46.34430     -96.98290     416.25560       0.00000      -0.00000       0.00000 p1_bpx_aei_ho_11_09_r2_grove
  56     -46.55530      97.60550     416.54210       0.00000      -0.00000       0.00000 p1_bpx_aei_ip_11_09_r2_grove
  57     -27.39980     -96.92170     453.67780       0.00000      -0.00000       0.00000 p1_bpx_aei_ho_11_09_r2_flat
  58     -27.59760      97.65980     453.95820       0.00000      -0.00000       0.00000 p1_bpx_aei_ip_11_09_r2_flat
  59      55.37840       0.09630     478.00060       0.00000      -0.00000       0.00000 p1_irl_aei_11_r1_front
  60     -36.60120    -209.81400     549.02900       0.00000      -0.00000       0.00000 p1_baz_aei_11_12_r1_cone
  60     -36.60120    -209.81400     549.02900       0.00000      -0.00000       0.00000 p1_baz_aei_11_13_r1_cone
  61      37.55210    -209.66890     565.40620       0.00000      -0.00000       0.00000 p1_baz_aei_11_12_r1_flat
  61      37.55210    -209.66890     565.40620       0.00000      -0.00000       0.00000 p1_baz_aei_11_13_r1_flat
  62      17.55340    -209.70970     602.26580       0.00000      -0.00000       0.00000  p1_baz_aei_11_12_r1_grove
  62      17.55340    -209.70970     602.26580       0.00000      -0.00000       0.00000  p1_baz_aei_11_13_r1_grove
  63      -5.90480      42.29150     720.14830       0.00000      -0.00000       0.00000 p1_slm_aei_11_surf_r1
  64     -37.60430      97.60690     811.82670       0.00000      -0.00000       0.00000 p1_bpx_aei_ip_11_13_r3_cone
  65     -37.40820     -97.12860     812.26900       0.00000      -0.00000       0.00000 p1_bpx_aei_ho_11_13_r3_cone
  66      38.25880      97.69040     815.45460       0.00000      -0.00000       0.00000 p1_bpx_aei_ip_11_13_r3_flat
  67      38.45030     -97.02950     815.89210       0.00000      -0.00000       0.00000 p1_bpx_aei_ho_11_13_r3_flat
  68      24.75720      97.69180     855.17590       0.00000      -0.00000       0.00000 p1_bpx_aei_ip_11_13_r3_grove
  69      24.95950     -96.98950     855.61640       0.00000      -0.00000       0.00000 p1_bpx_aei_ho_11_13_r3_grove
  70      27.53210      97.71850     891.96040       0.00000      -0.00000       0.00000 p1_bpx_aei_ip_11_09_r3_cone
  71      27.74000     -96.93860     892.39580       0.00000      -0.00000       0.00000 p1_bpx_aei_ho_11_09_r3_cone
  72     -47.20440      97.63090     905.41750       0.00000      -0.00000       0.00000 p1_bpx_aei_ip_11_09_r3_grove
  73     -47.00430     -97.01000     905.85840       0.00000      -0.00000       0.00000 p1_bpx_aei_ho_11_09_r3_grove
  74     -28.67190      97.66040     943.04100       0.00000      -0.00000       0.00000 p1_bpx_aei_ip_11_09_r3_flat
  75     -28.46050     -96.94320     943.47840       0.00000      -0.00000       0.00000 p1_bpx_aei_ho_11_09_r3_flat
  76      55.32570       0.04630     950.61700       0.00000      -0.00000       0.00000 p1_irc_aei_11_r1_front
  77      55.27350      -0.00890    1178.96730       0.00000      -0.00000       0.00000 p1_mid_aei_11_front
  78     -36.88390      97.64790    1240.98200       0.00000      -0.00000       0.00000 p1_bpx_aei_ip_11_13_r4_cone
  79     -36.81530     -97.05340    1241.21680       0.00000      -0.00000       0.00000 p1_bpx_aei_ho_11_13_r4_cone
  80      38.93910      97.66160    1245.15960       0.00000      -0.00000       0.00000 p1_bpx_aei_ip_11_13_r4_flat
  81      39.01680     -96.96030    1245.34630       0.00000      -0.00000       0.00000 p1_bpx_aei_ho_11_13_r4_flat
  82      25.15740      97.70060    1284.78180       0.00000      -0.00000       0.00000 p1_bpx_aei_ip_11_13_r4_grove
  83      25.25350     -96.92520    1284.97620       0.00000      -0.00000       0.00000 p1_bpx_aei_ho_11_13_r4_grove
  84      40.54420      97.77300    1319.18190       0.00000      -0.00000       0.00000 p1_bpx_aei_ip_11_09_r4_cone
  85      40.66960     -96.87700    1319.36990       0.00000      -0.00000       0.00000 p1_bpx_aei_ho_11_09_r4_cone
  86     -34.29070      97.73640    1332.09450       0.00000      -0.00000       0.00000 p1_bpx_aei_ip_11_09_r4_grove
  87     -34.15220     -96.93340    1332.32480       0.00000      -0.00000       0.00000 p1_bpx_aei_ho_11_09_r4_grove
  88     -16.01950      97.77720    1369.86690       0.00000      -0.00000       0.00000 p1_bpx_aei_ip_11_09_r4_flat
  89     -15.85430     -96.86510    1370.08720       0.00000      -0.00000       0.00000 p1_bpx_aei_ho_11_09_r4_flat
  90      55.23150       0.13840    1407.73470       0.00000      -0.00000       0.00000 p1_irc_aei_11_r2_front
  91     -28.53060    -172.40600    1465.82180       0.00000      -0.00000       0.00000  p1_baz_aei_11_12_r2_grove
  91     -28.53060    -172.40600    1465.82180       0.00000      -0.00000       0.00000  p1_baz_aei_11_10_r2_grove
  92      41.87070    -172.31440    1494.32490       0.00000      -0.00000       0.00000 p1_baz_aei_11_12_r2_cone
  92      41.87070    -172.31440    1494.32490       0.00000      -0.00000       0.00000 p1_baz_aei_11_10_r2_cone
  93     -32.91230    -172.43000    1507.55130       0.00000      -0.00000       0.00000 p1_baz_aei_11_12_r2_flat
  93     -32.91230    -172.43000    1507.55130       0.00000      -0.00000       0.00000 p1_baz_aei_11_10_r2_flat
  94     -27.23560      97.65680    1666.23730       0.00000      -0.00000       0.00000 p1_bpx_aei_ip_11_13_r5_cone
  95     -27.13810     -96.99350    1666.47620       0.00000      -0.00000       0.00000 p1_bpx_aei_ho_11_13_r5_cone
  96      48.59850      97.63520    1670.37360       0.00000      -0.00000       0.00000 p1_bpx_aei_ip_11_13_r5_flat
  97      48.69840     -96.86440    1670.61820       0.00000      -0.00000       0.00000 p1_bpx_aei_ho_11_13_r5_flat
  98      34.82760      97.65700    1710.00860       0.00000      -0.00000       0.00000 p1_bpx_aei_ip_11_13_r5_grove
  99      34.92600     -96.88210    1710.24850       0.00000      -0.00000       0.00000 p1_bpx_aei_ho_11_13_r5_grove
 100      46.86550      97.69470    1759.09290       0.00000      -0.00000       0.00000 p1_bpx_aei_ip_11_09_r5_cone
 101      46.96210     -96.87700    1759.33520       0.00000      -0.00000       0.00000 p1_bpx_aei_ho_11_09_r5_cone
 102     -27.96810      97.74030    1772.02820       0.00000      -0.00000       0.00000 p1_bpx_aei_ip_11_09_r5_grove
 103     -27.87130     -96.96470    1772.26140       0.00000      -0.00000       0.00000 p1_bpx_aei_ho_11_09_r5_grove
 104      -9.68990      97.75100    1809.78200       0.00000      -0.00000       0.00000 p1_bpx_aei_ip_11_09_r5_flat
 105      -9.59040     -96.93280    1810.02330       0.00000      -0.00000       0.00000 p1_bpx_aei_ho_11_09_r5_flat
 106      55.34680      -0.03850    1880.38860       0.00000      -0.00000       0.00000 p1_irl_aei_11_r2_front
 107     -13.36660      41.42180    2020.88470       0.00000      -0.00000       0.00000 p1_gim_aei_11_surf_r1
 108      55.45650       0.00000    2116.07900       0.00000      -0.00000       0.00000 p1_srg_aei_11_r2_front
 109      52.17420      52.25290    2116.08390       0.00000      -0.00000       0.00000 p1_srg_aei_11_r2_45deg
 110      51.79920     -51.78910    2116.12670       0.00000      -0.00000       0.00000 p1_srg_aei_11_r2_315deg
 111      -0.04250      73.82060    2116.13450       0.00000      -0.00000       0.00000 p1_srg_aei_11_r2_90deg
 112     -52.24330      52.46480    2116.16370       0.00000      -0.00000       0.00000 p1_srg_aei_11_r2_135deg
 113     -55.76150       0.18680    2116.17710       0.00000      -0.00000       0.00000 p1_srg_aei_11_r2_rear
 114      -0.48280     -72.97950    2116.21650       0.00000      -0.00000       0.00000 p1_srg_aei_11_r2_270deg
 115     -52.56490     -51.26570    2116.26960       0.00000      -0.00000       0.00000 p1_srg_aei_11_r2_225deg
 116     -34.48360      97.82000    2206.99240       0.00000      -0.00000       0.00000 p1_bpx_aei_ip_11_13_r6_cone
 117     -34.26570     -96.87470    2207.13770       0.00000      -0.00000       0.00000 p1_bpx_aei_ho_11_13_r6_cone
 118      41.35640      97.82260    2211.01930       0.00000      -0.00000       0.00000 p1_bpx_aei_ip_11_13_r6_flat
 119      41.56270     -96.74500    2211.20110       0.00000      -0.00000       0.00000 p1_bpx_aei_ho_11_13_r6_flat
 120      27.64040      97.80740    2250.67100       0.00000      -0.00000       0.00000 p1_bpx_aei_ip_11_13_r6_grove
 121      27.83060     -96.77920    2250.85070       0.00000      -0.00000       0.00000 p1_bpx_aei_ho_11_13_r6_grove
 122      39.89190      97.80850    2332.73740       0.00000      -0.00000       0.00000 p1_bpx_aei_ip_11_09_r6_cone
 123      40.05330     -96.80630    2332.92680       0.00000      -0.00000       0.00000 p1_bpx_aei_ho_11_09_r6_cone
 124     -34.91810      97.76210    2345.78100       0.00000      -0.00000       0.00000 p1_bpx_aei_ip_11_09_r6_grove
 125     -34.76450     -96.89180    2345.93430       0.00000      -0.00000       0.00000 p1_bpx_aei_ho_11_09_r6_grove
 126     -16.59170      97.74920    2383.51220       0.00000      -0.00000       0.00000 p1_bpx_aei_ip_11_09_r6_flat
 127     -16.44550     -96.87170    2383.68380       0.00000      -0.00000       0.00000 p1_bpx_aei_ho_11_09_r6_flat
 128      98.48701      -0.75194     739.80000       0.00000       0.00000       0.00000 p2_aei_11_par_1
 129     128.82329      -4.87380    2041.34000      26.08587       0.00000       0.00000 p2_aei_11_par_2
 130      -8.71804      -2.21232    2382.00000     580.52729       1.18952      -0.00010 p2_aei_11_par_3
 131       0.36898       0.00181       0.03203      -0.00023       0.17358       0.01401 p2_aei_11
 132     -15.08567       0.00227      66.14192      -0.00203      -0.66842   -3141.57860 p2_irm_aei_11_s1_fixed
 133      14.95611       0.00154    2291.93949       0.00258       0.22998       0.01401 p2_irm_aei_11_s2_fixed
 134      14.91434       0.00185      66.12187      -0.00203      -0.66842   -3141.57860 p2_irm_aei_11_l1_fixed
 135     -15.04389       0.00196    2291.93259       0.00258       0.22998       0.01401 p2_irm_aei_11_l2_fixed
 136     -14.84280       0.00168     478.03871      -0.00042      -0.45762       0.01401 p2_irl_aei_11_s1
 137      15.05375       0.00123    1880.03822      -0.00156       0.24474       0.01401 p2_irl_aei_11_s2
 138      15.24715       0.00196     950.53342       0.00283       0.07509       0.01401 p2_irl_aei_11_l1
 139     -14.83352       0.00275    1407.52985      -0.00176       0.22273       0.01401 p2_irl_aei_11_l2
 140     -14.75219       0.00236     941.23127       0.00284       0.06736       0.01401 p2_irc_aei_11_s1
 141      15.16440       0.00231    1416.83657      -0.00183       0.22372       0.01401 p2_irc_aei_11_s2
 142      15.16854       0.00234    1398.23649      -0.00168       0.22172       0.01401 p2_irc_aei_11_l1
 143     -14.75358       0.00241     959.83107       0.00281       0.08259       0.01401 p2_irc_aei_11_l2
 144      -0.13003       0.00219       0.03194      -0.00207      -0.67253       0.01401 p2_irt_aei_11_r1
 145       0.11735       0.00152     397.03182      -0.00093      -0.52429       0.01401 p2_irt_aei_11_r2
 146       0.24714       0.00175     794.03209       0.00236      -0.08632       0.01401 p2_irt_aei_11_r3
 147       0.21173       0.00267    1191.03271       0.00077       0.19327       0.01401 p2_irt_aei_11_r4
 148       0.12477       0.00213    1588.03366      -0.00261       0.23799       0.01401 p2_irt_aei_11_r5
 149       0.02818       0.00133    1985.03490      -0.00045       0.24175       0.01401 p2_irt_aei_11_r6
 150      -0.06457       0.00199    2382.03640       0.00275       0.22931       0.01401 p2_irt_aei_11_r7
 151     -36.93042      97.73528      14.84078      -0.00206      -0.67233       0.01401 p2_bpx_aei_ip_11_13_r1_cone
 152     -36.78898     -97.16793      14.94378      -0.00206      -0.67232       0.01401 p2_bpx_aei_ho_11_13_r1_cone
 153      38.98029      97.77371      17.02695      -0.00206      -0.67226       0.01401 p2_bpx_aei_ip_11_13_r1_flat
 154      39.12174     -97.13139      17.13895      -0.00206      -0.67226       0.01401 p2_bpx_aei_ho_11_13_r1_flat
 155      26.23441      97.74041      56.99807      -0.00204      -0.66948       0.01401 p2_bpx_aei_ip_11_13_r1_grove
 156      26.37976     -97.07910      57.11818      -0.00204      -0.66947       0.01401 p2_bpx_aei_ho_11_13_r1_grove
 157      23.76669      97.72638      88.89042      -0.00201      -0.66510       0.01401 p2_bpx_aei_ip_11_09_r1_cone
 158      23.90814     -97.02043      89.00574      -0.00201      -0.66508       0.01401 p2_bpx_aei_ho_11_09_r1_cone
 159     -50.70658      97.68789     103.75351      -0.00199      -0.66242       0.01401 p2_bpx_aei_ip_11_09_r1_grove
 160     -50.56314     -97.08581     103.85753      -0.00199      -0.66240       0.01401 p2_bpx_aei_ho_11_09_r1_grove
 161     -31.46154      97.66685     141.01969      -0.00192      -0.65384       0.01401 p2_bpx_aei_ip_11_09_r1_flat
 162     -31.32429     -97.00396     141.12812      -0.00192      -0.65381       0.01401 p2_bpx_aei_ho_11_09_r1_flat
 163     -55.50853       0.00259     193.32971      -0.00180      -0.63740       0.01401 p2_srg_aei_11_r1_rear
 164     -52.22677      52.26634     193.36241      -0.00180      -0.63739       0.01401 p2_srg_aei_11_r1_135deg
 165      55.45421       0.00103     193.29648      -0.00180      -0.63739       0.01401 p2_srg_aei_11_r1_front
 166      52.16908      52.26828     193.34787      -0.00180      -0.63737       0.01401 p2_srg_aei_11_r1_45deg
 167      -0.05673      73.83391     193.38530      -0.00180      -0.63737       0.01401 p2_srg_aei_11_r1_90deg
 168     -51.21255     -52.69867     193.50578      -0.00180      -0.63734       0.01401 p2_srg_aei_11_r1_225deg
 169       1.43129     -73.16401     193.49819      -0.00180      -0.63733       0.01401 p2_srg_aei_11_r1_270deg
 170      53.21292     -50.54084     193.48383      -0.00180      -0.63732       0.01401 p2_srg_aei_11_r1_315deg
 171      50.18790    -209.68949     248.41936      -0.00162      -0.61449       0.01401 p2_baz_aei_11_10_r1_cone
 171      50.18790    -209.68949     248.41936      -0.00162      -0.61449       0.01401 p2_baz_aei_11_09_r1_cone
 172     -25.74690    -209.79523     249.12661      -0.00162      -0.61418       0.01401  p2_baz_aei_11_10_r1_grove
 172     -25.74690    -209.79523     249.12661      -0.00162      -0.61418       0.01401  p2_baz_aei_11_09_r1_grove
 173     -13.78130    -209.74285     289.33692      -0.00146      -0.59381       0.01401 p2_baz_aei_11_10_r1_flat
 173     -13.78130    -209.74285     289.33692      -0.00146      -0.59381       0.01401 p2_baz_aei_11_09_r1_flat
 174     -38.08665     -97.05846     324.75987      -0.00131      -0.57336       0.01401 p2_bpx_aei_ho_11_13_r2_cone
 175     -38.32007      97.47384     325.04215      -0.00131      -0.57319       0.01401 p2_bpx_aei_ip_11_13_r2_cone
 176      37.81439     -96.94593     327.55862      -0.00129      -0.57162       0.01401 p2_bpx_aei_ho_11_13_r2_flat
 177      37.57225      97.57537     327.81161      -0.00129      -0.57146       0.01401 p2_bpx_aei_ip_11_13_r2_flat
 178      24.75126     -96.93709     367.42076      -0.00109      -0.54557       0.01401 p2_bpx_aei_ho_11_13_r2_grove
 179      24.52773      97.59811     367.68790      -0.00109      -0.54538       0.01401 p2_bpx_aei_ip_11_13_r2_grove
 180      28.23929     -96.92368     401.98500      -0.00090      -0.52056       0.01401 p2_bpx_aei_ho_11_09_r2_cone
 181      28.02445      97.65123     402.24839      -0.00090      -0.52036       0.01401 p2_bpx_aei_ip_11_09_r2_cone
 182     -46.34519     -96.98125     416.25493      -0.00082      -0.50960       0.01401 p2_bpx_aei_ho_11_09_r2_grove
 183     -46.55222      97.60616     416.54338      -0.00082      -0.50938       0.01401 p2_bpx_aei_ip_11_09_r2_grove
 184     -27.39898     -96.92274     453.67458      -0.00059      -0.47898       0.01401 p2_bpx_aei_ho_11_09_r2_flat
 185     -27.59582      97.65827     453.96008      -0.00058      -0.47874       0.01401 p2_bpx_aei_ip_11_09_r2_flat
 186      55.37610       0.09559     478.00178      -0.00042      -0.45763       0.01401 p2_irl_aei_11_r1_front
 187     -36.59984    -209.81293     549.03062       0.00010      -0.38906       0.01401 p2_baz_aei_11_12_r1_cone
 187     -36.59984    -209.81293     549.03062       0.00010      -0.38906       0.01401 p2_baz_aei_11_13_r1_cone
 188      37.55331    -209.66737     565.40835       0.00023      -0.37186       0.01401 p2_baz_aei_11_12_r1_flat
 188      37.55331    -209.66737     565.40835       0.00023      -0.37186       0.01401 p2_baz_aei_11_13_r1_flat
 189      17.55418    -209.71097     602.26678       0.00054      -0.33139       0.01401  p2_baz_aei_11_12_r1_grove
 189      17.55418    -209.71097     602.26678       0.00054      -0.33139       0.01401  p2_baz_aei_11_13_r1_grove
 190      -5.66652      42.29328     720.15034       0.00166      -0.18478       0.01401 p2_slm_aei_11_surf_r1
 191     -37.60705      97.60742     811.83122       0.00249      -0.06460       0.01401 p2_bpx_aei_ip_11_13_r3_cone
 192     -37.40995     -97.13028     812.27067       0.00249      -0.06408       0.01401 p2_bpx_aei_ho_11_13_r3_cone
 193      38.25548      97.68947     815.45558       0.00251      -0.06028       0.01401 p2_bpx_aei_ip_11_13_r3_flat
 194      38.44398     -97.02343     815.88798       0.00251      -0.05977       0.01401 p2_bpx_aei_ho_11_13_r3_flat
 195      24.75507      97.68866     855.17743       0.00271      -0.01532       0.01401 p2_bpx_aei_ip_11_13_r3_grove
 196      24.95945     -96.99004     855.61576       0.00272      -0.01485       0.01401 p2_bpx_aei_ho_11_13_r3_grove
 197      27.53102      97.71783     891.96215       0.00282       0.02249       0.01401 p2_bpx_aei_ip_11_09_r3_cone
 198      27.73759     -96.93618     892.39682       0.00282       0.02291       0.01401 p2_bpx_aei_ho_11_09_r3_cone
 199     -47.20647      97.62991     905.41688       0.00284       0.03540       0.01401 p2_bpx_aei_ip_11_09_r3_grove
 200     -47.00641     -97.01099     905.85562       0.00284       0.03581       0.01401 p2_bpx_aei_ho_11_09_r3_grove
 201     -28.67434      97.65846     943.04262       0.00284       0.06889       0.01401 p2_bpx_aei_ip_11_09_r3_flat
 202     -28.46530     -96.94104     943.47597       0.00284       0.06925       0.01401 p2_bpx_aei_ho_11_09_r3_flat
 203      55.32215       0.04420     950.62004       0.00283       0.07516       0.01401 p2_irc_aei_11_r1_front
 204      55.27445      -0.01021    1178.96711       0.00096       0.19108       0.01401 p2_mid_aei_11_front
 205     -36.88436      97.64721    1240.98365       0.00004       0.20115       0.01401 p2_bpx_aei_ip_11_13_r4_cone
 206     -36.81413     -97.05169    1241.21637       0.00004       0.20118       0.01401 p2_bpx_aei_ho_11_13_r4_cone
 207      38.93880      97.65975    1245.16164      -0.00001       0.20177       0.01401 p2_bpx_aei_ip_11_13_r4_flat
 208      39.01904     -96.96065    1245.34365      -0.00002       0.20180       0.01401 p2_bpx_aei_ho_11_13_r4_flat
 209      25.15889      97.69883    1284.78444      -0.00052       0.20752       0.01401 p2_bpx_aei_ip_11_13_r4_grove
 210      25.25443     -96.92587    1284.97506      -0.00053       0.20755       0.01401 p2_bpx_aei_ho_11_13_r4_grove
 211      40.54427      97.77209    1319.18324      -0.00092       0.21218       0.01401 p2_bpx_aei_ip_11_09_r4_cone
 212      40.67231     -96.87561    1319.36889      -0.00093       0.21220       0.01401 p2_bpx_aei_ho_11_09_r4_cone
 213     -34.28928      97.73423    1332.09584      -0.00106       0.21385       0.01401 p2_bpx_aei_ip_11_09_r4_grove
 214     -34.15026     -96.93487    1332.32377      -0.00107       0.21388       0.01401 p2_bpx_aei_ho_11_09_r4_grove
 215     -16.01785      97.77773    1369.86930      -0.00144       0.21848       0.01401 p2_bpx_aei_ip_11_09_r4_flat
 216     -15.85322     -96.86848    1370.08476      -0.00144       0.21851       0.01401 p2_bpx_aei_ho_11_09_r4_flat
 217      55.23213       0.13707    1407.73566      -0.00176       0.22275       0.01401 p2_irc_aei_11_r2_front
 218     -28.52920    -172.40228    1465.82181      -0.00216       0.22858       0.01401  p2_baz_aei_11_12_r2_grove
 218     -28.52920    -172.40228    1465.82181      -0.00216       0.22858       0.01401  p2_baz_aei_11_10_r2_grove
 219      41.87295    -172.31332    1494.32405      -0.00231       0.23112       0.01401 p2_baz_aei_11_12_r2_cone
 219      41.87295    -172.31332    1494.32405      -0.00231       0.23112       0.01401 p2_baz_aei_11_10_r2_cone
 220     -32.91221    -172.42971    1507.55196      -0.00237       0.23223       0.01401 p2_baz_aei_11_12_r2_flat
 220     -32.91221    -172.42971    1507.55196      -0.00237       0.23223       0.01401 p2_baz_aei_11_10_r2_flat
 221     -27.23564      97.65830    1666.23882      -0.00262       0.24197       0.01401 p2_bpx_aei_ip_11_13_r5_cone
 222     -27.13813     -96.98740    1666.47453      -0.00262       0.24198       0.01401 p2_bpx_aei_ho_11_13_r5_cone
 223      48.60126      97.63713    1670.37709      -0.00262       0.24213       0.01401 p2_bpx_aei_ip_11_13_r5_flat
 224      48.69818     -96.86457    1670.61801      -0.00262       0.24214       0.01401 p2_bpx_aei_ho_11_13_r5_flat
 225      34.82873      97.65552    1710.01092      -0.00254       0.24350       0.01401 p2_bpx_aei_ip_11_13_r5_grove
 226      34.92645     -96.88208    1710.24855      -0.00254       0.24351       0.01401 p2_bpx_aei_ho_11_13_r5_grove
 227      46.86315      97.69263    1759.09433      -0.00236       0.24463       0.01401 p2_bpx_aei_ip_11_09_r5_cone
 228      46.96107     -96.87627    1759.33450      -0.00236       0.24463       0.01401 p2_bpx_aei_ho_11_09_r5_cone
 229     -27.96732      97.73975    1772.03036      -0.00230       0.24482       0.01401 p2_bpx_aei_ip_11_09_r5_grove
 230     -27.87300     -96.96215    1772.25853      -0.00230       0.24483       0.01401 p2_bpx_aei_ho_11_09_r5_grove
 231      -9.69107      97.75061    1809.78233      -0.00209       0.24514       0.01401 p2_bpx_aei_ip_11_09_r5_flat
 232      -9.59185     -96.93259    1810.02215      -0.00209       0.24514       0.01401 p2_bpx_aei_ho_11_09_r5_flat
 233      55.34467      -0.04223    1880.38888      -0.00156       0.24474       0.01401 p2_irl_aei_11_r2_front
 234     -13.34547      41.42331    2020.88461       0.00001       0.24008       0.01401 p2_gim_aei_11_surf_r1
 235      55.45344       0.00061    2116.07191       0.00126       0.23520       0.01401 p2_srg_aei_11_r2_front
 236      52.17157      52.25416    2116.08527       0.00126       0.23520       0.01401 p2_srg_aei_11_r2_45deg
 237      51.79810     -51.78894    2116.12732       0.00126       0.23520       0.01401 p2_srg_aei_11_r2_315deg
 238      -0.04295      73.81819    2116.13487       0.00126       0.23519       0.01401 p2_srg_aei_11_r2_90deg
 239     -52.24425      52.46412    2116.16451       0.00126       0.23519       0.01401 p2_srg_aei_11_r2_135deg
 240     -55.76489       0.18797    2116.17765       0.00126       0.23519       0.01401 p2_srg_aei_11_r2_rear
 241      -0.48442     -72.97800    2116.21685       0.00126       0.23519       0.01401 p2_srg_aei_11_r2_270deg
 242     -52.56643     -51.26467    2116.27207       0.00126       0.23519       0.01401 p2_srg_aei_11_r2_225deg
 243     -34.48402      97.81953    2206.99301       0.00211       0.23186       0.01401 p2_bpx_aei_ip_11_13_r6_cone
 244     -34.26768     -96.87307    2207.13747       0.00211       0.23185       0.01401 p2_bpx_aei_ho_11_13_r6_cone
 245      41.35545      97.82157    2211.01820       0.00214       0.23174       0.01401 p2_bpx_aei_ip_11_13_r6_flat
 246      41.55988     -96.74553    2211.20107       0.00214       0.23174       0.01401 p2_bpx_aei_ho_11_13_r6_flat
 247      27.64278      97.80766    2250.66993       0.00239       0.23074       0.01401 p2_bpx_aei_ip_11_13_r6_grove
 248      27.82992     -96.78035    2250.84984       0.00239       0.23074       0.01401 p2_bpx_aei_ho_11_13_r6_grove
 249      39.89300      97.80789    2332.73830       0.00270       0.22951       0.01401 p2_bpx_aei_ip_11_09_r6_cone
 250      40.05423     -96.80491    2332.92597       0.00270       0.22951       0.01401 p2_bpx_aei_ho_11_09_r6_cone
 251     -34.91869      97.76528    2345.78089       0.00273       0.22942       0.01401 p2_bpx_aei_ip_11_09_r6_grove
 252     -34.76515     -96.89532    2345.93516       0.00273       0.22942       0.01401 p2_bpx_aei_ho_11_09_r6_grove
 253     -16.59104      97.75172    2383.51245       0.00275       0.22931       0.01401 p2_bpx_aei_ip_11_09_r6_flat
 254     -16.44391     -96.87388    2383.68412       0.00275       0.22931       0.01401 p2_bpx_aei_ho_11_09_r6_flat
 255       1.75105      -0.02714     739.80000       0.00000       0.00000       0.00000 p3_aei_11_par_1
 256     139.26215       0.73918    2041.34000      26.08587       0.00000       0.00000 p3_aei_11_par_2
 257      87.79557       0.67663    2382.00000     649.35015       1.17331       0.00000 p3_aei_11_par_3
 258      -0.08791       0.00125      -0.00971       0.00150      -0.04236       0.01795 p3_aei_11
 259     -14.99028       0.00215      66.08881       0.00065       0.09513   -3141.57466 p3_irm_aei_11_s1_fixed
 260      14.98958       0.00415    2291.89583       0.00019       0.07229       0.01795 p3_irm_aei_11_s2_fixed
 261      15.00972       0.00161      66.09167       0.00065       0.09513   -3141.57466 p3_irm_aei_11_l1_fixed
 262     -15.01042       0.00469    2291.89366       0.00019       0.07229       0.01795 p3_irm_aei_11_l2_fixed
 263     -15.03004       0.00243     477.98871       0.00071       0.09888       0.01795 p3_irl_aei_11_s1
 264      14.98912       0.00384    1879.99164       0.00148      -0.09291       0.01795 p3_irl_aei_11_s2
 265      14.92297       0.00227     950.49184       0.00100       0.08017       0.01795 p3_irl_aei_11_l1
 266     -15.07079       0.00349    1407.49322       0.00195      -0.11072       0.01795 p3_irl_aei_11_l2
 267     -15.07627       0.00280     941.18939       0.00098       0.08246       0.01795 p3_irc_aei_11_s1
 268      14.93026       0.00297    1416.78988       0.00196      -0.11326       0.01795 p3_irc_aei_11_s2
 269      14.92820       0.00293    1398.18991       0.00194      -0.10806       0.01795 p3_irc_aei_11_l1
 270     -15.07776       0.00282     959.78948       0.00101       0.07776       0.01795 p3_irc_aei_11_l2
 271       0.01600       0.00184      -0.00972       0.00065       0.09506       0.01795 p3_irt_aei_11_r1
 272      -0.02208       0.00210     396.99017       0.00069       0.09769       0.01795 p3_irt_aei_11_r2
 273      -0.06223       0.00240     793.99043       0.00082       0.10362       0.01795 p3_irt_aei_11_r3
 274      -0.08594       0.00284    1190.99106       0.00153      -0.01878       0.01795 p3_irt_aei_11_r4
 275      -0.04757       0.00358    1587.99206       0.00200      -0.13928       0.01795 p3_irt_aei_11_r5
 276      -0.00334       0.00424    1984.99343       0.00112      -0.04826       0.01795 p3_irt_aei_11_r6
 277      -0.01734       0.00443    2381.99518       0.00014       0.07910       0.01795 p3_irt_aei_11_r7
 278     -36.92966      97.73231      14.83920       0.00065       0.09506       0.01795 p3_bpx_aei_ip_11_13_r1_cone
 279     -36.78846     -97.16539      14.94434       0.00065       0.09506       0.01795 p3_bpx_aei_ho_11_13_r1_cone
 280      38.98074      97.77565      17.02681       0.00065       0.09506       0.01795 p3_bpx_aei_ip_11_13_r1_flat
 281      39.12513     -97.13085      17.14075       0.00065       0.09506       0.01795 p3_bpx_aei_ho_11_13_r1_flat
 282      26.23494      97.74530      56.99907       0.00065       0.09511       0.01795 p3_bpx_aei_ip_11_13_r1_grove
 283      26.38003     -97.07910      57.12042       0.00065       0.09511       0.01795 p3_bpx_aei_ho_11_13_r1_grove
 284      23.76600      97.72657      88.88932       0.00065       0.09519       0.01795 p3_bpx_aei_ip_11_09_r1_cone
 285      23.90840     -97.02243      89.00806       0.00065       0.09519       0.01795 p3_bpx_aei_ho_11_09_r1_cone
 286     -50.70601      97.68892     103.74902       0.00065       0.09524       0.01795 p3_bpx_aei_ip_11_09_r1_grove
 287     -50.56172     -97.08579     103.85417       0.00065       0.09524       0.01795 p3_bpx_aei_ho_11_09_r1_grove
 288     -31.46097      97.66569     141.01854       0.00066       0.09539       0.01795 p3_bpx_aei_ip_11_09_r1_flat
 289     -31.32487     -97.00521     141.12938       0.00066       0.09539       0.01795 p3_bpx_aei_ho_11_09_r1_flat
 290      55.45409       0.00097     193.29549       0.00066       0.09568       0.01795 p3_srg_aei_11_r1_front
 291     -55.50932       0.00296     193.32777       0.00066       0.09568       0.01795 p3_srg_aei_11_r1_rear
 292      52.16772      52.26753     193.34804       0.00066       0.09568       0.01795 p3_srg_aei_11_r1_45deg
 293     -52.22628      52.26570     193.36055       0.00066       0.09568       0.01795 p3_srg_aei_11_r1_135deg
 294      -0.05660      73.83137     193.38383       0.00066       0.09568       0.01795 p3_srg_aei_11_r1_90deg
 295      53.21266     -50.53959     193.48611       0.00066       0.09568       0.01795 p3_srg_aei_11_r1_315deg
 296       1.43195     -73.16316     193.49937       0.00066       0.09568       0.01795 p3_srg_aei_11_r1_270deg
 297     -51.21238     -52.70042     193.50712       0.00066       0.09568       0.01795 p3_srg_aei_11_r1_225deg
 298      50.18634    -209.68570     248.42143       0.00067       0.09609       0.01795 p3_baz_aei_11_10_r1_cone
 298      50.18634    -209.68570     248.42143       0.00067       0.09609       0.01795 p3_baz_aei_11_09_r1_cone
 299     -25.74833    -209.79534     249.12654       0.00067       0.09610       0.01795  p3_baz_aei_11_10_r1_grove
 299     -25.74833    -209.79534     249.12654       0.00067       0.09610       0.01795  p3_baz_aei_11_09_r1_grove
 300     -13.78330    -209.74742     289.33738       0.00067       0.09646       0.01795 p3_baz_aei_11_10_r1_flat
 300     -13.78330    -209.74742     289.33738       0.00067       0.09646       0.01795 p3_baz_aei_11_09_r1_flat
 301     -38.08820     -97.05956     324.76035       0.00068       0.09682       0.01795 p3_bpx_aei_ho_11_13_r2_cone
 302     -38.32024      97.47674     325.03829       0.00068       0.09682       0.01795 p3_bpx_aei_ip_11_13_r2_cone
 303      37.81313     -96.94422     327.55860       0.00068       0.09685       0.01795 p3_bpx_aei_ho_11_13_r2_flat
 304      37.57170      97.57228     327.81244       0.00068       0.09685       0.01795 p3_bpx_aei_ip_11_13_r2_flat
 305      24.75086     -96.93316     367.42155       0.00069       0.09731       0.01795 p3_bpx_aei_ho_11_13_r2_grove
 306      24.52553      97.60104     367.68609       0.00069       0.09732       0.01795 p3_bpx_aei_ip_11_13_r2_grove
 307      28.23749     -96.92840     401.98390       0.00069       0.09776       0.01795 p3_bpx_aei_ho_11_09_r2_cone
 308      28.02246      97.65260     402.24765       0.00069       0.09776       0.01795 p3_bpx_aei_ip_11_09_r2_cone
 309     -46.34461     -96.98535     416.25651       0.00070       0.09796       0.01795 p3_bpx_aei_ho_11_09_r2_grove
 310     -46.55445      97.60525     416.54255       0.00070       0.09796       0.01795 p3_bpx_aei_ip_11_09_r2_grove
 311     -27.39878     -96.92167     453.67826       0.00071       0.09850       0.01795 p3_bpx_aei_ho_11_09_r2_flat
 312     -27.59842      97.65884     453.95840       0.00071       0.09850       0.01795 p3_bpx_aei_ip_11_09_r2_flat
 313      55.37926       0.09856     478.00137       0.00071       0.09888       0.01795 p3_irl_aei_11_r1_front
 314     -36.60008    -209.81363     549.03122       0.00073       0.10010       0.01795 p3_baz_aei_11_12_r1_cone
 314     -36.60008    -209.81363     549.03122       0.00073       0.10010       0.01795 p3_baz_aei_11_13_r1_cone
 315      37.55348    -209.66755     565.40727       0.00073       0.10040       0.01795 p3_baz_aei_11_12_r1_flat
 315      37.55348    -209.66755     565.40727       0.00073       0.10040       0.01795 p3_baz_aei_11_13_r1_flat
 316      17.55487    -209.70997     602.26590       0.00075       0.10112       0.01795  p3_baz_aei_11_12_r1_grove
 316      17.55487    -209.70997     602.26590       0.00075       0.10112       0.01795  p3_baz_aei_11_13_r1_grove
 317      -5.95868      42.29375     720.14831       0.00079       0.10373       0.01795 p3_slm_aei_11_surf_r1
 318     -37.60422      97.60889     811.82802       0.00084       0.10257       0.01795 p3_bpx_aei_ip_11_13_r3_cone
 319     -37.40886     -97.12902     812.26931       0.00084       0.10254       0.01795 p3_bpx_aei_ho_11_13_r3_cone
 320      38.25912      97.68993     815.45560       0.00084       0.10231       0.01795 p3_bpx_aei_ip_11_13_r3_flat
 321      38.44878     -97.02867     815.89088       0.00084       0.10228       0.01795 p3_bpx_aei_ho_11_13_r3_flat
 322      24.75582      97.69160     855.17726       0.00087       0.09829       0.01795 p3_bpx_aei_ip_11_13_r3_grove
 323      24.95859     -96.99140     855.61565       0.00088       0.09824       0.01795 p3_bpx_aei_ho_11_13_r3_grove
 324      27.53021      97.71829     891.96062       0.00092       0.09272       0.01795 p3_bpx_aei_ip_11_09_r3_cone
 325      27.73807     -96.93822     892.39622       0.00092       0.09264       0.01795 p3_bpx_aei_ho_11_09_r3_cone
 326     -47.20533      97.63104     905.41863       0.00093       0.09023       0.01795 p3_bpx_aei_ip_11_09_r3_grove
 327     -47.00576     -97.01056     905.86023       0.00093       0.09014       0.01795 p3_bpx_aei_ho_11_09_r3_grove
 328     -28.67287      97.65955     943.04278       0.00099       0.08202       0.01795 p3_bpx_aei_ip_11_09_r3_flat
 329     -28.46170     -96.94486     943.47740       0.00099       0.08191       0.01795 p3_bpx_aei_ho_11_09_r3_flat
 330      55.32396       0.04714     950.61928       0.00100       0.08014       0.01795 p3_irc_aei_11_r1_front
 331      55.26998      -0.01218    1178.96807       0.00150      -0.01202       0.01795 p3_mid_aei_11_front
 332     -36.88386      97.64658    1240.98268       0.00166      -0.04559       0.01795 p3_bpx_aei_ip_11_13_r4_cone
 333     -36.81485     -97.05272    1241.21741       0.00166      -0.04571       0.01795 p3_bpx_aei_ho_11_13_r4_cone
 334      38.93803      97.65922    1245.16175       0.00167      -0.04769       0.01795 p3_bpx_aei_ip_11_13_r4_flat
 335      39.01825     -96.96148    1245.34527       0.00167      -0.04778       0.01795 p3_bpx_aei_ho_11_13_r4_flat
 336      25.15720      97.70044    1284.78272       0.00176      -0.06633       0.01795 p3_bpx_aei_ip_11_13_r4_grove
 337      25.25372     -96.92536    1284.97525       0.00176      -0.06642       0.01795 p3_bpx_aei_ho_11_13_r4_grove
 338      40.54324      97.77032    1319.18278       0.00183      -0.08081       0.01795 p3_bpx_aei_ip_11_09_r4_cone
 339      40.67176     -96.87268    1319.36842       0.00183      -0.08089       0.01795 p3_bpx_aei_ho_11_09_r4_cone
 340     -34.29109      97.73629    1332.09563       0.00185      -0.08584       0.01795 p3_bpx_aei_ip_11_09_r4_grove
 341     -34.15186     -96.93801    1332.32528       0.00185      -0.08593       0.01795 p3_bpx_aei_ho_11_09_r4_grove
 342     -16.01769      97.77993    1369.86896       0.00191      -0.09926       0.01795 p3_bpx_aei_ip_11_09_r4_flat
 343     -15.85126     -96.86287    1370.08552       0.00191      -0.09933       0.01795 p3_bpx_aei_ho_11_09_r4_flat
 344      55.23004       0.13413    1407.73453       0.00195      -0.11079       0.01795 p3_irc_aei_11_r2_front
 345     -28.53009    -172.40485    1465.82181       0.00200      -0.12473       0.01795  p3_baz_aei_11_12_r2_grove
 345     -28.53009    -172.40485    1465.82181       0.00200      -0.12473       0.01795  p3_baz_aei_11_10_r2_grove
 346      41.87244    -172.31416    1494.32439       0.00201      -0.12992       0.01795 p3_baz_aei_11_12_r2_cone
 346      41.87244    -172.31416    1494.32439       0.00201      -0.12992       0.01795 p3_baz_aei_11_10_r2_cone
 347     -32.91313    -172.42869    1507.55281       0.00201      -0.13195       0.01795 p3_baz_aei_11_12_r2_flat
 347     -32.91313    -172.42869    1507.55281       0.00201      -0.13195       0.01795 p3_baz_aei_11_10_r2_flat
 348     -27.23641      97.65872    1666.23817       0.00193      -0.13808       0.01795 p3_bpx_aei_ip_11_13_r5_cone
 349     -27.13937     -96.98968    1666.47513       0.00193      -0.13806       0.01795 p3_bpx_aei_ho_11_13_r5_cone
 350      48.60116      97.63797    1670.37472       0.00193      -0.13779       0.01795 p3_bpx_aei_ip_11_13_r5_flat
 351      48.69660     -96.86413    1670.61778       0.00193      -0.13777       0.01795 p3_bpx_aei_ho_11_13_r5_flat
 352      34.82925      97.65729    1710.00919       0.00187      -0.13382       0.01795 p3_bpx_aei_ip_11_13_r5_grove
 353      34.92599     -96.88281    1710.24874       0.00187      -0.13379       0.01795 p3_bpx_aei_ho_11_13_r5_grove
 354      46.86524      97.69147    1759.09422       0.00178      -0.12599       0.01795 p3_bpx_aei_ip_11_09_r5_cone
 355      46.96198     -96.87433    1759.33596       0.00178      -0.12594       0.01795 p3_bpx_aei_ho_11_09_r5_cone
 356     -27.96684      97.73513    1772.02942       0.00176      -0.12339       0.01795 p3_bpx_aei_ip_11_09_r5_grove
 357     -27.87251     -96.96397    1772.26105       0.00176      -0.12334       0.01795 p3_bpx_aei_ho_11_09_r5_grove
 358      -9.69105      97.75187    1809.78072       0.00167      -0.11451       0.01795 p3_bpx_aei_ip_11_09_r5_flat
 359      -9.59121     -96.93323    1810.02314       0.00167      -0.11445       0.01795 p3_bpx_aei_ho_11_09_r5_flat
 360      55.34495      -0.04009    1880.38800       0.00148      -0.09277       0.01795 p3_irl_aei_11_r2_front
 361     -13.36709      41.42612    2020.88443       0.00097      -0.02961       0.01795 p3_gim_aei_11_surf_r1
 362      55.45493       0.00336    2116.07146       0.00059       0.01980       0.01795 p3_srg_aei_11_r2_front
 363      52.17267      52.25432    2116.08517       0.00059       0.01981       0.01795 p3_srg_aei_11_r2_45deg
 364      51.79800     -51.78987    2116.12522       0.00059       0.01983       0.01795 p3_srg_aei_11_r2_315deg
 365      -0.04234      73.81886    2116.13422       0.00059       0.01983       0.01795 p3_srg_aei_11_r2_90deg
 366     -52.24243      52.46389    2116.16410       0.00059       0.01985       0.01795 p3_srg_aei_11_r2_135deg
 367     -55.76336       0.18756    2116.17686       0.00059       0.01985       0.01795 p3_srg_aei_11_r2_rear
 368      -0.48318     -72.97884    2116.21510       0.00059       0.01987       0.01795 p3_srg_aei_11_r2_270deg
 369     -52.56519     -51.26720    2116.27035       0.00059       0.01989       0.01795 p3_srg_aei_11_r2_225deg
 370     -34.48404      97.81922    2206.99269       0.00033       0.05342       0.01795 p3_bpx_aei_ip_11_13_r6_cone
 371     -34.26685     -96.87289    2207.13656       0.00033       0.05346       0.01795 p3_bpx_aei_ho_11_13_r6_cone
 372      41.35534      97.82236    2211.01880       0.00032       0.05459       0.01795 p3_bpx_aei_ip_11_13_r6_flat
 373      41.56174     -96.74525    2211.20028       0.00032       0.05464       0.01795 p3_bpx_aei_ho_11_13_r6_flat
 374      27.64297      97.80791    2250.66832       0.00025       0.06464       0.01795 p3_bpx_aei_ip_11_13_r6_grove
 375      27.82976     -96.77869    2250.85108       0.00025       0.06468       0.01795 p3_bpx_aei_ho_11_13_r6_grove
 376      39.89297      97.80751    2332.73890       0.00015       0.07706       0.01795 p3_bpx_aei_ip_11_09_r6_cone
 377      40.05327     -96.80709    2332.92724       0.00015       0.07708       0.01795 p3_bpx_aei_ho_11_09_r6_cone
 378     -34.91814      97.76325    2345.78036       0.00014       0.07800       0.01795 p3_bpx_aei_ip_11_09_r6_grove
 379     -34.76524     -96.89415    2345.93541       0.00014       0.07801       0.01795 p3_bpx_aei_ho_11_09_r6_grove
 380     -16.59011      97.75113    2383.51226       0.00014       0.07910       0.01795 p3_bpx_aei_ip_11_09_r6_flat
 381     -16.44642     -96.87307    2383.68450       0.00014       0.07910       0.01795 p3_bpx_aei_ho_11_09_r6_flat
 382     -80.83820       4.63980     739.80000       0.00000       0.00000       0.00000 p4_aei_11_par_1
 383     -83.73898      10.69560    2041.34000      26.08587       0.00000       0.00000 p4_aei_11_par_2
 384      19.86599      -5.56270    2382.00000    2906.34122      -1.08883      -0.00027 p4_aei_11_par_3
 385      -0.32386       0.00798      -0.01732      -0.00012      -0.15767       0.05341 p4_aei_11
 386     -14.93184      -0.00093      66.07447       0.02297       0.55993   -3141.53920 p4_irm_aei_11_s1_fixed
 387      15.04798       0.01253    2291.88295       0.02468      -0.19117       0.05341 p4_irm_aei_11_s2_fixed
 388      15.06817      -0.00254      66.09127       0.02297       0.55993   -3141.53920 p4_irm_aei_11_l1_fixed
 389     -14.95202       0.01413    2291.88869       0.02468      -0.19117       0.05341 p4_irm_aei_11_l2_fixed
 390     -15.13583       0.00700     477.97855       0.01303       0.38690       0.05341 p4_irl_aei_11_s1
 391      14.96248       0.00433    1879.98307       0.01320      -0.22701       0.05341 p4_irl_aei_11_s2
 392      14.78534       0.00572     950.48485      -0.01024      -0.05504       0.05341 p4_irl_aei_11_l1
 393     -15.14417       0.00348    1407.48954      -0.00252      -0.20871       0.05341 p4_irl_aei_11_l2
 394     -15.21514       0.00742     941.18637      -0.01004      -0.04829       0.05341 p4_irc_aei_11_s1
 395      14.85777       0.00185    1416.78327      -0.00222      -0.20998       0.05341 p4_irc_aei_11_s2
 396      14.85389       0.00190    1398.18329      -0.00281      -0.20741       0.05341 p4_irc_aei_11_l1
 397     -15.21412       0.00723     959.78662      -0.01043      -0.06161       0.05341 p4_irc_aei_11_l2
 398       0.10532      -0.00326      -0.01739       0.02316       0.56330       0.05341 p4_irt_aei_11_r1
 399      -0.10220       0.00501     396.98408       0.01617       0.44162       0.05341 p4_irt_aei_11_r2
 400      -0.21321       0.00774     793.98529      -0.00436       0.08182       0.05341 p4_irt_aei_11_r3
 401      -0.18540       0.00395    1190.98613      -0.00917      -0.16882       0.05341 p4_irt_aei_11_r4
 402      -0.10466       0.00274    1587.98653       0.00329      -0.22684       0.05341 p4_irt_aei_11_r5
 403      -0.01410       0.00672    1984.98637       0.01692      -0.21826       0.05341 p4_irt_aei_11_r6
 404       0.06511       0.01558    2381.98558       0.02511      -0.18963       0.05340 p4_irt_aei_11_r7
 405     -36.91615      97.72426      14.85346       0.02315       0.56313       0.05341 p4_bpx_aei_ip_11_13_r1_cone
 406     -36.78350     -97.17065      14.92825       0.02315       0.56313       0.05341 p4_bpx_aei_ho_11_13_r1_cone
 407      38.99235      97.76526      17.04712       0.02315       0.56308       0.05341 p4_bpx_aei_ip_11_13_r1_flat
 408      39.12760     -97.14535      17.12891       0.02315       0.56307       0.05341 p4_bpx_aei_ho_11_13_r1_flat
 409      26.24277      97.73526      57.02006       0.02302       0.56079       0.05341 p4_bpx_aei_ip_11_13_r1_grove
 410      26.38402     -97.08675      57.10802       0.02302       0.56078       0.05341 p4_bpx_aei_ho_11_13_r1_grove
 411      23.77224      97.71892      88.91044       0.02281       0.55720       0.05341 p4_bpx_aei_ip_11_09_r1_cone
 412      23.90749     -97.02968      88.99486       0.02281       0.55718       0.05341 p4_bpx_aei_ho_11_09_r1_cone
 413     -50.70085      97.68354     103.76653       0.02268       0.55498       0.05341 p4_bpx_aei_ip_11_09_r1_grove
 414     -50.56409     -97.09197     103.83703       0.02268       0.55497       0.05341 p4_bpx_aei_ho_11_09_r1_grove
 415     -31.45671      97.66325     141.03563       0.02228       0.54794       0.05341 p4_bpx_aei_ip_11_09_r1_flat
 416     -31.32684     -97.00846     141.11374       0.02228       0.54792       0.05341 p4_bpx_aei_ho_11_09_r1_flat
 417      55.45480      -0.00185     193.31299       0.02150       0.53445       0.05341 p4_srg_aei_11_r1_front
 418      52.16976      52.26152     193.36781       0.02150       0.53444       0.05341 p4_srg_aei_11_r1_45deg
 419     -55.51114       0.00407     193.31739       0.02150       0.53443       0.05341 p4_srg_aei_11_r1_rear
 420     -52.22678      52.26330     193.37502       0.02150       0.53442       0.05341 p4_srg_aei_11_r1_135deg
 421      -0.05543      73.83001     193.40374       0.02150       0.53442       0.05341 p4_srg_aei_11_r1_90deg
 422      53.21042     -50.54643     193.47498       0.02150       0.53440       0.05341 p4_srg_aei_11_r1_315deg
 423       1.42658     -73.16806     193.48519       0.02150       0.53439       0.05341 p4_srg_aei_11_r1_270deg
 424     -51.21515     -52.69905     193.49492       0.02150       0.53438       0.05341 p4_srg_aei_11_r1_225deg
 425      50.16975    -209.69522     248.41112       0.02042       0.51566       0.05341 p4_baz_aei_11_10_r1_cone
 425      50.16975    -209.69522     248.41112       0.02042       0.51566       0.05341 p4_baz_aei_11_09_r1_cone
 426     -25.76494    -209.79935     249.11438       0.02041       0.51538       0.05341  p4_baz_aei_11_10_r1_grove
 426     -25.76494    -209.79935     249.11438       0.02041       0.51538       0.05341  p4_baz_aei_11_09_r1_grove
 427     -13.80013    -209.74838     289.32333       0.01945       0.49867       0.05341 p4_baz_aei_11_10_r1_flat
 427     -13.80013    -209.74838     289.32333       0.01945       0.49867       0.05341 p4_baz_aei_11_09_r1_flat
 428     -38.09429     -97.05581     324.74540       0.01848       0.48187       0.05341 p4_bpx_aei_ho_11_13_r2_cone
 429     -38.32076      97.47540     325.05630       0.01847       0.48171       0.05341 p4_bpx_aei_ip_11_13_r2_cone
 430      37.80589     -96.94442     327.54552       0.01840       0.48047       0.05341 p4_bpx_aei_ho_11_13_r2_flat
 431      37.57234      97.57220     327.83203       0.01839       0.48033       0.05341 p4_bpx_aei_ip_11_13_r2_flat
 432      24.74195     -96.93611     367.40654       0.01717       0.45908       0.05341 p4_bpx_aei_ho_11_13_r2_grove
 433      24.52580      97.59781     367.70650       0.01716       0.45891       0.05341 p4_bpx_aei_ip_11_13_r2_grove
 434      28.23043     -96.92713     401.96897       0.01599       0.43855       0.05341 p4_bpx_aei_ho_11_09_r2_cone
 435      28.02179      97.65279     402.26717       0.01598       0.43837       0.05341 p4_bpx_aei_ip_11_09_r2_cone
 436     -46.35139     -96.98492     416.24689       0.01547       0.42951       0.05341 p4_bpx_aei_ho_11_09_r2_grove
 437     -46.55563      97.60950     416.56250       0.01546       0.42931       0.05341 p4_bpx_aei_ip_11_09_r2_grove
 438     -27.40439     -96.91758     453.66380       0.01403       0.40439       0.05341 p4_bpx_aei_ho_11_09_r2_flat
 439     -27.59652      97.66124     453.98050       0.01402       0.40417       0.05341 p4_bpx_aei_ip_11_09_r2_flat
 440      55.37548       0.10323     478.01413       0.01303       0.38690       0.05341 p4_irl_aei_11_r1_front
 441     -36.60987    -209.80635     549.01449       0.00979       0.33057       0.05341 p4_baz_aei_11_12_r1_cone
 441     -36.60987    -209.80635     549.01449       0.00979       0.33057       0.05341 p4_baz_aei_11_13_r1_cone
 442      37.54335    -209.66565     565.39135       0.00898       0.31650       0.05341 p4_baz_aei_11_12_r1_flat
 442      37.54335    -209.66565     565.39135       0.00898       0.31650       0.05341 p4_baz_aei_11_13_r1_flat
 443      17.54709    -209.70739     602.24845       0.00707       0.28327       0.05341  p4_baz_aei_11_12_r1_grove
 443      17.54709    -209.70739     602.24845       0.00707       0.28327       0.05341  p4_baz_aei_11_13_r1_grove
 444      -6.10067      42.29871     720.16072       0.00016       0.16288       0.05341 p4_slm_aei_11_surf_r1
 445     -37.59710      97.61115     811.84607      -0.00529       0.06370       0.05341 p4_bpx_aei_ip_11_13_r3_cone
 446     -37.39933     -97.12257     812.25227      -0.00531       0.06329       0.05341 p4_bpx_aei_ho_11_13_r3_cone
 447      38.26738      97.69717     815.47829      -0.00547       0.06010       0.05341 p4_bpx_aei_ip_11_13_r3_flat
 448      38.45956     -97.02504     815.87882      -0.00549       0.05970       0.05341 p4_bpx_aei_ho_11_13_r3_flat
 449      24.76295      97.69554     855.19752      -0.00728       0.02240       0.05341 p4_bpx_aei_ip_11_13_r3_grove
 450      24.96675     -96.98657     855.59999      -0.00729       0.02203       0.05341 p4_bpx_aei_ho_11_13_r3_grove
 451      27.53723      97.72170     891.98231      -0.00865      -0.00967       0.05341 p4_bpx_aei_ip_11_09_r3_cone
 452      27.74884     -96.93562     892.37992      -0.00866      -0.01000       0.05341 p4_bpx_aei_ho_11_09_r3_cone
 453     -47.19957      97.63457     905.43913      -0.00908      -0.02072       0.05341 p4_bpx_aei_ip_11_09_r3_grove
 454     -46.99556     -97.00784     905.84417      -0.00909      -0.02105       0.05341 p4_bpx_aei_ho_11_09_r3_grove
 455     -28.66404      97.66122     943.06355      -0.01008      -0.04966       0.05341 p4_bpx_aei_ip_11_09_r3_flat
 456     -28.45211     -96.94389     943.46149      -0.01009      -0.04995       0.05341 p4_bpx_aei_ho_11_09_r3_flat
 457      55.33065       0.05046     950.63131      -0.01024      -0.05514       0.05341 p4_irc_aei_11_r1_front
 458      55.27209      -0.01160    1178.98111      -0.00951      -0.16592       0.05341 p4_mid_aei_11_front
 459     -36.88826      97.64069    1241.00296      -0.00766      -0.17980       0.05341 p4_bpx_aei_ip_11_13_r4_cone
 460     -36.81283     -97.05782    1241.19776      -0.00766      -0.17984       0.05341 p4_bpx_aei_ho_11_13_r4_cone
 461      38.93229      97.66300    1245.18269      -0.00754      -0.18067       0.05341 p4_bpx_aei_ip_11_13_r4_flat
 462      39.02022     -96.96390    1245.33070      -0.00753      -0.18070       0.05341 p4_bpx_aei_ho_11_13_r4_flat
 463      25.14931      97.69847    1284.80382      -0.00633      -0.18854       0.05341 p4_bpx_aei_ip_11_13_r4_grove
 464      25.25575     -96.92474    1284.95876      -0.00632      -0.18857       0.05341 p4_bpx_aei_ho_11_13_r4_grove
 465      40.53501      97.77065    1319.20500      -0.00527      -0.19484       0.05341 p4_bpx_aei_ip_11_09_r4_cone
 466      40.67144     -96.87636    1319.35565      -0.00527      -0.19487       0.05341 p4_bpx_aei_ho_11_09_r4_cone
 467     -34.29906      97.73768    1332.11583      -0.00487      -0.19707       0.05341 p4_bpx_aei_ip_11_09_r4_grove
 468     -34.15312     -96.93663    1332.30926      -0.00487      -0.19711       0.05341 p4_bpx_aei_ho_11_09_r4_grove
 469     -16.02810      97.77644    1369.88836      -0.00370      -0.20321       0.05341 p4_bpx_aei_ip_11_09_r4_flat
 470     -15.85476     -96.86717    1370.06981      -0.00369      -0.20324       0.05341 p4_bpx_aei_ho_11_09_r4_flat
 471      55.22469       0.13822    1407.74895      -0.00251      -0.20875       0.05341 p4_irc_aei_11_r2_front
 472     -28.53199    -172.40420    1465.80338      -0.00067      -0.21607       0.05341  p4_baz_aei_11_12_r2_grove
 472     -28.53199    -172.40420    1465.80338      -0.00067      -0.21607       0.05341  p4_baz_aei_11_10_r2_grove
 473      41.86982    -172.31097    1494.30932       0.00025      -0.21915       0.05341 p4_baz_aei_11_12_r2_cone
 473      41.86982    -172.31097    1494.30932       0.00025      -0.21915       0.05341 p4_baz_aei_11_10_r2_cone
 474     -32.91408    -172.42887    1507.53363       0.00067      -0.22046       0.05341 p4_baz_aei_11_12_r2_flat
 474     -32.91408    -172.42887    1507.53363       0.00067      -0.22046       0.05341 p4_baz_aei_11_10_r2_flat
 475     -27.24663      97.65435    1666.25843       0.00589      -0.23042       0.05341 p4_bpx_aei_ip_11_13_r5_cone
 476     -27.13498     -96.99235    1666.45995       0.00589      -0.23042       0.05341 p4_bpx_aei_ho_11_13_r5_cone
 477      48.59002      97.64003    1670.39103       0.00603      -0.23053       0.05341 p4_bpx_aei_ip_11_13_r5_flat
 478      48.70128     -96.86568    1670.60168       0.00603      -0.23054       0.05341 p4_bpx_aei_ho_11_13_r5_flat
 479      34.81988      97.65973    1710.02745       0.00736      -0.23129       0.05341 p4_bpx_aei_ip_11_13_r5_grove
 480      34.93243     -96.88068    1710.23026       0.00737      -0.23129       0.05341 p4_bpx_aei_ho_11_13_r5_grove
 481      46.85904      97.69329    1759.11060       0.00902      -0.23131       0.05341 p4_bpx_aei_ip_11_09_r5_cone
 482      46.96959     -96.87382    1759.31973       0.00903      -0.23130       0.05341 p4_bpx_aei_ho_11_09_r5_cone
 483     -27.97107      97.73420    1772.04726       0.00947      -0.23114       0.05341 p4_bpx_aei_ip_11_09_r5_grove
 484     -27.86293     -96.96560    1772.24637       0.00947      -0.23114       0.05341 p4_bpx_aei_ho_11_09_r5_grove
 485      -9.69266      97.74821    1809.80038       0.01076      -0.23025       0.05341 p4_bpx_aei_ip_11_09_r5_flat
 486      -9.57851     -96.93500    1810.00745       0.01077      -0.23025       0.05341 p4_bpx_aei_ho_11_09_r5_flat
 487      55.35457      -0.03542    1880.39670       0.01322      -0.22698       0.05341 p4_irl_aei_11_r2_front
 488     -13.36453      41.42756    2020.89394       0.01821      -0.21420       0.05341 p4_gim_aei_11_surf_r1
 489      55.47000       0.00627    2116.08393       0.02136      -0.20305       0.05341 p4_srg_aei_11_r2_front
 490      52.17519      52.25365    2116.09348       0.02136      -0.20304       0.05341 p4_srg_aei_11_r2_45deg
 491      51.81424     -51.78803    2116.11508       0.02136      -0.20304       0.05341 p4_srg_aei_11_r2_315deg
 492      -0.03865      73.80834    2116.14682       0.02136      -0.20304       0.05341 p4_srg_aei_11_r2_90deg
 493     -55.75267       0.18432    2116.16731       0.02136      -0.20304       0.05341 p4_srg_aei_11_r2_rear
 494     -52.30238      52.42613    2116.18299       0.02136      -0.20304       0.05341 p4_srg_aei_11_r2_135deg
 495      -0.46567     -72.98024    2116.19854       0.02136      -0.20304       0.05341 p4_srg_aei_11_r2_270deg
 496     -52.54891     -51.27125    2116.25365       0.02136      -0.20303       0.05341 p4_srg_aei_11_r2_225deg
 497     -34.48568      97.82022    2207.00936       0.02349      -0.19544       0.05341 p4_bpx_aei_ip_11_13_r6_cone
 498     -34.25356     -96.87389    2207.11789       0.02349      -0.19543       0.05341 p4_bpx_aei_ho_11_13_r6_cone
 499      41.35261      97.83007    2211.03904       0.02356      -0.19518       0.05341 p4_bpx_aei_ip_11_13_r6_flat
 500      41.57564     -96.73964    2211.18638       0.02356      -0.19517       0.05341 p4_bpx_aei_ho_11_13_r6_flat
 501      27.63540      97.81445    2250.69083       0.02420      -0.19290       0.05341 p4_bpx_aei_ip_11_13_r6_grove
 502      27.84183     -96.77476    2250.83580       0.02420      -0.19290       0.05341 p4_bpx_aei_ho_11_13_r6_grove
 503      39.88089      97.81842    2332.75850       0.02498      -0.19009       0.05341 p4_bpx_aei_ip_11_09_r6_cone
 504      40.05963     -96.79859    2332.91233       0.02499      -0.19009       0.05341 p4_bpx_aei_ho_11_09_r6_cone
 505     -34.92943      97.76654    2345.79538       0.02504      -0.18988       0.05341 p4_bpx_aei_ip_11_09_r6_grove
 506     -34.75961     -96.89147    2345.91442       0.02504      -0.18988       0.05341 p4_bpx_aei_ho_11_09_r6_grove
 507     -16.60417      97.75621    2383.52728       0.02511      -0.18963       0.05340 p4_bpx_aei_ip_11_09_r6_flat
 508     -16.44074     -96.86510    2383.66374       0.02511      -0.18963       0.05340 p4_bpx_aei_ho_11_09_r6_flat
 509     -15.00000       0.00000      66.10000       0.00000      -0.00000       1.59270 p1_irm_aei_11_s1
 510      15.00000       0.00000      66.10000       0.00000      -0.00000       1.59270 p1_irm_aei_11_l1
 511      15.00000       0.00000    2291.90000       0.00000      -0.00000   -3140.00000 p1_irm_aei_11_s2
 512     -15.00000       0.00000    2291.90000       0.00000      -0.00000   -3140.00000 p1_irm_aei_11_l2
 513     -15.08567       0.00227      66.14192      -0.00203      -0.66842       1.60671 p2_irm_aei_11_s1
 514      14.91434       0.00185      66.12187      -0.00203      -0.66842       1.60671 p2_irm_aei_11_l1
 515      14.95611       0.00154    2291.93949       0.00258       0.22998   -3139.98599 p2_irm_aei_11_s2
 516     -15.04389       0.00196    2291.93259       0.00258       0.22998   -3139.98599 p2_irm_aei_11_l2
 517     -14.99028       0.00215      66.08881       0.00065       0.09513       1.61065 p3_irm_aei_11_s1
 518      15.00972       0.00161      66.09167       0.00065       0.09513       1.61065 p3_irm_aei_11_l1
 519      14.98958       0.00415    2291.89583       0.00019       0.07229   -3139.98205 p3_irm_aei_11_s2
 520     -15.01042       0.00469    2291.89366       0.00019       0.07229   -3139.98205 p3_irm_aei_11_l2
 521     -14.93184      -0.00093      66.07447       0.02297       0.55993       1.64611 p4_irm_aei_11_s1
 522      15.06817      -0.00254      66.09127       0.02297       0.55993       1.64611 p4_irm_aei_11_l1
 523      15.04798       0.01253    2291.88295       0.02468      -0.19117   -3139.94659 p4_irm_aei_11_s2
 524     -14.95202       0.01413    2291.88869       0.02468      -0.19117   -3139.94659 p4_irm_aei_11_l2
