   1       0.00000       0.00000     580.80000       0.00000       0.00000       0.00000 p1_aei_10_par_1
   2       0.00000       0.00000    1710.90000      26.08587       0.00000       0.00000 p1_aei_10_par_2
   3       0.00000       0.00000    2382.00000       0.00000       0.00000       0.00000 p1_aei_10_par_3
   4       0.00000       0.00000       0.00000       0.00000       0.00000       0.00000 p1_aei_10
   5     -15.00000       0.00000      66.10000       0.00000      -0.00000   -3141.59261 p1_irm_aei_10_s1_fixed
   6      15.00000       0.00000    2291.90000       0.00000      -0.00000       0.00000 p1_irm_aei_10_s2_fixed
   7      15.00000       0.00000      66.10000       0.00000      -0.00000   -3141.59261 p1_irm_aei_10_l1_fixed
   8     -15.00000       0.00000    2291.90000       0.00000      -0.00000       0.00000 p1_irm_aei_10_l2_fixed
   9     -15.00000       0.00000     478.00000       0.00000      -0.00000       0.00000 p1_irl_aei_10_s1
  10      15.00000       0.00000    1880.00000       0.00000      -0.00000       0.00000 p1_irl_aei_10_s2
  11      15.00000       0.00000     950.50000       0.00000      -0.00000       0.00000 p1_irl_aei_10_l1
  12     -15.00000       0.00000    1407.50000       0.00000      -0.00000       0.00000 p1_irl_aei_10_l2
  13     -15.00000       0.00000     941.20000       0.00000      -0.00000       0.00000 p1_irc_aei_10_s1
  14      15.00000       0.00000    1416.80000       0.00000      -0.00000       0.00000 p1_irc_aei_10_s2
  15      15.00000       0.00000    1398.20000       0.00000      -0.00000       0.00000 p1_irc_aei_10_l1
  16     -15.00000       0.00000     959.80000       0.00000      -0.00000       0.00000 p1_irc_aei_10_l2
  17       0.00000       0.00000       0.00000       0.00000      -0.00000       0.00000 p1_irt_aei_10_r1
  18       0.00000       0.00000     397.00000       0.00000      -0.00000       0.00000 p1_irt_aei_10_r2
  19       0.00000       0.00000     794.00000       0.00000      -0.00000       0.00000 p1_irt_aei_10_r3
  20       0.00000       0.00000    1191.00000       0.00000      -0.00000       0.00000 p1_irt_aei_10_r4
  21       0.00000       0.00000    1588.00000       0.00000      -0.00000       0.00000 p1_irt_aei_10_r5
  22       0.00000       0.00000    1985.00000       0.00000      -0.00000       0.00000 p1_irt_aei_10_r6
  23       0.00000       0.00000    2382.00000       0.00000      -0.00000       0.00000 p1_irt_aei_10_r7
  24     -34.08560     -97.59830      18.57530       0.00000      -0.00000       0.00000 p1_bpx_aei_ip_10_12_r1_cone
  25     -34.12020      96.86450      19.05460       0.00000      -0.00000       0.00000 p1_bpx_aei_ho_10_12_r1_cone
  26      41.10910     -97.56630      29.17840       0.00000      -0.00000       0.00000 p1_bpx_aei_ip_10_12_r1_flat
  27      41.07390      96.79060      29.62270       0.00000      -0.00000       0.00000 p1_bpx_aei_ho_10_12_r1_flat
  28      24.01580     -97.61540      67.48210       0.00000      -0.00000       0.00000 p1_bpx_aei_ip_10_12_r1_grove
  29      23.99960      96.75150      67.94280       0.00000      -0.00000       0.00000 p1_bpx_aei_ho_10_12_r1_grove
  30      35.05930     -97.65740     108.95480       0.00000      -0.00000       0.00000 p1_bpx_aei_ip_10_08_r1_cone
  31      35.05780      96.67700     109.40460       0.00000      -0.00000       0.00000 p1_bpx_aei_ho_10_08_r1_cone
  32     -40.60280     -97.72250     115.46750       0.00000      -0.00000       0.00000 p1_bpx_aei_ip_10_08_r1_grove
  33     -40.59120      96.77440     115.94780       0.00000      -0.00000       0.00000 p1_bpx_aei_ho_10_08_r1_grove
  34     -25.60080     -97.74910     154.64060       0.00000      -0.00000       0.00000 p1_bpx_aei_ip_10_08_r1_flat
  35     -25.57250      96.67340     155.11700       0.00000      -0.00000       0.00000 p1_bpx_aei_ho_10_08_r1_flat
  36      37.31090    -172.92460     194.94790       0.00000      -0.00000       0.00000 p1_baz_aei_10_11_r1_flat
  36      37.31090    -172.92460     194.94790       0.00000      -0.00000       0.00000 p1_baz_aei_10_09_r1_flat
  37     -32.67720    -173.02060     224.43740       0.00000      -0.00000       0.00000 p1_baz_aei_10_11_r1_cone
  37     -32.67720    -173.02060     224.43740       0.00000      -0.00000       0.00000 p1_baz_aei_10_09_r1_cone
  38      42.28560    -172.95750     236.59950       0.00000      -0.00000       0.00000  p1_baz_aei_10_11_r1_grove
  38      42.28560    -172.95750     236.59950       0.00000      -0.00000       0.00000  p1_baz_aei_10_09_r1_grove
  39      -0.00010     -73.86560     282.46840       0.00000      -0.00000       0.00000 p1_srg_aei_10_r1_270deg
  40     -52.25780     -52.22190     282.48570       0.00000      -0.00000       0.00000 p1_srg_aei_10_r1_225deg
  41      52.20470     -52.26530     282.52300       0.00000      -0.00000       0.00000 p1_srg_aei_10_r1_315deg
  42     -55.48710       0.00000     282.53290       0.00000      -0.00000       0.00000 p1_srg_aei_10_r1_rear
  43      55.45650       0.00000     282.60000       0.00000      -0.00000       0.00000 p1_srg_aei_10_r1_front
  44     -51.99370      51.53330     282.65930       0.00000      -0.00000       0.00000 p1_srg_aei_10_r1_135deg
  45       0.29910      72.96000     282.68590       0.00000      -0.00000       0.00000 p1_srg_aei_10_r1_90deg
  46      52.44610      51.12410     282.69690       0.00000      -0.00000       0.00000 p1_srg_aei_10_r1_45deg
  47     -27.99730     -97.57250     336.02120       0.00000      -0.00000       0.00000 p1_bpx_aei_ip_10_12_r2_cone
  48     -27.84700      96.79110     336.54870       0.00000      -0.00000       0.00000 p1_bpx_aei_ho_10_12_r2_cone
  49      47.29300     -97.58800     345.89630       0.00000      -0.00000       0.00000 p1_bpx_aei_ip_10_12_r2_flat
  50      47.44190      96.67320     346.44690       0.00000      -0.00000       0.00000 p1_bpx_aei_ho_10_12_r2_flat
  51      30.56910     -97.65800     384.36710       0.00000      -0.00000       0.00000 p1_bpx_aei_ip_10_12_r2_grove
  52      30.70110      96.62600     384.91430       0.00000      -0.00000       0.00000 p1_bpx_aei_ho_10_12_r2_grove
  53      46.48360     -97.76730     430.03180       0.00000      -0.00000       0.00000 p1_bpx_aei_ip_10_08_r2_cone
  54      46.59800      96.54310     430.58540       0.00000      -0.00000       0.00000 p1_bpx_aei_ho_10_08_r2_cone
  55     -29.09920     -97.79350     437.26950       0.00000      -0.00000       0.00000 p1_bpx_aei_ip_10_08_r2_grove
  56     -28.98380      96.60710     437.79580       0.00000      -0.00000       0.00000 p1_bpx_aei_ho_10_08_r2_grove
  57     -13.73170     -97.86160     476.30340       0.00000      -0.00000       0.00000 p1_bpx_aei_ip_10_08_r2_flat
  58     -13.62740      96.49510     476.83220       0.00000      -0.00000       0.00000 p1_bpx_aei_ho_10_08_r2_flat
  59      -0.58530     -45.53750     561.12050       0.00000      -0.00000       0.00000 p1_slm_aei_10_surf_r2
  60     -55.63870      -0.08710     747.86970       0.00000      -0.00000       0.00000 p1_srg_aei_10_r2_rear
  61     -52.31960     -52.33510     747.87760       0.00000      -0.00000       0.00000 p1_srg_aei_10_r2_225deg
  62      55.40400       0.00990     747.88580       0.00000      -0.00000       0.00000 p1_srg_aei_10_r2_front
  63      -0.06110     -73.83420     747.88800       0.00000      -0.00000       0.00000 p1_srg_aei_10_r2_270deg
  64       0.42610      72.82290     747.89200       0.00000      -0.00000       0.00000 p1_srg_aei_10_r2_90deg
  65     -51.95640      51.74920     747.90120       0.00000      -0.00000       0.00000 p1_srg_aei_10_r2_135deg
  66      52.12710     -52.25300     747.91390       0.00000      -0.00000       0.00000 p1_srg_aei_10_r2_315deg
  67      52.50920      50.86650     747.92410       0.00000      -0.00000       0.00000 p1_srg_aei_10_r2_45deg
  68     193.59940     -32.56130     928.69930       0.00000      -0.00000       0.00000 p1_bpl_aei_10_r1_grove
  69     195.87250      40.39440     949.63440       0.00000      -0.00000       0.00000 p1_bpl_aei_10_r1_cone
  70     198.02120     -32.61460     970.38860       0.00000      -0.00000       0.00000 p1_bpl_aei_10_r1_flat
  71     -47.29270     -97.60540    1034.69160       0.00000      -0.00000       0.00000 p1_bpx_aei_ip_10_12_r3_cone
  72     -47.26880      96.83540    1034.72610       0.00000      -0.00000       0.00000 p1_bpx_aei_ho_10_12_r3_cone
  73      27.94030     -97.57770    1044.99480       0.00000      -0.00000       0.00000 p1_bpx_aei_ip_10_12_r3_flat
  74      27.96280      96.81150    1045.04430       0.00000      -0.00000       0.00000 p1_bpx_aei_ho_10_12_r3_flat
  75      10.98820     -97.57920    1083.36980       0.00000      -0.00000       0.00000 p1_bpx_aei_ip_10_12_r3_grove
  76      11.00910      96.79120    1083.41040       0.00000      -0.00000       0.00000 p1_bpx_aei_ho_10_12_r3_grove
  77      28.88710     -97.58000    1118.05510       0.00000      -0.00000       0.00000 p1_bpx_aei_ip_10_08_r3_cone
  78      28.90790      96.77730    1118.10350       0.00000      -0.00000       0.00000 p1_bpx_aei_ho_10_08_r3_cone
  79     -46.73990     -97.59830    1124.85530       0.00000      -0.00000       0.00000 p1_bpx_aei_ip_10_08_r3_grove
  80     -46.71750      96.81330    1124.89680       0.00000      -0.00000       0.00000 p1_bpx_aei_ho_10_08_r3_grove
  81     -31.59340     -97.58370    1163.97700       0.00000      -0.00000       0.00000 p1_bpx_aei_ip_10_08_r3_flat
  82     -31.57870      96.76400    1164.01200       0.00000      -0.00000       0.00000 p1_bpx_aei_ho_10_08_r3_flat
  83      55.44950      -0.12110    1179.00250       0.00000      -0.00000       0.00000 p1_mid_aei_10_front
  84     -44.39090     -97.57130    1367.39070       0.00000      -0.00000       0.00000 p1_bpx_aei_ip_10_12_r4_cone
  85     -44.39210      96.84980    1367.94910       0.00000      -0.00000       0.00000 p1_bpx_aei_ho_10_12_r4_cone
  86      30.86580     -97.57430    1377.55990       0.00000      -0.00000       0.00000 p1_bpx_aei_ip_10_12_r4_flat
  87      30.86510      96.79370    1378.09380       0.00000      -0.00000       0.00000 p1_bpx_aei_ho_10_12_r4_flat
  88      13.99170     -97.58190    1415.96090       0.00000      -0.00000       0.00000 p1_bpx_aei_ip_10_12_r4_grove
  89      14.00140      96.76690    1416.50740       0.00000      -0.00000       0.00000 p1_bpx_aei_ho_10_12_r4_grove
  90      45.42890     -97.62410    1445.00950       0.00000      -0.00000       0.00000 p1_bpx_aei_ip_10_08_r4_cone
  91      45.43840      96.74990    1445.52950       0.00000      -0.00000       0.00000 p1_bpx_aei_ho_10_08_r4_cone
  92     -30.19160     -97.61970    1451.93550       0.00000      -0.00000       0.00000 p1_bpx_aei_ip_10_08_r4_grove
  93     -30.17120      96.77370    1452.49020       0.00000      -0.00000       0.00000 p1_bpx_aei_ho_10_08_r4_grove
  94     -14.97670     -97.63140    1491.02800       0.00000      -0.00000       0.00000 p1_bpx_aei_ip_10_08_r4_flat
  95     -14.94150      96.70890    1491.57290       0.00000      -0.00000       0.00000 p1_bpx_aei_ho_10_08_r4_flat
  96      32.91760    -210.46780    1532.48660       0.00000      -0.00000       0.00000 p1_baz_aei_10_09_r2_flat
  96      32.91760    -210.46780    1532.48660       0.00000      -0.00000       0.00000 p1_baz_aei_10_08_r2_flat
  97     -43.02130    -210.51280    1533.01800       0.00000      -0.00000       0.00000 p1_baz_aei_10_09_r2_cone
  97     -43.02130    -210.51280    1533.01800       0.00000      -0.00000       0.00000 p1_baz_aei_10_08_r2_cone
  98      21.61140    -210.42670    1572.87610       0.00000      -0.00000       0.00000  p1_baz_aei_10_09_r2_grove
  98      21.61140    -210.42670    1572.87610       0.00000      -0.00000       0.00000  p1_baz_aei_10_08_r2_grove
  99     -37.09460     -22.45600    1690.74600       0.00000      -0.00000       0.00000 p1_gim_aei_10_surf_r2
 100      52.23520      51.26670    1825.46510       0.00000      -0.00000       0.00000 p1_srg_aei_10_r3_45deg
 101     -52.10890      51.64980    1825.50260       0.00000      -0.00000       0.00000 p1_srg_aei_10_r3_135deg
 102       0.13560      73.00100    1825.50350       0.00000      -0.00000       0.00000 p1_srg_aei_10_r3_90deg
 103      55.45650       0.00000    1825.58460       0.00000      -0.00000       0.00000 p1_srg_aei_10_r3_front
 104     -55.60800      -0.13170    1825.61370       0.00000      -0.00000       0.00000 p1_srg_aei_10_r3_rear
 105      52.21800     -52.16890    1825.61720       0.00000      -0.00000       0.00000 p1_srg_aei_10_r3_315deg
 106      -0.01950     -73.81710    1825.63490       0.00000      -0.00000       0.00000 p1_srg_aei_10_r3_270deg
 107     -52.15170     -52.40540    1825.65270       0.00000      -0.00000       0.00000 p1_srg_aei_10_r3_225deg
 108      29.69300     -97.44420    1894.48290       0.00000      -0.00000       0.00000 p1_bpx_aei_ip_10_08_r5_cone
 109      29.72270      96.92950    1894.53930       0.00000      -0.00000       0.00000 p1_bpx_aei_ho_10_08_r5_cone
 110     -46.17310     -97.44130    1897.88390       0.00000      -0.00000       0.00000 p1_bpx_aei_ip_10_08_r5_grove
 111     -46.13410      96.96570    1897.93150       0.00000      -0.00000       0.00000 p1_bpx_aei_ho_10_08_r5_grove
 112     -32.78920     -97.44280    1937.64700       0.00000      -0.00000       0.00000 p1_bpx_aei_ip_10_08_r5_flat
 113     -32.75650      96.96060    1937.68550       0.00000      -0.00000       0.00000 p1_bpx_aei_ho_10_08_r5_flat
 114     -44.02460     -97.45350    1978.52270       0.00000      -0.00000       0.00000 p1_bpx_aei_ip_10_12_r5_cone
 115     -43.99780      96.99180    1978.56040       0.00000      -0.00000       0.00000 p1_bpx_aei_ho_10_12_r5_cone
 116      30.66860     -97.45390    1992.18750       0.00000      -0.00000       0.00000 p1_bpx_aei_ip_10_12_r5_flat
 117      30.69190      96.93520    1992.23670       0.00000      -0.00000       0.00000 p1_bpx_aei_ho_10_12_r5_flat
 118      12.02780     -97.43490    2029.76630       0.00000      -0.00000       0.00000 p1_bpx_aei_ip_10_12_r5_grove
 119      12.05050      96.94300    2029.80840       0.00000      -0.00000       0.00000 p1_bpx_aei_ho_10_12_r5_grove
 120      44.30510    -210.26180    2055.79530       0.00000      -0.00000       0.00000 p1_baz_aei_10_11_r2_cone
 120      44.30510    -210.26180    2055.79530       0.00000      -0.00000       0.00000 p1_baz_aei_10_12_r2_cone
 121     -29.58030    -210.25970    2073.34650       0.00000      -0.00000       0.00000  p1_baz_aei_10_11_r2_grove
 121     -29.58030    -210.25970    2073.34650       0.00000      -0.00000       0.00000  p1_baz_aei_10_12_r2_grove
 122      -8.99120    -210.24680    2109.89330       0.00000      -0.00000       0.00000 p1_baz_aei_10_11_r2_flat
 122      -8.99120    -210.24680    2109.89330       0.00000      -0.00000       0.00000 p1_baz_aei_10_12_r2_flat
 123     -84.66560     -97.56110    2208.44530       0.00000      -0.00000       0.00000 p1_bpx_aei_ip_10_12_r6_cone
 124     -84.64860      97.11880    2208.48200       0.00000      -0.00000       0.00000 p1_bpx_aei_ho_10_12_r6_cone
 125      -9.50550     -97.51460    2219.27980       0.00000      -0.00000       0.00000 p1_bpx_aei_ip_10_12_r6_flat
 126      -9.54710      97.03120    2219.32110       0.00000      -0.00000       0.00000 p1_bpx_aei_ho_10_12_r6_flat
 127      85.18180     -97.59400    2236.32580       0.00000      -0.00000       0.00000 p1_bpx_aei_ip_10_08_r6_cone
 128      85.16920      96.96550    2236.33460       0.00000      -0.00000       0.00000 p1_bpx_aei_ho_10_08_r6_cone
 129       9.49670     -97.54040    2242.59810       0.00000      -0.00000       0.00000 p1_bpx_aei_ip_10_08_r6_grove
 130       9.47610      96.96970    2242.60120       0.00000      -0.00000       0.00000 p1_bpx_aei_ho_10_08_r6_grove
 131     -26.71670      96.94660    2257.53560       0.00000      -0.00000       0.00000 p1_bpx_aei_ho_10_12_r6_grove
 132     -26.71990     -97.58980    2257.54000       0.00000      -0.00000       0.00000 p1_bpx_aei_ip_10_12_r6_grove
 133      24.36110     -97.61060    2281.82010       0.00000      -0.00000       0.00000 p1_bpx_aei_ip_10_08_r6_flat
 134      24.30520      96.86360    2281.89080       0.00000      -0.00000       0.00000 p1_bpx_aei_ho_10_08_r6_flat
 135    -114.19050    -149.70710    2311.11330       0.00000      -0.00000       0.00000 p1_bbi_aei_10_09_cone
 136    -110.59340     -73.90230    2311.15330       0.00000      -0.00000       0.00000 p1_bbi_aei_10_09_flat
 137     -70.91940     -87.40860    2312.89600       0.00000      -0.00000       0.00000 p1_bbi_aei_10_09_grove
 138     -42.54720     -88.89650    2314.10810       0.00000      -0.00000       0.00000 p1_bbi_aei_10_11_grove
 139      -2.77040     -75.40630    2315.84100       0.00000      -0.00000       0.00000 p1_bbi_aei_10_11_flat
 140       0.82250    -151.29660    2316.09500       0.00000      -0.00000       0.00000 p1_bbi_aei_10_11_cone
 141     484.19950    -107.78630    2319.18630       0.00000      -0.00000       0.00000 p1_bpl_aei_10_r2_grove
 142    -506.31120     -96.35040    2336.20010       0.00000      -0.00000       0.00000 p1_bbe_aei_10_09_flat
 143    -484.79590     -23.53660    2336.52960       0.00000      -0.00000       0.00000 p1_bbe_aei_10_09_cone
 144    -464.40050     -96.67430    2337.96350       0.00000      -0.00000       0.00000 p1_bbe_aei_10_09_grove
 145     449.00380    -115.43760    2340.64440       0.00000      -0.00000       0.00000 p1_bpl_aei_10_r2_flat
 146     468.40990     -43.88130    2357.02900       0.00000      -0.00000       0.00000 p1_bpl_aei_10_r2_cone
 147     325.62340     -97.14040    2373.05700       0.00000      -0.00000       0.00000 p1_bbe_aei_10_11_flat
 148     346.20890     -24.04020    2373.36890       0.00000      -0.00000       0.00000 p1_bbe_aei_10_11_cone
 149     367.53240     -96.91080    2374.94670       0.00000      -0.00000       0.00000 p1_bbe_aei_10_11_grove
 150       0.39054       0.00098     580.80000       0.00000       0.00000       0.00000 p2_aei_10_par_1
 151       0.27541      -0.00327    1710.90000      26.08587       0.00000       0.00000 p2_aei_10_par_2
 152       0.02508      -0.00098    2382.00000    1773.86873       0.39906       0.00019 p2_aei_10_par_3
 153       0.10525       0.00110       0.02033       0.00017       0.05975       0.03479 p2_aei_10
 154     -15.08029      -0.00072      66.12584       0.00492      -0.36140   -3141.55782 p2_irm_aei_10_s1_fixed
 155      14.98083      -0.00024    2291.92661      -0.00165       0.04510       0.03479 p2_irm_aei_10_s2_fixed
 156      14.91971      -0.00177      66.11500       0.00492      -0.36140   -3141.55782 p2_irm_aei_10_l1_fixed
 157     -15.01917       0.00080    2291.92525      -0.00165       0.04510       0.03479 p2_irm_aei_10_l2_fixed
 158     -14.94750       0.00126     478.02447       0.00458      -0.22597       0.03479 p2_irl_aei_10_s1
 159      14.99816       0.00048    1880.02487      -0.00204       0.03506       0.03479 p2_irl_aei_10_s2
 160      15.05776       0.00187     950.52371       0.00172       0.11858       0.03479 p2_irl_aei_10_l1
 161     -14.98833       0.00272    1407.52215      -0.00224       0.05376       0.03479 p2_irl_aei_10_l2
 162     -14.94114       0.00289     941.22016       0.00181       0.11717       0.03479 p2_irc_aei_10_s1
 163      15.01118       0.00166    1416.82375      -0.00229       0.05152       0.03479 p2_irc_aei_10_s2
 164      15.01218       0.00170    1398.22377      -0.00218       0.05604       0.03479 p2_irc_aei_10_l1
 165     -14.94335       0.00293     959.82015       0.00163       0.11982       0.03479 p2_irc_aei_10_l2
 166      -0.10420      -0.00157       0.02032       0.00492      -0.36176       0.03479 p2_irt_aei_10_r1
 167       0.03170       0.00036     397.02095       0.00473      -0.28396       0.03479 p2_irt_aei_10_r2
 168       0.07314       0.00201     794.02163       0.00310       0.06788       0.03479 p2_irt_aei_10_r3
 169       0.02913       0.00252    1191.02244      -0.00059       0.10588       0.03479 p2_irt_aei_10_r4
 170       0.00534       0.00173    1588.02344      -0.00281       0.02090       0.03479 p2_irt_aei_10_r5
 171      -0.00581       0.00080    1985.02472      -0.00185       0.04016       0.03479 p2_irt_aei_10_r6
 172      -0.02324       0.00013    2382.02633      -0.00165       0.04516       0.03479 p2_irt_aei_10_r7
 173     -34.08169     -97.59920      18.57222       0.00492      -0.36175       0.03479 p2_bpx_aei_ip_10_12_r1_cone
 174     -34.11745      96.86721      19.05648       0.00492      -0.36175       0.03479 p2_bpx_aei_ho_10_12_r1_cone
 175      41.11456     -97.56166      29.17834       0.00492      -0.36173       0.03479 p2_bpx_aei_ip_10_12_r1_flat
 176      41.07589      96.78465      29.62629       0.00492      -0.36172       0.03479 p2_bpx_aei_ho_10_12_r1_flat
 177      24.01861     -97.61817      67.48139       0.00492      -0.36137       0.03479 p2_bpx_aei_ip_10_12_r1_grove
 178      23.99874      96.74613      67.94515       0.00492      -0.36137       0.03479 p2_bpx_aei_ho_10_12_r1_grove
 179      35.06158     -97.65875     108.95732       0.00491      -0.36015       0.03479 p2_bpx_aei_ip_10_08_r1_cone
 180      35.05800      96.67545     109.40657       0.00491      -0.36013       0.03479 p2_bpx_aei_ho_10_08_r1_cone
 181     -40.60319     -97.71909     115.46557       0.00491      -0.35984       0.03479 p2_bpx_aei_ip_10_08_r1_grove
 182     -40.59136      96.77341     115.94801       0.00491      -0.35982       0.03479 p2_bpx_aei_ho_10_08_r1_grove
 183     -25.60234     -97.74992     154.64147       0.00491      -0.35716       0.03479 p2_bpx_aei_ip_10_08_r1_flat
 184     -25.57261      96.67318     155.11840       0.00491      -0.35712       0.03479 p2_bpx_aei_ho_10_08_r1_flat
 185      37.31006    -172.92271     194.94971       0.00489      -0.35255       0.03479 p2_baz_aei_10_11_r1_flat
 185      37.31006    -172.92271     194.94971       0.00489      -0.35255       0.03479 p2_baz_aei_10_09_r1_flat
 186     -32.68183    -173.01763     224.43537       0.00488      -0.34771       0.03479 p2_baz_aei_10_11_r1_cone
 186     -32.68183    -173.01763     224.43537       0.00488      -0.34771       0.03479 p2_baz_aei_10_09_r1_cone
 187      42.28090    -172.96088     236.59903       0.00488      -0.34529       0.03479  p2_baz_aei_10_11_r1_grove
 187      42.28090    -172.96088     236.59903       0.00488      -0.34529       0.03479  p2_baz_aei_10_09_r1_grove
 188     -52.26152     -52.21987     282.48716       0.00485      -0.33374       0.03479 p2_srg_aei_10_r1_225deg
 189      -0.00277     -73.86708     282.47022       0.00485      -0.33374       0.03479 p2_srg_aei_10_r1_270deg
 190     -55.48858       0.00175     282.53338       0.00485      -0.33373       0.03479 p2_srg_aei_10_r1_rear
 191      52.20171     -52.26260     282.52170       0.00485      -0.33372       0.03479 p2_srg_aei_10_r1_315deg
 192      55.45255      -0.00211     282.60226       0.00485      -0.33370       0.03479 p2_srg_aei_10_r1_front
 193     -51.99675      51.53153     282.65997       0.00485      -0.33369       0.03479 p2_srg_aei_10_r1_135deg
 194       0.29711      72.95711     282.68821       0.00485      -0.33368       0.03479 p2_srg_aei_10_r1_90deg
 195      52.44166      51.12169     282.69812       0.00485      -0.33367       0.03479 p2_srg_aei_10_r1_45deg
 196     -28.00301     -97.57025     336.02263       0.00480      -0.31460       0.03479 p2_bpx_aei_ip_10_12_r2_cone
 197     -27.84718      96.79395     336.55115       0.00480      -0.31438       0.03479 p2_bpx_aei_ho_10_12_r2_cone
 198      47.28929     -97.58292     345.89117       0.00479      -0.31031       0.03479 p2_bpx_aei_ip_10_12_r2_flat
 199      47.44002      96.67397     346.44620       0.00479      -0.31006       0.03479 p2_bpx_aei_ho_10_12_r2_flat
 200      30.56667     -97.65386     384.36280       0.00474      -0.29117       0.03479 p2_bpx_aei_ip_10_12_r2_grove
 201      30.69918      96.62064     384.91385       0.00474      -0.29086       0.03479 p2_bpx_aei_ho_10_12_r2_grove
 202      46.48214     -97.76510     430.03345       0.00467      -0.26289       0.03479 p2_bpx_aei_ip_10_08_r2_cone
 203      46.59804      96.54090     430.58423       0.00467      -0.26251       0.03479 p2_bpx_aei_ho_10_08_r2_cone
 204     -29.10058     -97.79233     437.26969       0.00466      -0.25783       0.03479 p2_bpx_aei_ip_10_08_r2_grove
 205     -28.98229      96.60537     437.79474       0.00466      -0.25745       0.03479 p2_bpx_aei_ho_10_08_r2_grove
 206     -13.73380     -97.86139     476.29947       0.00459      -0.22744       0.03479 p2_bpx_aei_ip_10_08_r2_flat
 207     -13.62982      96.49311     476.83385       0.00458      -0.22698       0.03479 p2_bpx_aei_ho_10_08_r2_flat
 208      -0.51811     -45.53616     561.12021       0.00437      -0.14213       0.03479 p2_slm_aei_10_surf_r2
 209     -55.63504      -0.08670     747.86920       0.00344       0.04041       0.03479 p2_srg_aei_10_r2_rear
 210     -52.31606     -52.33302     747.87971       0.00344       0.04042       0.03479 p2_srg_aei_10_r2_225deg
 211      55.40806       0.01003     747.88819       0.00344       0.04042       0.03479 p2_srg_aei_10_r2_front
 212      -0.05831     -73.83084     747.88740       0.00344       0.04042       0.03479 p2_srg_aei_10_r2_270deg
 213       0.43199      72.82575     747.89301       0.00344       0.04043       0.03479 p2_srg_aei_10_r2_90deg
 214     -51.95714      51.74547     747.89657       0.00344       0.04043       0.03479 p2_srg_aei_10_r2_135deg
 215      52.13024     -52.25345     747.91554       0.00344       0.04044       0.03479 p2_srg_aei_10_r2_315deg
 216      52.51473      50.86433     747.92450       0.00344       0.04045       0.03479 p2_srg_aei_10_r2_45deg
 217     193.60558     -32.55768     928.69940       0.00192       0.11497       0.03479 p2_bpl_aei_10_r1_grove
 218     195.87827      40.39358     949.63426       0.00173       0.11845       0.03479 p2_bpl_aei_10_r1_cone
 219     198.02365     -32.61387     970.39228       0.00153       0.12101       0.03479 p2_bpl_aei_10_r1_flat
 220     -47.29133     -97.60435    1034.69073       0.00090       0.12385       0.03479 p2_bpx_aei_ip_10_12_r3_cone
 221     -47.26587      96.83614    1034.72726       0.00090       0.12385       0.03479 p2_bpx_aei_ho_10_12_r3_cone
 222      27.94180     -97.57516    1044.99475       0.00080       0.12365       0.03479 p2_bpx_aei_ip_10_12_r3_flat
 223      27.96565      96.81124    1045.04500       0.00080       0.12365       0.03479 p2_bpx_aei_ho_10_12_r3_flat
 224      10.99009     -97.57475    1083.37088       0.00043       0.12151       0.03479 p2_bpx_aei_ip_10_12_r3_grove
 225      11.01114      96.78995    1083.40919       0.00043       0.12151       0.03479 p2_bpx_aei_ho_10_12_r3_grove
 226      28.89373     -97.58906    1118.06029       0.00009       0.11786       0.03479 p2_bpx_aei_ip_10_08_r3_cone
 227      28.90789      96.77584    1118.10147       0.00009       0.11786       0.03479 p2_bpx_aei_ho_10_08_r3_cone
 228     -46.73837     -97.59753    1124.85642       0.00003       0.11698       0.03479 p2_bpx_aei_ip_10_08_r3_grove
 229     -46.71561      96.81197    1124.89552       0.00003       0.11697       0.03479 p2_bpx_aei_ho_10_08_r3_grove
 230     -31.59053     -97.58527    1163.97734      -0.00034       0.11092       0.03479 p2_bpx_aei_ip_10_08_r3_flat
 231     -31.57677      96.76513    1164.01091      -0.00034       0.11091       0.03479 p2_bpx_aei_ho_10_08_r3_flat
 232      55.45361      -0.12010    1179.00211      -0.00048       0.10820       0.03479 p2_mid_aei_10_front
 233     -44.39387     -97.57217    1367.38923      -0.00199       0.06375       0.03479 p2_bpx_aei_ip_10_12_r4_cone
 234     -44.39544      96.85453    1367.94913      -0.00200       0.06361       0.03479 p2_bpx_aei_ho_10_12_r4_cone
 235      30.86200     -97.57661    1377.55867      -0.00206       0.06118       0.03479 p2_bpx_aei_ip_10_12_r4_flat
 236      30.86193      96.79309    1378.09416      -0.00206       0.06105       0.03479 p2_bpx_aei_ho_10_12_r4_flat
 237      13.98693     -97.58350    1415.96618      -0.00228       0.05173       0.03479 p2_bpx_aei_ip_10_12_r4_grove
 238      13.99666      96.76740    1416.50782      -0.00228       0.05160       0.03479 p2_bpx_aei_ho_10_12_r4_grove
 239      45.42153     -97.62627    1445.00816      -0.00243       0.04495       0.03479 p2_bpx_aei_ip_10_08_r4_cone
 240      45.43596      96.75003    1445.53043      -0.00243       0.04484       0.03479 p2_bpx_aei_ho_10_08_r4_cone
 241     -30.19538     -97.61735    1451.93502      -0.00246       0.04340       0.03479 p2_bpx_aei_ip_10_08_r4_grove
 242     -30.17344      96.77155    1452.48820      -0.00246       0.04328       0.03479 p2_bpx_aei_ho_10_08_r4_grove
 243     -14.97811     -97.63298    1491.02739      -0.00262       0.03523       0.03479 p2_bpx_aei_ip_10_08_r4_flat
 244     -14.94357      96.70782    1491.57160      -0.00262       0.03513       0.03479 p2_bpx_aei_ho_10_08_r4_flat
 245      32.91396    -210.46426    1532.48623      -0.00274       0.02791       0.03479 p2_baz_aei_10_09_r2_flat
 245      32.91396    -210.46426    1532.48623      -0.00274       0.02791       0.03479 p2_baz_aei_10_08_r2_flat
 246     -43.02346    -210.50812    1533.01761      -0.00274       0.02782       0.03479 p2_baz_aei_10_09_r2_cone
 246     -43.02346    -210.50812    1533.01761      -0.00274       0.02782       0.03479 p2_baz_aei_10_08_r2_cone
 247      21.60735    -210.42658    1572.87499      -0.00280       0.02245       0.03479  p2_baz_aei_10_09_r2_grove
 247      21.60735    -210.42658    1572.87499      -0.00280       0.02245       0.03479  p2_baz_aei_10_08_r2_grove
 248     -37.08906     -22.45306    1690.74437      -0.00267       0.01924       0.03479 p2_gim_aei_10_surf_r2
 249      52.23656      51.26820    1825.46222      -0.00219       0.03139       0.03479 p2_srg_aei_10_r3_45deg
 250     -52.10753      51.65163    1825.50174      -0.00219       0.03139       0.03479 p2_srg_aei_10_r3_135deg
 251       0.13392      73.00432    1825.50373      -0.00219       0.03139       0.03479 p2_srg_aei_10_r3_90deg
 252      55.45647      -0.00081    1825.58451      -0.00219       0.03140       0.03479 p2_srg_aei_10_r3_front
 253      52.22216     -52.16419    1825.61229      -0.00219       0.03140       0.03479 p2_srg_aei_10_r3_315deg
 254     -55.60623      -0.12694    1825.61352      -0.00219       0.03140       0.03479 p2_srg_aei_10_r3_rear
 255      -0.01929     -73.81978    1825.63351      -0.00219       0.03140       0.03479 p2_srg_aei_10_r3_270deg
 256     -52.17265     -52.37046    1825.65321      -0.00219       0.03140       0.03479 p2_srg_aei_10_r3_225deg
 257      29.69306     -97.44626    1894.48497      -0.00201       0.03590       0.03479 p2_bpx_aei_ip_10_08_r5_cone
 258      29.72602      96.92404    1894.53906      -0.00201       0.03591       0.03479 p2_bpx_aei_ho_10_08_r5_cone
 259     -46.17196     -97.44082    1897.88465      -0.00200       0.03610       0.03479 p2_bpx_aei_ip_10_08_r5_grove
 260     -46.13510      96.96048    1897.92994      -0.00200       0.03610       0.03479 p2_bpx_aei_ho_10_08_r5_grove
 261     -32.78954     -97.44217    1937.64691      -0.00192       0.03815       0.03479 p2_bpx_aei_ip_10_08_r5_flat
 262     -32.75668      96.96263    1937.68688      -0.00192       0.03815       0.03479 p2_bpx_aei_ho_10_08_r5_flat
 263     -44.02294     -97.45295    1978.52095      -0.00185       0.03991       0.03479 p2_bpx_aei_ip_10_12_r5_cone
 264     -43.99627      96.98475    1978.56062      -0.00185       0.03991       0.03479 p2_bpx_aei_ho_10_12_r5_cone
 265      30.66991     -97.45358    1992.18720      -0.00183       0.04043       0.03479 p2_bpx_aei_ip_10_12_r5_flat
 266      30.69457      96.93742    1992.23936      -0.00183       0.04043       0.03479 p2_bpx_aei_ho_10_12_r5_flat
 267      12.02837     -97.43410    2029.76271      -0.00179       0.04167       0.03479 p2_bpx_aei_ip_10_12_r5_grove
 268      12.05003      96.94590    2029.80655      -0.00179       0.04167       0.03479 p2_bpx_aei_ho_10_12_r5_grove
 269      44.30945    -210.25947    2055.79419      -0.00176       0.04238       0.03479 p2_baz_aei_10_11_r2_cone
 269      44.30945    -210.25947    2055.79419      -0.00176       0.04238       0.03479 p2_baz_aei_10_12_r2_cone
 270     -29.57459    -210.25913    2073.34731      -0.00174       0.04281       0.03479  p2_baz_aei_10_11_r2_grove
 270     -29.57459    -210.25913    2073.34731      -0.00174       0.04281       0.03479  p2_baz_aei_10_12_r2_grove
 271      -8.98917    -210.24171    2109.89223      -0.00171       0.04355       0.03479 p2_baz_aei_10_11_r2_flat
 271      -8.98917    -210.24171    2109.89223      -0.00171       0.04355       0.03479 p2_baz_aei_10_12_r2_flat
 272     -84.66401     -97.55214    2208.44393      -0.00167       0.04474       0.03479 p2_bpx_aei_ip_10_12_r6_cone
 273     -84.65034      97.11306    2208.48395      -0.00167       0.04474       0.03479 p2_bpx_aei_ho_10_12_r6_cone
 274      -9.50460     -97.51287    2219.27783      -0.00166       0.04481       0.03479 p2_bpx_aei_ip_10_12_r6_flat
 275      -9.54433      97.02593    2219.32176      -0.00166       0.04481       0.03479 p2_bpx_aei_ho_10_12_r6_flat
 276      85.18114     -97.59349    2236.32576      -0.00166       0.04491       0.03479 p2_bpx_aei_ip_10_08_r6_cone
 277      85.16880      96.96701    2236.33628      -0.00166       0.04491       0.03479 p2_bpx_aei_ho_10_08_r6_cone
 278       9.50016     -97.54647    2242.59599      -0.00166       0.04494       0.03479 p2_bpx_aei_ip_10_08_r6_grove
 279       9.47722      96.96743    2242.60291      -0.00166       0.04494       0.03479 p2_bpx_aei_ho_10_08_r6_grove
 280     -26.71485      96.94426    2257.53484      -0.00166       0.04500       0.03479 p2_bpx_aei_ho_10_12_r6_grove
 281     -26.71782     -97.58404    2257.53722      -0.00166       0.04500       0.03479 p2_bpx_aei_ip_10_12_r6_grove
 282      24.36229     -97.62055    2281.81412      -0.00165       0.04508       0.03479 p2_bpx_aei_ip_10_08_r6_flat
 283      24.30825      96.86615    2281.89054      -0.00165       0.04508       0.03479 p2_bpx_aei_ho_10_08_r6_flat
 284    -114.19014    -149.70618    2311.11141      -0.00165       0.04513       0.03479 p2_bbi_aei_10_09_cone
 285    -110.59471     -73.90321    2311.14980      -0.00165       0.04513       0.03479 p2_bbi_aei_10_09_flat
 286     -70.92006     -87.40829    2312.89378      -0.00165       0.04513       0.03479 p2_bbi_aei_10_09_grove
 287     -42.54837     -88.89348    2314.12706      -0.00165       0.04513       0.03479 p2_bbi_aei_10_11_grove
 288      -2.77417     -75.40057    2315.84159      -0.00165       0.04513       0.03479 p2_bbi_aei_10_11_flat
 289       0.82288    -151.29519    2316.09912      -0.00165       0.04513       0.03479 p2_bbi_aei_10_11_cone
 290     484.19805    -107.78521    2319.18963      -0.00165       0.04514       0.03479 p2_bpl_aei_10_r2_grove
 291    -506.31072     -96.35328    2336.19951      -0.00165       0.04515       0.03479 p2_bbe_aei_10_09_flat
 292    -484.79570     -23.53703    2336.52430      -0.00165       0.04515       0.03479 p2_bbe_aei_10_09_cone
 293    -464.40081     -96.67485    2337.95691      -0.00165       0.04515       0.03479 p2_bbe_aei_10_09_grove
 294     449.00262    -115.43702    2340.64723      -0.00165       0.04515       0.03479 p2_bpl_aei_10_r2_flat
 295     468.40886     -43.87982    2357.02700      -0.00165       0.04516       0.03479 p2_bpl_aei_10_r2_cone
 296     325.62329     -97.13888    2373.05773      -0.00165       0.04516       0.03479 p2_bbe_aei_10_11_flat
 297     346.20832     -24.04130    2373.37149      -0.00165       0.04516       0.03479 p2_bbe_aei_10_11_cone
 298     367.53061     -96.91115    2374.94624      -0.00165       0.04516       0.03479 p2_bbe_aei_10_11_grove
 299       0.00025       0.00930     580.80000       0.00000       0.00000       0.00000 p3_aei_10_par_1
 300       0.18245       0.01158    1710.90000      26.08587       0.00000       0.00000 p3_aei_10_par_2
 301       0.26927       0.00716    2382.00000    2892.87573      -0.21928       0.00004 p3_aei_10_par_3
 302      -0.00573       0.00096       0.00251      -0.00132      -0.01843       0.02744 p3_aei_10
 303     -15.00914      -0.00280      66.10313       0.00825      -0.02748   -3141.56516 p3_irm_aei_10_s1_fixed
 304      14.79761      -0.00759    2291.91569      -0.01211       0.46692       0.02744 p3_irm_aei_10_s2_fixed
 305      14.99086      -0.00362      66.10230       0.00825      -0.02748   -3141.56516 p3_irm_aei_10_l1_fixed
 306     -15.20239      -0.00677    2291.90168      -0.01211       0.46692       0.02744 p3_irm_aei_10_l2_fixed
 307     -14.99783       0.00021     478.00438       0.00503      -0.02739       0.02744 p3_irl_aei_10_s1
 308      14.97660      -0.00296    1880.01308      -0.00924       0.35911       0.02744 p3_irl_aei_10_s2
 309      15.02027      -0.00048     950.50437      -0.00199      -0.06225       0.02744 p3_irl_aei_10_l1
 310     -14.95155      -0.00020    1407.50683      -0.00067      -0.02140       0.02744 p3_irl_aei_10_l2
 311     -14.98031       0.00036     941.20620      -0.00199      -0.06121       0.02744 p3_irc_aei_10_s1
 312      15.04863      -0.00103    1416.80627      -0.00070      -0.01750       0.02744 p3_irc_aei_10_s2
 313      15.04823      -0.00102    1398.20611      -0.00065      -0.02513       0.02744 p3_irc_aei_10_l1
 314     -14.97915       0.00033     959.80628      -0.00198      -0.06326       0.02744 p3_irc_aei_10_l2
 315      -0.01096      -0.00376       0.00251       0.00826      -0.02748       0.02744 p3_irt_aei_10_r1
 316      -0.00005      -0.00066     397.00373       0.00641      -0.02743       0.02744 p3_irt_aei_10_r2
 317       0.01201       0.00022     794.00488      -0.00146      -0.04299       0.02744 p3_irt_aei_10_r3
 318       0.03715      -0.00045    1191.00595      -0.00106      -0.07078       0.02744 p3_irt_aei_10_r4
 319       0.04357      -0.00084    1588.00697      -0.00235       0.08764       0.02744 p3_irt_aei_10_r5
 320      -0.06421      -0.00360    1985.00795      -0.01070       0.41391       0.02744 p3_irt_aei_10_r6
 321      -0.24450      -0.00827    2382.00890      -0.01212       0.46755       0.02744 p3_irt_aei_10_r7
 322     -34.08493     -97.60027      18.57561       0.00826      -0.02748       0.02744 p3_bpx_aei_ip_10_12_r1_cone
 323     -34.12068      96.86223      19.05480       0.00826      -0.02748       0.02744 p3_bpx_aei_ho_10_12_r1_cone
 324      41.11107     -97.55945      29.17758       0.00826      -0.02748       0.02744 p3_bpx_aei_ip_10_12_r1_flat
 325      41.07281      96.78766      29.62537       0.00826      -0.02748       0.02744 p3_bpx_aei_ho_10_12_r1_flat
 326      24.01832     -97.61366      67.48097       0.00825      -0.02748       0.02744 p3_bpx_aei_ip_10_12_r1_grove
 327      23.99746      96.74794      67.94457       0.00825      -0.02748       0.02744 p3_bpx_aei_ho_10_12_r1_grove
 328      35.05965     -97.65992     108.95639       0.00822      -0.02748       0.02744 p3_bpx_aei_ip_10_08_r1_cone
 329      35.05660      96.67488     109.40610       0.00822      -0.02748       0.02744 p3_bpx_aei_ho_10_08_r1_cone
 330     -40.60217     -97.72229     115.46739       0.00821      -0.02748       0.02744 p3_bpx_aei_ip_10_08_r1_grove
 331     -40.59202      96.77441     115.94749       0.00821      -0.02748       0.02744 p3_bpx_aei_ho_10_08_r1_grove
 332     -25.60139     -97.74628     154.64059       0.00815      -0.02748       0.02744 p3_bpx_aei_ip_10_08_r1_flat
 333     -25.57204      96.67192     155.11851       0.00815      -0.02748       0.02744 p3_bpx_aei_ho_10_08_r1_flat
 334      37.31455    -172.92328     194.94758       0.00804      -0.02747       0.02744 p3_baz_aei_10_11_r1_flat
 334      37.31455    -172.92328     194.94758       0.00804      -0.02747       0.02744 p3_baz_aei_10_09_r1_flat
 335     -32.67764    -173.01763     224.43808       0.00792      -0.02747       0.02744 p3_baz_aei_10_11_r1_cone
 335     -32.67764    -173.01763     224.43808       0.00792      -0.02747       0.02744 p3_baz_aei_10_09_r1_cone
 336      42.28730    -172.96129     236.59815       0.00787      -0.02747       0.02744  p3_baz_aei_10_11_r1_grove
 336      42.28730    -172.96129     236.59815       0.00787      -0.02747       0.02744  p3_baz_aei_10_09_r1_grove
 337       0.00137     -73.86927     282.47045       0.00759      -0.02746       0.02744 p3_srg_aei_10_r1_270deg
 338     -52.25833     -52.21904     282.48672       0.00759      -0.02746       0.02744 p3_srg_aei_10_r1_225deg
 339      52.20477     -52.26201     282.52325       0.00759      -0.02746       0.02744 p3_srg_aei_10_r1_315deg
 340     -55.48610       0.00005     282.53241       0.00759      -0.02746       0.02744 p3_srg_aei_10_r1_rear
 341      55.45331      -0.00299     282.60187       0.00759      -0.02746       0.02744 p3_srg_aei_10_r1_front
 342     -51.99228      51.53166     282.66003       0.00759      -0.02746       0.02744 p3_srg_aei_10_r1_135deg
 343       0.29911      72.95772     282.68593       0.00759      -0.02746       0.02744 p3_srg_aei_10_r1_90deg
 344      52.44481      51.12359     282.69786       0.00759      -0.02746       0.02744 p3_srg_aei_10_r1_45deg
 345     -27.99831     -97.57311     336.02311       0.00714      -0.02745       0.02744 p3_bpx_aei_ip_10_12_r2_cone
 346     -27.84666      96.78949     336.55043       0.00713      -0.02745       0.02744 p3_bpx_aei_ho_10_12_r2_cone
 347      47.29166     -97.58511     345.89367       0.00703      -0.02745       0.02744 p3_bpx_aei_ip_10_12_r2_flat
 348      47.44271      96.67399     346.44900       0.00703      -0.02745       0.02744 p3_bpx_aei_ho_10_12_r2_flat
 349      30.56762     -97.65368     384.36650       0.00658      -0.02743       0.02744 p3_bpx_aei_ip_10_12_r2_grove
 350      30.70107      96.62252     384.91562       0.00657      -0.02743       0.02744 p3_bpx_aei_ho_10_12_r2_grove
 351      46.48167     -97.76014     430.03233       0.00590      -0.02741       0.02744 p3_bpx_aei_ip_10_08_r2_cone
 352      46.59882      96.54166     430.58619       0.00590      -0.02741       0.02744 p3_bpx_aei_ho_10_08_r2_cone
 353     -29.10143     -97.79052     437.26802       0.00578      -0.02741       0.02744 p3_bpx_aei_ip_10_08_r2_grove
 354     -28.98289      96.60178     437.79449       0.00577      -0.02741       0.02744 p3_bpx_aei_ho_10_08_r2_grove
 355     -13.73477     -97.85853     476.29804       0.00506      -0.02739       0.02744 p3_bpx_aei_ip_10_08_r2_flat
 356     -13.63012      96.49087     476.83316       0.00505      -0.02739       0.02744 p3_bpx_aei_ho_10_08_r2_flat
 357      -0.58171     -45.53734     561.11787       0.00303      -0.02734       0.02744 p3_slm_aei_10_surf_r2
 358     -55.63885      -0.08519     747.87044      -0.00098      -0.03766       0.02744 p3_srg_aei_10_r2_rear
 359     -52.32068     -52.33379     747.87897      -0.00098      -0.03766       0.02744 p3_srg_aei_10_r2_225deg
 360      55.40295       0.01066     747.88626      -0.00098      -0.03766       0.02744 p3_srg_aei_10_r2_front
 361      -0.06187     -73.82962     747.88898      -0.00098      -0.03766       0.02744 p3_srg_aei_10_r2_270deg
 362       0.42405      72.82737     747.89550      -0.00098      -0.03766       0.02744 p3_srg_aei_10_r2_90deg
 363     -51.96473      51.74430     747.89846      -0.00098      -0.03766       0.02744 p3_srg_aei_10_r2_135deg
 364      52.12662     -52.25115     747.91593      -0.00098      -0.03767       0.02744 p3_srg_aei_10_r2_315deg
 365      52.50795      50.86344     747.92582      -0.00098      -0.03767       0.02744 p3_srg_aei_10_r2_45deg
 366     193.59134     -32.56114     928.70071      -0.00199      -0.05977       0.02744 p3_bpl_aei_10_r1_grove
 367     195.87352      40.39546     949.63241      -0.00199      -0.06215       0.02744 p3_bpl_aei_10_r1_cone
 368     198.02283     -32.61124     970.38745      -0.00196      -0.06437       0.02744 p3_bpl_aei_10_r1_flat
 369     -47.29232     -97.60243    1034.68947      -0.00178      -0.06998       0.02744 p3_bpx_aei_ip_10_12_r3_cone
 370     -47.26798      96.83297    1034.72602      -0.00178      -0.06998       0.02744 p3_bpx_aei_ho_10_12_r3_cone
 371      27.94230     -97.57681    1044.99372      -0.00175      -0.07065       0.02744 p3_bpx_aei_ip_10_12_r3_flat
 372      27.96474      96.80819    1045.04446      -0.00175      -0.07066       0.02744 p3_bpx_aei_ho_10_12_r3_flat
 373      10.98965     -97.57781    1083.37042      -0.00158      -0.07252       0.02744 p3_bpx_aei_ip_10_12_r3_grove
 374      11.01089      96.79099    1083.41072      -0.00158      -0.07252       0.02744 p3_bpx_aei_ho_10_12_r3_grove
 375      28.89419     -97.58545    1118.05831      -0.00142      -0.07319       0.02744 p3_bpx_aei_ip_10_08_r3_cone
 376      28.90992      96.77735    1118.10208      -0.00142      -0.07319       0.02744 p3_bpx_aei_ho_10_08_r3_cone
 377     -46.73652     -97.59669    1124.85686      -0.00138      -0.07319       0.02744 p3_bpx_aei_ip_10_08_r3_grove
 378     -46.71328      96.81201    1124.89673      -0.00138      -0.07319       0.02744 p3_bpx_aei_ho_10_08_r3_grove
 379     -31.59117     -97.58105    1163.97745      -0.00119      -0.07234       0.02744 p3_bpx_aei_ip_10_08_r3_flat
 380     -31.57473      96.76235    1164.01078      -0.00119      -0.07234       0.02744 p3_bpx_aei_ho_10_08_r3_flat
 381      55.45259      -0.12276    1179.00485      -0.00112      -0.07158       0.02744 p3_mid_aei_10_front
 382     -44.39280     -97.57167    1367.38957      -0.00060      -0.03635       0.02744 p3_bpx_aei_ip_10_12_r4_cone
 383     -44.39424      96.85343    1367.94918      -0.00060      -0.03616       0.02744 p3_bpx_aei_ho_10_12_r4_cone
 384      30.86315     -97.57624    1377.55646      -0.00061      -0.03284       0.02744 p3_bpx_aei_ip_10_12_r4_flat
 385      30.86550      96.79536    1378.09479      -0.00061      -0.03265       0.02744 p3_bpx_aei_ho_10_12_r4_flat
 386      13.98793     -97.58140    1415.96692      -0.00070      -0.01786       0.02744 p3_bpx_aei_ip_10_12_r4_grove
 387      14.00038      96.76530    1416.50706      -0.00070      -0.01763       0.02744 p3_bpx_aei_ho_10_12_r4_grove
 388      45.42406     -97.62528    1445.01082      -0.00082      -0.00461       0.02744 p3_bpx_aei_ip_10_08_r4_cone
 389      45.43770      96.75122    1445.53079      -0.00082      -0.00436       0.02744 p3_bpx_aei_ho_10_08_r4_cone
 390     -30.19492     -97.61781    1451.93548      -0.00085      -0.00120       0.02744 p3_bpx_aei_ip_10_08_r4_grove
 391     -30.17158      96.76988    1452.48714      -0.00086      -0.00093       0.02744 p3_bpx_aei_ho_10_08_r4_grove
 392     -14.98007     -97.63257    1491.02652      -0.00113       0.01997       0.02744 p3_bpx_aei_ip_10_08_r4_flat
 393     -14.94445      96.70523    1491.57033      -0.00113       0.02029       0.02744 p3_bpx_aei_ho_10_08_r4_flat
 394      32.91337    -210.46444    1532.48712      -0.00155       0.04615       0.02744 p3_baz_aei_10_09_r2_flat
 394      32.91337    -210.46444    1532.48712      -0.00155       0.04615       0.02744 p3_baz_aei_10_08_r2_flat
 395     -43.02305    -210.51056    1533.01750      -0.00156       0.04651       0.02744 p3_baz_aei_10_09_r2_cone
 395     -43.02305    -210.51056    1533.01750      -0.00156       0.04651       0.02744 p3_baz_aei_10_08_r2_cone
 396      21.60693    -210.42250    1572.87672      -0.00210       0.07557       0.02744  p3_baz_aei_10_09_r2_grove
 396      21.60693    -210.42250    1572.87672      -0.00210       0.07557       0.02744  p3_baz_aei_10_08_r2_grove
 397     -37.06304     -22.45648    1690.74293      -0.00465       0.18571       0.02744 p3_gim_aei_10_surf_r2
 398      52.23557      51.26759    1825.46348      -0.00820       0.31976       0.02744 p3_srg_aei_10_r3_45deg
 399       0.13294      73.00422    1825.50300      -0.00820       0.31981       0.02744 p3_srg_aei_10_r3_90deg
 400     -52.10835      51.64886    1825.50042      -0.00820       0.31982       0.02744 p3_srg_aei_10_r3_135deg
 401      55.45162      -0.00360    1825.58330      -0.00820       0.31986       0.02744 p3_srg_aei_10_r3_front
 402      52.22188     -52.16261    1825.61564      -0.00820       0.31989       0.02744 p3_srg_aei_10_r3_315deg
 403     -55.60820      -0.12685    1825.61307      -0.00820       0.31991       0.02744 p3_srg_aei_10_r3_rear
 404      -0.02213     -73.81927    1825.63635      -0.00820       0.31992       0.02744 p3_srg_aei_10_r3_270deg
 405     -52.17665     -52.36714    1825.65094      -0.00820       0.31994       0.02744 p3_srg_aei_10_r3_225deg
 406      29.68697     -97.44480    1894.48315      -0.00949       0.36821       0.02744 p3_bpx_aei_ip_10_08_r5_cone
 407      29.72438      96.92310    1894.53991      -0.00949       0.36825       0.02744 p3_bpx_aei_ho_10_08_r5_cone
 408     -46.17570     -97.44085    1897.88552      -0.00954       0.37030       0.02744 p3_bpx_aei_ip_10_08_r5_grove
 409     -46.13468      96.96385    1897.93199      -0.00954       0.37032       0.02744 p3_bpx_aei_ho_10_08_r5_grove
 410     -32.79047     -97.44281    1937.64720      -0.01013       0.39234       0.02744 p3_bpx_aei_ip_10_08_r5_flat
 411     -32.75775      96.95999    1937.68848      -0.01013       0.39236       0.02744 p3_bpx_aei_ho_10_08_r5_flat
 412     -44.02541     -97.45323    1978.52222      -0.01063       0.41125       0.02744 p3_bpx_aei_ip_10_12_r5_cone
 413     -43.99629      96.98617    1978.55980      -0.01063       0.41126       0.02744 p3_bpx_aei_ho_10_12_r5_cone
 414      30.66804     -97.45252    1992.18653      -0.01077       0.41677       0.02744 p3_bpx_aei_ip_10_12_r5_flat
 415      30.69366      96.93647    1992.23873      -0.01077       0.41679       0.02744 p3_bpx_aei_ho_10_12_r5_flat
 416      12.02562     -97.43352    2029.76408      -0.01113       0.43008       0.02744 p3_bpx_aei_ip_10_12_r5_grove
 417      12.04784      96.94277    2029.80865      -0.01113       0.43010       0.02744 p3_bpx_aei_ho_10_12_r5_grove
 418      44.30333    -210.26180    2055.79378      -0.01133       0.43779       0.02744 p3_baz_aei_10_11_r2_cone
 418      44.30333    -210.26180    2055.79378      -0.01133       0.43779       0.02744 p3_baz_aei_10_12_r2_cone
 419     -29.57891    -210.26158    2073.34662      -0.01145       0.44235       0.02744  p3_baz_aei_10_11_r2_grove
 419     -29.57891    -210.26158    2073.34662      -0.01145       0.44235       0.02744  p3_baz_aei_10_12_r2_grove
 420      -8.99152    -210.24556    2109.89090      -0.01166       0.45028       0.02744 p3_baz_aei_10_11_r2_flat
 420      -8.99152    -210.24556    2109.89090      -0.01166       0.45028       0.02744 p3_baz_aei_10_12_r2_flat
 421     -84.66474     -97.55586    2208.44339      -0.01200       0.46307       0.02744 p3_bpx_aei_ip_10_12_r6_cone
 422     -84.64381      97.11274    2208.48223      -0.01200       0.46307       0.02744 p3_bpx_aei_ho_10_12_r6_cone
 423      -9.50454     -97.51205    2219.27851      -0.01202       0.46386       0.02744 p3_bpx_aei_ip_10_12_r6_flat
 424      -9.54492      97.02565    2219.32123      -0.01202       0.46386       0.02744 p3_bpx_aei_ho_10_12_r6_flat
 425      85.18006     -97.59655    2236.32466      -0.01205       0.46490       0.02744 p3_bpx_aei_ip_10_08_r6_cone
 426      85.17069      96.96485    2236.33620      -0.01205       0.46490       0.02744 p3_bpx_aei_ho_10_08_r6_cone
 427       9.50053     -97.53895    2242.59490      -0.01206       0.46523       0.02744 p3_bpx_aei_ip_10_08_r6_grove
 428       9.48066      96.96535    2242.60293      -0.01206       0.46523       0.02744 p3_bpx_aei_ho_10_08_r6_grove
 429     -26.71290      96.94786    2257.53442      -0.01208       0.46590       0.02744 p3_bpx_aei_ho_10_12_r6_grove
 430     -26.71974     -97.58434    2257.53596      -0.01208       0.46590       0.02744 p3_bpx_aei_ip_10_12_r6_grove
 431      24.35915     -97.62093    2281.81404      -0.01210       0.46669       0.02744 p3_bpx_aei_ip_10_08_r6_flat
 432      24.30725      96.86547    2281.89007      -0.01210       0.46669       0.02744 p3_bpx_aei_ho_10_08_r6_flat
 433    -114.18779    -149.70529    2311.11186      -0.01211       0.46725       0.02744 p3_bbi_aei_10_09_cone
 434    -110.59193     -73.90019    2311.15476      -0.01211       0.46725       0.02744 p3_bbi_aei_10_09_flat
 435     -70.92121     -87.40480    2312.89894      -0.01212       0.46727       0.02744 p3_bbi_aei_10_09_grove
 436     -42.54682     -88.89569    2314.12768      -0.01212       0.46728       0.02744 p3_bbi_aei_10_11_grove
 437      -2.77044     -75.39860    2315.83804      -0.01212       0.46730       0.02744 p3_bbi_aei_10_11_flat
 438       0.82626    -151.29610    2316.09360      -0.01212       0.46730       0.02744 p3_bbi_aei_10_11_cone
 439     484.20052    -107.78370    2319.19313      -0.01212       0.46734       0.02744 p3_bpl_aei_10_r2_grove
 440    -506.31034     -96.35603    2336.19424      -0.01212       0.46747       0.02744 p3_bbe_aei_10_09_flat
 441    -484.79529     -23.53683    2336.52448      -0.01212       0.46747       0.02744 p3_bbe_aei_10_09_cone
 442    -464.39866     -96.67211    2337.95683      -0.01212       0.46748       0.02744 p3_bbe_aei_10_09_grove
 443     449.00487    -115.43610    2340.64961      -0.01212       0.46749       0.02744 p3_bpl_aei_10_r2_flat
 444     468.40928     -43.87993    2357.03042      -0.01212       0.46754       0.02744 p3_bpl_aei_10_r2_cone
 445     325.62169     -97.14271    2373.05826      -0.01212       0.46755       0.02744 p3_bbe_aei_10_11_flat
 446     346.20836     -24.03908    2373.37167      -0.01212       0.46755       0.02744 p3_bbe_aei_10_11_cone
 447     367.53303     -96.90988    2374.94316      -0.01212       0.46755       0.02744 p3_bbe_aei_10_11_grove
 448      -0.26219       0.03547     580.80000       0.00000       0.00000       0.00000 p4_aei_10_par_1
 449      -0.27189       0.05414    1710.90000      26.08587       0.00000       0.00000 p4_aei_10_par_2
 450      -0.56090       0.01741    2382.00000     595.49101       0.26382       0.00147 p4_aei_10_par_3
 451      -0.17705       0.00239      -0.02149      -0.00257      -0.03936      -0.01340 p4_aei_10
 452     -14.87711      -0.00355      66.06988       0.01446       0.58422    3141.57930 p4_irm_aei_10_s1_fixed
 453      15.57521      -0.00298    2291.86460      -0.00681      -1.33335      -0.01340 p4_irm_aei_10_s2_fixed
 454      15.12289      -0.00315      66.08741       0.01446       0.58422    3141.57930 p4_irm_aei_10_l1_fixed
 455     -14.42479      -0.00338    2291.90459      -0.00681      -1.33335      -0.01340 p4_irm_aei_10_l2_fixed
 456     -15.10696       0.00095     477.97166       0.00216       0.49330      -0.01340 p4_irl_aei_10_s1
 457      15.05378      -0.00104    1879.96465       0.00016      -1.10876      -0.01340 p4_irl_aei_10_s2
 458      14.73893      -0.00512     950.48166      -0.01626       0.17064      -0.01340 p4_irl_aei_10_l1
 459     -15.25815      -0.00646    1407.48310       0.01213      -0.23773      -0.01340 p4_irl_aei_10_l2
 460     -15.25946      -0.00536     941.17646      -0.01666       0.17647      -0.01340 p4_irc_aei_10_s1
 461      14.74412      -0.00595    1416.77580       0.01253      -0.25031      -0.01340 p4_irc_aei_10_s2
 462      14.73970      -0.00617    1398.17613       0.01171      -0.22538      -0.01340 p4_irc_aei_10_l1
 463     -15.26263      -0.00567     959.77663      -0.01584       0.16479      -0.01340 p4_irc_aei_10_l2
 464       0.16152      -0.00431      -0.02150       0.01449       0.58446      -0.01340 p4_irt_aei_10_r1
 465      -0.06533       0.00075     396.97903       0.00743       0.53223      -0.01340 p4_irt_aei_10_r2
 466      -0.22679      -0.00241     793.97909      -0.01958       0.26762      -0.01340 p4_irt_aei_10_r3
 467      -0.28237      -0.00755    1190.97923      -0.00122      -0.00312      -0.01340 p4_irt_aei_10_r4
 468      -0.19048      -0.00363    1587.97999       0.01527      -0.52948      -0.01340 p4_irt_aei_10_r5
 469       0.17666      -0.00142    1984.98194      -0.00338      -1.22292      -0.01340 p4_irt_aei_10_r6
 470       0.69543      -0.00379    2381.98561      -0.00685      -1.33465      -0.01340 p4_irt_aei_10_r7
 471     -34.08195     -97.60419      18.56725       0.01449       0.58445      -0.01340 p4_bpx_aei_ip_10_12_r1_cone
 472     -34.12595      96.85831      19.06471       0.01449       0.58445      -0.01340 p4_bpx_aei_ho_10_12_r1_cone
 473      41.11298     -97.56823      29.17012       0.01449       0.58444      -0.01340 p4_bpx_aei_ip_10_12_r1_flat
 474      41.07270      96.78277      29.63509       0.01449       0.58443      -0.01340 p4_bpx_aei_ho_10_12_r1_flat
 475      24.01849     -97.61421      67.47652       0.01446       0.58420      -0.01340 p4_bpx_aei_ip_10_12_r1_grove
 476      23.99570      96.74030      67.95390       0.01446       0.58419      -0.01340 p4_bpx_aei_ho_10_12_r1_grove
 477      35.06088     -97.66006     108.94952       0.01435       0.58338      -0.01340 p4_bpx_aei_ip_10_08_r1_cone
 478      35.05560      96.67014     109.41533       0.01434       0.58336      -0.01340 p4_bpx_aei_ho_10_08_r1_cone
 479     -40.59984     -97.72528     115.45720       0.01432       0.58317      -0.01340 p4_bpx_aei_ip_10_08_r1_grove
 480     -40.59654      96.77163     115.95792       0.01432       0.58315      -0.01340 p4_bpx_aei_ho_10_08_r1_grove
 481     -25.59625     -97.74752     154.63465       0.01407       0.58137      -0.01340 p4_bpx_aei_ip_10_08_r1_flat
 482     -25.57614      96.66888     155.12483       0.01407       0.58134      -0.01340 p4_bpx_aei_ho_10_08_r1_flat
 483      37.31290    -172.92292     194.94196       0.01366       0.57827      -0.01340 p4_baz_aei_10_11_r1_flat
 483      37.31290    -172.92292     194.94196       0.01366       0.57827      -0.01340 p4_baz_aei_10_09_r1_flat
 484     -32.67303    -173.02336     224.42917       0.01322       0.57502      -0.01340 p4_baz_aei_10_11_r1_cone
 484     -32.67303    -173.02336     224.42917       0.01322       0.57502      -0.01340 p4_baz_aei_10_09_r1_cone
 485      42.28562    -172.96190     236.59098       0.01300       0.57340      -0.01340  p4_baz_aei_10_11_r1_grove
 485      42.28562    -172.96190     236.59098       0.01300       0.57340      -0.01340  p4_baz_aei_10_09_r1_grove
 486       0.00253     -73.86689     282.46693       0.01195       0.56564      -0.01340 p4_srg_aei_10_r1_270deg
 487      52.20563     -52.26049     282.51590       0.01195       0.56564      -0.01340 p4_srg_aei_10_r1_315deg
 488     -52.25638     -52.22209     282.48072       0.01195       0.56563      -0.01340 p4_srg_aei_10_r1_225deg
 489     -55.49051      -0.00113     282.53196       0.01195       0.56562      -0.01340 p4_srg_aei_10_r1_rear
 490      55.45418       0.00035     282.61032       0.01194       0.56562      -0.01340 p4_srg_aei_10_r1_front
 491      52.44444      51.12641     282.70590       0.01194       0.56560      -0.01340 p4_srg_aei_10_r1_45deg
 492       0.29664      72.95712     282.69435       0.01194       0.56560      -0.01340 p4_srg_aei_10_r1_90deg
 493     -51.99738      51.53131     282.66803       0.01194       0.56559      -0.01340 p4_srg_aei_10_r1_135deg
 494     -27.99362     -97.57157     336.01313       0.01021       0.55278      -0.01340 p4_bpx_aei_ip_10_12_r2_cone
 495     -27.85033      96.79334     336.55633       0.01019       0.55263      -0.01340 p4_bpx_aei_ho_10_12_r2_cone
 496      47.29536     -97.57886     345.88879       0.00982       0.54992      -0.01340 p4_bpx_aei_ip_10_12_r2_flat
 497      47.43964      96.67594     346.45795       0.00980       0.54975      -0.01340 p4_bpx_aei_ho_10_12_r2_flat
 498      30.56984     -97.65344     384.35986       0.00808       0.53706      -0.01340 p4_bpx_aei_ip_10_12_r2_grove
 499      30.69683      96.62607     384.92206       0.00805       0.53685      -0.01340 p4_bpx_aei_ho_10_12_r2_grove
 500      46.48433     -97.75851     430.02571       0.00552       0.51808      -0.01340 p4_bpx_aei_ip_10_08_r2_cone
 501      46.59584      96.54579     430.59389       0.00548       0.51782      -0.01340 p4_bpx_aei_ho_10_08_r2_cone
 502     -29.09642     -97.79409     437.26191       0.00505       0.51466      -0.01340 p4_bpx_aei_ip_10_08_r2_grove
 503     -28.98701      96.60792     437.80460       0.00502       0.51440      -0.01340 p4_bpx_aei_ho_10_08_r2_grove
 504     -13.73112     -97.85854     476.29635       0.00229       0.49425      -0.01340 p4_bpx_aei_ip_10_08_r2_flat
 505     -13.63249      96.49476     476.83826       0.00225       0.49395      -0.01340 p4_bpx_aei_ho_10_08_r2_flat
 506      -0.73215     -45.53578     561.11628      -0.00545       0.43698      -0.01340 p4_slm_aei_10_surf_r2
 507      55.41033       0.01462     747.89103      -0.01887       0.29735      -0.01340 p4_srg_aei_10_r2_front
 508      -0.06068     -73.83532     747.88104      -0.01888       0.29734      -0.01340 p4_srg_aei_10_r2_270deg
 509     -55.63877      -0.09056     747.86731      -0.01888       0.29734      -0.01340 p4_srg_aei_10_r2_rear
 510     -52.31917     -52.33752     747.87201      -0.01888       0.29734      -0.01340 p4_srg_aei_10_r2_225deg
 511      52.12813     -52.25432     747.90557      -0.01888       0.29734      -0.01340 p4_srg_aei_10_r2_315deg
 512       0.41805      72.82939     747.90165      -0.01888       0.29733      -0.01340 p4_srg_aei_10_r2_90deg
 513      52.47924      50.89058     747.93432      -0.01888       0.29732      -0.01340 p4_srg_aei_10_r2_45deg
 514     -52.07788      51.65708     747.90944      -0.01888       0.29732      -0.01340 p4_srg_aei_10_r2_135deg
 515     193.59644     -32.54965     928.70616      -0.01716       0.18425      -0.01340 p4_bpl_aei_10_r1_grove
 516     195.87374      40.40483     949.63814      -0.01630       0.17119      -0.01340 p4_bpl_aei_10_r1_cone
 517     198.02200     -32.60397     970.38775      -0.01534       0.15809      -0.01340 p4_bpl_aei_10_r1_flat
 518     -47.28626     -97.60884    1034.67882      -0.01182       0.11596      -0.01340 p4_bpx_aei_ip_10_12_r3_cone
 519     -47.27627      96.83236    1034.73032      -0.01181       0.11592      -0.01340 p4_bpx_aei_ho_10_12_r3_cone
 520      27.94718     -97.57905    1044.98801      -0.01119       0.10893      -0.01340 p4_bpx_aei_ip_10_12_r3_flat
 521      27.95607      96.81045    1045.05169      -0.01118       0.10889      -0.01340 p4_bpx_aei_ho_10_12_r3_flat
 522      10.99391     -97.57746    1083.36452      -0.00872       0.08192      -0.01340 p4_bpx_aei_ip_10_12_r3_grove
 523      11.00241      96.79014    1083.41402      -0.00872       0.08188      -0.01340 p4_bpx_aei_ho_10_12_r3_grove
 524      28.89662     -97.58528    1118.05399      -0.00637       0.05616      -0.01340 p4_bpx_aei_ip_10_08_r3_cone
 525      28.90411      96.78002    1118.10752      -0.00637       0.05612      -0.01340 p4_bpx_aei_ho_10_08_r3_cone
 526     -46.73225     -97.60014    1124.84883      -0.00590       0.05095      -0.01340 p4_bpx_aei_ip_10_08_r3_grove
 527     -46.72496      96.81136    1124.90538      -0.00589       0.05090      -0.01340 p4_bpx_aei_ho_10_08_r3_grove
 528     -31.58454     -97.58561    1163.97018      -0.00314       0.01973      -0.01340 p4_bpx_aei_ip_10_08_r3_flat
 529     -31.58364      96.76359    1164.01739      -0.00314       0.01969      -0.01340 p4_bpx_aei_ho_10_08_r3_flat
 530      55.45425      -0.11278    1179.00472      -0.00208       0.00715      -0.01340 p4_mid_aei_10_front
 531     -44.38213     -97.57280    1367.37826       0.01018      -0.18612      -0.01340 p4_bpx_aei_ip_10_12_r4_cone
 532     -44.39842      96.84390    1367.95462       0.01021      -0.18683      -0.01340 p4_bpx_aei_ho_10_12_r4_cone
 533      30.86784     -97.57519    1377.55473       0.01071      -0.19883      -0.01340 p4_bpx_aei_ip_10_12_r4_flat
 534      30.86104      96.79262    1378.10103       0.01074      -0.19952      -0.01340 p4_bpx_aei_ho_10_12_r4_flat
 535      13.99283     -97.58367    1415.96142       0.01250      -0.24920      -0.01340 p4_bpx_aei_ip_10_12_r4_grove
 536      13.99306      96.76124    1416.51248       0.01252      -0.24995      -0.01340 p4_bpx_aei_ho_10_12_r4_grove
 537      45.42855     -97.62427    1445.00159       0.01362      -0.29002      -0.01340 p4_bpx_aei_ip_10_08_r4_cone
 538      45.43350      96.75324    1445.53771       0.01364      -0.29080      -0.01340 p4_bpx_aei_ho_10_08_r4_cone
 539     -30.18741     -97.62339    1451.93036       0.01385      -0.30008      -0.01340 p4_bpx_aei_ip_10_08_r4_grove
 540     -30.17794      96.76502    1452.49529       0.01387      -0.30091      -0.01340 p4_bpx_aei_ho_10_08_r4_grove
 541     -14.96872     -97.63742    1491.02688       0.01491      -0.35979      -0.01340 p4_bpx_aei_ip_10_08_r4_flat
 542     -14.94533      96.70599    1491.57739       0.01492      -0.36067      -0.01340 p4_bpx_aei_ho_10_08_r4_flat
 543      32.92071    -210.46524    1532.48369       0.01549      -0.42844      -0.01340 p4_baz_aei_10_09_r2_flat
 543      32.92071    -210.46524    1532.48369       0.01549      -0.42844      -0.01340 p4_baz_aei_10_08_r2_flat
 544     -43.01497    -210.51905    1533.00916       0.01549      -0.42929      -0.01340 p4_baz_aei_10_09_r2_cone
 544     -43.01497    -210.51905    1533.00916       0.01549      -0.42929      -0.01340 p4_baz_aei_10_08_r2_cone
 545      21.61426    -210.42617    1572.86887       0.01545      -0.50089      -0.01340  p4_baz_aei_10_09_r2_grove
 545      21.61426    -210.42617    1572.86887       0.01545      -0.50089      -0.01340  p4_baz_aei_10_08_r2_grove
 546     -37.21966     -22.45812    1690.73943       0.01130      -0.74717      -0.01340 p4_gim_aei_10_surf_r2
 547     -52.16702      51.62849    1825.49830       0.00270      -1.02685      -0.01340 p4_srg_aei_10_r3_135deg
 548       0.13496      73.01119    1825.51284       0.00270      -1.02696      -0.01340 p4_srg_aei_10_r3_90deg
 549      52.23096      51.27029    1825.47170       0.00270      -1.02699      -0.01340 p4_srg_aei_10_r3_45deg
 550     -55.61582      -0.13416    1825.61100       0.00270      -1.02703      -0.01340 p4_srg_aei_10_r3_rear
 551     -52.20028     -52.34721    1825.64713       0.00269      -1.02710      -0.01340 p4_srg_aei_10_r3_225deg
 552      -0.02715     -73.81781    1825.62990       0.00269      -1.02716      -0.01340 p4_srg_aei_10_r3_270deg
 553      55.45217      -0.00057    1825.58862       0.00269      -1.02718      -0.01340 p4_srg_aei_10_r3_front
 554      52.12169     -52.23921    1825.60968       0.00269      -1.02721      -0.01340 p4_srg_aei_10_r3_315deg
 555      29.69073     -97.44064    1894.47791      -0.00043      -1.12781      -0.01340 p4_bpx_aei_ip_10_08_r5_cone
 556      29.71691      96.92606    1894.55197      -0.00043      -1.12791      -0.01340 p4_bpx_aei_ho_10_08_r5_cone
 557     -46.17132     -97.44206    1897.87438      -0.00056      -1.13200      -0.01340 p4_bpx_aei_ip_10_08_r5_grove
 558     -46.14495      96.96664    1897.94206      -0.00056      -1.13208      -0.01340 p4_bpx_aei_ho_10_08_r5_grove
 559     -32.78855     -97.44173    1937.64210      -0.00199      -1.17796      -0.01340 p4_bpx_aei_ip_10_08_r5_flat
 560     -32.76389      96.95557    1937.70046      -0.00199      -1.17802      -0.01340 p4_bpx_aei_ho_10_08_r5_flat
 561     -44.02109     -97.45249    1978.51757      -0.00321      -1.21733      -0.01340 p4_bpx_aei_ip_10_12_r5_cone
 562     -44.00022      96.99031    1978.57587      -0.00321      -1.21738      -0.01340 p4_bpx_aei_ho_10_12_r5_cone
 563      30.66804     -97.44634    1992.18348      -0.00357      -1.22893      -0.01340 p4_bpx_aei_ip_10_12_r5_flat
 564      30.69081      96.93656    1992.24804      -0.00357      -1.22898      -0.01340 p4_bpx_aei_ho_10_12_r5_flat
 565      12.03182     -97.43844    2029.75760      -0.00443      -1.25663      -0.01340 p4_bpx_aei_ip_10_12_r5_grove
 566      12.05169      96.94616    2029.81743      -0.00443      -1.25667      -0.01340 p4_bpx_aei_ho_10_12_r5_grove
 567      44.30341    -210.26273    2055.78377      -0.00493      -1.27271      -0.01340 p4_baz_aei_10_11_r2_cone
 567      44.30341    -210.26273    2055.78377      -0.00493      -1.27271      -0.01340 p4_baz_aei_10_12_r2_cone
 568     -29.57218    -210.26141    2073.34017      -0.00522      -1.28213      -0.01340  p4_baz_aei_10_11_r2_grove
 568     -29.57218    -210.26141    2073.34017      -0.00522      -1.28213      -0.01340  p4_baz_aei_10_12_r2_grove
 569      -8.99148    -210.24533    2109.88259      -0.00573      -1.29868      -0.01340 p4_baz_aei_10_11_r2_flat
 569      -8.99148    -210.24533    2109.88259      -0.00573      -1.29868      -0.01340 p4_baz_aei_10_12_r2_flat
 570     -84.65884     -97.55486    2208.43203      -0.00656      -1.32530      -0.01340 p4_bpx_aei_ip_10_12_r6_cone
 571     -84.64256      97.11444    2208.50008      -0.00656      -1.32531      -0.01340 p4_bpx_aei_ho_10_12_r6_cone
 572      -9.49914     -97.51132    2219.26655      -0.00661      -1.32696      -0.01340 p4_bpx_aei_ip_10_12_r6_flat
 573      -9.54127      97.01828    2219.32710      -0.00661      -1.32697      -0.01340 p4_bpx_aei_ho_10_12_r6_flat
 574      85.18096     -97.59177    2236.31362      -0.00668      -1.32915      -0.01340 p4_bpx_aei_ip_10_08_r6_cone
 575      85.17400      96.95633    2236.34833      -0.00668      -1.32915      -0.01340 p4_bpx_aei_ho_10_08_r6_cone
 576       9.50697     -97.54682    2242.58687      -0.00670      -1.32982      -0.01340 p4_bpx_aei_ip_10_08_r6_grove
 577       9.48070      96.95898    2242.61191      -0.00670      -1.32982      -0.01340 p4_bpx_aei_ho_10_08_r6_grove
 578     -26.71181     -97.58911    2257.52874      -0.00674      -1.33121      -0.01340 p4_bpx_aei_ip_10_12_r6_grove
 579     -26.71349      96.94279    2257.54636      -0.00674      -1.33121      -0.01340 p4_bpx_aei_ho_10_12_r6_grove
 580      24.36692     -97.62039    2281.80260      -0.00679      -1.33286      -0.01340 p4_bpx_aei_ip_10_08_r6_flat
 581      24.31184      96.85641    2281.90109      -0.00679      -1.33286      -0.01340 p4_bpx_aei_ho_10_08_r6_flat
 582    -114.19163    -149.69955    2311.11911      -0.00683      -1.33401      -0.01340 p4_bbi_aei_10_09_cone
 583    -110.59419     -73.89490    2311.15813      -0.00683      -1.33401      -0.01340 p4_bbi_aei_10_09_flat
 584     -70.92172     -87.39828    2312.89544      -0.00683      -1.33406      -0.01340 p4_bbi_aei_10_09_grove
 585     -42.55130     -88.88881    2314.13450      -0.00683      -1.33409      -0.01340 p4_bbi_aei_10_11_grove
 586      -2.77828     -75.38879    2315.80456      -0.00683      -1.33414      -0.01340 p4_bbi_aei_10_11_flat
 587       0.81943    -151.29324    2316.09594      -0.00683      -1.33414      -0.01340 p4_bbi_aei_10_11_cone
 588     484.19181    -107.78949    2319.18896      -0.00683      -1.33422      -0.01340 p4_bpl_aei_10_r2_grove
 589    -506.31466     -96.33437    2336.20232      -0.00684      -1.33447      -0.01340 p4_bbe_aei_10_09_flat
 590    -484.80026     -23.51798    2336.52842      -0.00684      -1.33448      -0.01340 p4_bbe_aei_10_09_cone
 591    -464.40413     -96.65952    2337.96222      -0.00684      -1.33449      -0.01340 p4_bbe_aei_10_09_grove
 592     448.99728    -115.44051    2340.64510      -0.00684      -1.33453      -0.01340 p4_bpl_aei_10_r2_flat
 593     468.40802     -43.88696    2357.02856      -0.00685      -1.33463      -0.01340 p4_bpl_aei_10_r2_cone
 594     325.61838     -97.13858    2373.05707      -0.00685      -1.33465      -0.01340 p4_bbe_aei_10_11_flat
 595     346.20765     -24.04081    2373.37079      -0.00685      -1.33465      -0.01340 p4_bbe_aei_10_11_cone
 596     367.52807     -96.91133    2374.95046      -0.00685      -1.33465      -0.01340 p4_bbe_aei_10_11_grove
 597     -15.00000       0.00000      66.10000       0.00000      -0.00000       1.59270 p1_irm_aei_10_s1
 598      15.00000       0.00000      66.10000       0.00000      -0.00000       1.59270 p1_irm_aei_10_l1
 599      15.00000       0.00000    2291.90000       0.00000      -0.00000   -3140.00000 p1_irm_aei_10_s2
 600     -15.00000       0.00000    2291.90000       0.00000      -0.00000   -3140.00000 p1_irm_aei_10_l2
 601     -15.08029      -0.00072      66.12584       0.00492      -0.36140       1.62749 p2_irm_aei_10_s1
 602      14.91971      -0.00177      66.11500       0.00492      -0.36140       1.62749 p2_irm_aei_10_l1
 603      14.98083      -0.00024    2291.92661      -0.00165       0.04510   -3139.96522 p2_irm_aei_10_s2
 604     -15.01917       0.00080    2291.92525      -0.00165       0.04510   -3139.96522 p2_irm_aei_10_l2
 605     -15.00914      -0.00280      66.10313       0.00825      -0.02748       1.62014 p3_irm_aei_10_s1
 606      14.99086      -0.00362      66.10230       0.00825      -0.02748       1.62014 p3_irm_aei_10_l1
 607      14.79761      -0.00759    2291.91569      -0.01211       0.46692   -3139.97256 p3_irm_aei_10_s2
 608     -15.20239      -0.00677    2291.90168      -0.01211       0.46692   -3139.97256 p3_irm_aei_10_l2
 609     -14.87711      -0.00355      66.06988       0.01446       0.58422       1.57930 p4_irm_aei_10_s1
 610      15.12289      -0.00315      66.08741       0.01446       0.58422       1.57930 p4_irm_aei_10_l1
 611      15.57521      -0.00298    2291.86460      -0.00681      -1.33335   -3140.01340 p4_irm_aei_10_s2
 612     -14.42479      -0.00338    2291.90459      -0.00681      -1.33335   -3140.01340 p4_irm_aei_10_l2
