   1       0.00000       0.00000     739.80000       0.00000       0.00000       0.00000 p1_aei_07_par_1
   2       0.00000       0.00000    2041.34000      26.08587       0.00000       0.00000 p1_aei_07_par_2
   3       0.00000       0.00000    2382.00000       0.00000       0.00000       0.00000 p1_aei_07_par_3
   4       0.00000       0.00000       0.00000       0.00000       0.00000       0.00000 p1_aei_07
   5     -15.00000       0.00000      66.10000       0.00000      -0.00000   -3141.59261 p1_irm_aei_07_s1_fixed
   6      15.00000       0.00000    2291.90000       0.00000      -0.00000       0.00000 p1_irm_aei_07_s2_fixed
   7      15.00000       0.00000      66.10000       0.00000      -0.00000   -3141.59261 p1_irm_aei_07_l1_fixed
   8     -15.00000       0.00000    2291.90000       0.00000      -0.00000       0.00000 p1_irm_aei_07_l2_fixed
   9     -15.00000       0.00000     478.00000       0.00000      -0.00000       0.00000 p1_irl_aei_07_s1
  10      15.00000       0.00000    1880.00000       0.00000      -0.00000       0.00000 p1_irl_aei_07_s2
  11      15.00000       0.00000     950.50000       0.00000      -0.00000       0.00000 p1_irl_aei_07_l1
  12     -15.00000       0.00000    1407.50000       0.00000      -0.00000       0.00000 p1_irl_aei_07_l2
  13     -15.00000       0.00000     941.20000       0.00000      -0.00000       0.00000 p1_irc_aei_07_s1
  14      15.00000       0.00000    1416.80000       0.00000      -0.00000       0.00000 p1_irc_aei_07_s2
  15      15.00000       0.00000    1398.20000       0.00000      -0.00000       0.00000 p1_irc_aei_07_l1
  16     -15.00000       0.00000     959.80000       0.00000      -0.00000       0.00000 p1_irc_aei_07_l2
  17       0.00000       0.00000       0.00000       0.00000      -0.00000       0.00000 p1_irt_aei_07_r1
  18       0.00000       0.00000     397.00000       0.00000      -0.00000       0.00000 p1_irt_aei_07_r2
  19       0.00000       0.00000     794.00000       0.00000      -0.00000       0.00000 p1_irt_aei_07_r3
  20       0.00000       0.00000    1191.00000       0.00000      -0.00000       0.00000 p1_irt_aei_07_r4
  21       0.00000       0.00000    1588.00000       0.00000      -0.00000       0.00000 p1_irt_aei_07_r5
  22       0.00000       0.00000    1985.00000       0.00000      -0.00000       0.00000 p1_irt_aei_07_r6
  23       0.00000       0.00000    2382.00000       0.00000      -0.00000       0.00000 p1_irt_aei_07_r7
  24     -36.83660      97.55010      14.36210       0.00000      -0.00000       0.00000 p1_bpx_aei_ip_07_09_r1_cone
  25     -36.71500     -97.17620      14.49050       0.00000      -0.00000       0.00000 p1_bpx_aei_ho_07_09_r1_cone
  26      39.07790      97.60130      16.57400       0.00000      -0.00000       0.00000 p1_bpx_aei_ip_07_09_r1_flat
  27      39.19760     -97.13330      16.70760       0.00000      -0.00000       0.00000 p1_bpx_aei_ho_07_09_r1_flat
  28      26.31980      97.60920      56.54350       0.00000      -0.00000       0.00000 p1_bpx_aei_ip_07_09_r1_grove
  29      26.44220     -97.05750      56.68220       0.00000      -0.00000       0.00000 p1_bpx_aei_ho_07_09_r1_grove
  30      23.83900      97.61880      88.43080       0.00000      -0.00000       0.00000 p1_bpx_aei_ip_07_05_r1_cone
  31      23.96670     -96.98330      88.57200       0.00000      -0.00000       0.00000 p1_bpx_aei_ho_07_05_r1_cone
  32     -50.63290      97.59160     103.27270       0.00000      -0.00000       0.00000 p1_bpx_aei_ip_07_05_r1_grove
  33     -50.50650     -97.01090     103.40300       0.00000      -0.00000       0.00000 p1_bpx_aei_ho_07_05_r1_grove
  34     -31.40510      97.61200     140.55460       0.00000      -0.00000       0.00000 p1_bpx_aei_ip_07_05_r1_flat
  35     -31.28200     -96.91000     140.67880       0.00000      -0.00000       0.00000 p1_bpx_aei_ho_07_05_r1_flat
  36     -55.41860       0.00000     193.24810       0.00000      -0.00000       0.00000 p1_srg_aei_07_r1_rear
  37      52.28710     -51.44520     193.28320       0.00000      -0.00000       0.00000 p1_srg_aei_07_r1_315deg
  38     -52.19990      52.25950     193.28550       0.00000      -0.00000       0.00000 p1_srg_aei_07_r1_135deg
  39     -52.24180     -51.63640     193.29310       0.00000      -0.00000       0.00000 p1_srg_aei_07_r1_225deg
  40       0.14620     -73.10510     193.29690       0.00000      -0.00000       0.00000 p1_srg_aei_07_r1_270deg
  41      55.45650       0.00000     193.30000       0.00000      -0.00000       0.00000 p1_srg_aei_07_r1_front
  42       0.01060      73.86400     193.32970       0.00000      -0.00000       0.00000 p1_srg_aei_07_r1_90deg
  43      52.25000      52.25080     193.34870       0.00000      -0.00000       0.00000 p1_srg_aei_07_r1_45deg
  44      50.24150    -209.66730     247.88070       0.00000      -0.00000       0.00000 p1_baz_aei_07_06_05_r1_cone
  45     -25.69720    -209.76690     248.55690       0.00000      -0.00000       0.00000 p1_baz_aei_07_06_05_r1_grove
  46     -13.74840    -209.75070     288.77470       0.00000      -0.00000       0.00000 p1_baz_aei_07_06_05_r1_flat
  47     -38.14640     -97.09210     324.62300       0.00000      -0.00000       0.00000 p1_bpx_aei_ho_07_09_r2_cone
  48     -38.32230      97.51620     324.69370       0.00000      -0.00000       0.00000 p1_bpx_aei_ip_07_09_r2_cone
  49      37.75130     -97.00960     327.39000       0.00000      -0.00000       0.00000 p1_bpx_aei_ho_07_09_r2_flat
  50      37.56970      97.57600     327.40750       0.00000      -0.00000       0.00000 p1_bpx_aei_ip_07_09_r2_flat
  51      24.71170     -97.03630     367.25850       0.00000      -0.00000       0.00000 p1_bpx_aei_ho_07_09_r2_grove
  52      24.54960      97.52960     367.28680       0.00000      -0.00000       0.00000 p1_bpx_aei_ip_07_09_r2_grove
  53      28.21120     -97.04090     401.81970       0.00000      -0.00000       0.00000 p1_bpx_aei_ho_07_05_r2_cone
  54      28.06950      97.51940     401.84970       0.00000      -0.00000       0.00000 p1_bpx_aei_ip_07_05_r2_cone
  55     -46.35740     -97.13050     416.12750       0.00000      -0.00000       0.00000 p1_bpx_aei_ho_07_05_r2_grove
  56     -46.49230      97.46550     416.19710       0.00000      -0.00000       0.00000 p1_bpx_aei_ip_07_05_r2_grove
  57     -27.39640     -97.09520     453.54040       0.00000      -0.00000       0.00000 p1_bpx_aei_ho_07_05_r2_flat
  58     -27.50830      97.43940     453.60250       0.00000      -0.00000       0.00000 p1_bpx_aei_ip_07_05_r2_flat
  59      55.42750      -0.22030     477.62920       0.00000      -0.00000       0.00000 p1_irl_aei_07_r1_front
  60     -36.53430    -209.92700     548.93580       0.00000      -0.00000       0.00000 p1_baz_aei_07_08_09_r1_cone
  61      37.62780    -209.78650     565.29230       0.00000      -0.00000       0.00000 p1_baz_aei_07_08_09_r1_flat
  62      17.63850    -209.81040     602.16760       0.00000      -0.00000       0.00000 p1_baz_aei_07_08_09_r1_grove
  63      -5.90140      42.29150     719.59850       0.00000      -0.00000       0.00000 p1_slm_aei_07_surf_r1
  64     -37.27910     -97.10760     811.59860       0.00000      -0.00000       0.00000 p1_bpx_aei_ho_07_09_r3_cone
  65     -37.47900      97.56660     811.85490       0.00000      -0.00000       0.00000 p1_bpx_aei_ip_07_09_r3_cone
  66      38.58500     -97.01900     815.25700       0.00000      -0.00000       0.00000 p1_bpx_aei_ho_07_09_r3_flat
  67      38.38420      97.67320     815.46930       0.00000      -0.00000       0.00000 p1_bpx_aei_ip_07_09_r3_flat
  68      25.07330     -97.00540     854.97200       0.00000      -0.00000       0.00000 p1_bpx_aei_ho_07_09_r3_grove
  69      24.89260      97.65720     855.19500       0.00000      -0.00000       0.00000 p1_bpx_aei_ip_07_09_r3_grove
  70      27.83430     -96.97540     891.75860       0.00000      -0.00000       0.00000 p1_bpx_aei_ho_07_05_r3_cone
  71      27.67550      97.66860     891.98020       0.00000      -0.00000       0.00000 p1_bpx_aei_ip_07_05_r3_cone
  72     -46.90940     -97.03140     905.18210       0.00000      -0.00000       0.00000 p1_bpx_aei_ho_07_05_r3_grove
  73     -47.06090      97.61660     905.44440       0.00000      -0.00000       0.00000 p1_bpx_aei_ip_07_05_r3_grove
  74     -28.38810     -96.97850     942.81210       0.00000      -0.00000       0.00000 p1_bpx_aei_ho_07_05_r3_flat
  75     -28.51830      97.63950     943.07220       0.00000      -0.00000       0.00000 p1_bpx_aei_ip_07_05_r3_flat
  76      55.34990       0.03790     949.96450       0.00000      -0.00000       0.00000 p1_irc_aei_07_r1_front
  77      55.43930       0.00070    1178.95070       0.00000      -0.00000       0.00000 p1_mid_aei_07_front
  78     -36.67110     -97.02490    1240.87120       0.00000      -0.00000       0.00000 p1_bpx_aei_ho_07_09_r4_cone
  79     -36.55470      97.63770    1240.89340       0.00000      -0.00000       0.00000 p1_bpx_aei_ip_07_09_r4_cone
  80      39.15850     -96.94480    1245.04670       0.00000      -0.00000       0.00000 p1_bpx_aei_ho_07_09_r4_flat
  81      39.26770      97.50850    1245.05140       0.00000      -0.00000       0.00000 p1_bpx_aei_ip_07_09_r4_flat
  82      25.37200     -96.93920    1284.67090       0.00000      -0.00000       0.00000 p1_bpx_aei_ho_07_09_r4_grove
  83      25.49260      97.58040    1284.67870       0.00000      -0.00000       0.00000 p1_bpx_aei_ip_07_09_r4_grove
  84      40.76260     -96.92940    1319.07020       0.00000      -0.00000       0.00000 p1_bpx_aei_ho_07_05_r4_cone
  85      40.89180      97.60820    1319.07860       0.00000      -0.00000       0.00000 p1_bpx_aei_ip_07_05_r4_cone
  86     -34.06990     -96.97530    1331.97740       0.00000      -0.00000       0.00000 p1_bpx_aei_ho_07_05_r4_grove
  87     -33.94280      97.75710    1332.00700       0.00000      -0.00000       0.00000 p1_bpx_aei_ip_07_05_r4_grove
  88     -15.79190     -96.93190    1369.75650       0.00000      -0.00000       0.00000 p1_bpx_aei_ho_07_05_r4_flat
  89     -15.65210      97.76200    1369.77890       0.00000      -0.00000       0.00000 p1_bpx_aei_ip_07_05_r4_flat
  90      55.31710       0.05790    1407.46780       0.00000      -0.00000       0.00000 p1_irc_aei_07_r2_front
  91     -28.45950    -172.47580    1465.54900       0.00000      -0.00000       0.00000 p1_baz_aei_07_08_06_r2_grove
  92      41.91980    -172.39930    1494.09450       0.00000      -0.00000       0.00000 p1_baz_aei_07_08_06_r2_cone
  93     -32.87250    -172.49390    1507.27440       0.00000      -0.00000       0.00000 p1_baz_aei_07_08_06_r2_flat
  94     -26.95910      97.57910    1665.93130       0.00000      -0.00000       0.00000 p1_bpx_aei_ip_07_09_r5_cone
  95     -27.12430     -97.14620    1666.10330       0.00000      -0.00000       0.00000 p1_bpx_aei_ho_07_09_r5_cone
  96      48.87010      97.44060    1670.08710       0.00000      -0.00000       0.00000 p1_bpx_aei_ip_07_09_r5_flat
  97      48.71440     -97.06030    1670.25260       0.00000      -0.00000       0.00000 p1_bpx_aei_ho_07_09_r5_flat
  98      35.09210      97.50010    1709.71330       0.00000      -0.00000       0.00000 p1_bpx_aei_ip_07_09_r5_grove
  99      34.95130     -97.03890    1709.87970       0.00000      -0.00000       0.00000 p1_bpx_aei_ho_07_09_r5_grove
 100      47.11520      97.53640    1758.80070       0.00000      -0.00000       0.00000 p1_bpx_aei_ip_07_05_r5_cone
 101      46.97950     -97.00600    1758.96440       0.00000      -0.00000       0.00000 p1_bpx_aei_ho_07_05_r5_cone
 102     -27.71790      97.69240    1771.72040       0.00000      -0.00000       0.00000 p1_bpx_aei_ip_07_05_r5_grove
 103     -27.85200     -97.04190    1771.89450       0.00000      -0.00000       0.00000 p1_bpx_aei_ho_07_05_r5_grove
 104      -9.44700      97.68400    1809.48380       0.00000      -0.00000       0.00000 p1_bpx_aei_ip_07_05_r5_flat
 105      -9.57560     -96.98740    1809.65280       0.00000      -0.00000       0.00000 p1_bpx_aei_ho_07_05_r5_flat
 106      55.40400      -0.03080    1879.82340       0.00000      -0.00000       0.00000 p1_irl_aei_07_r2_front
 107     -13.36800      41.42080    2020.89060       0.00000      -0.00000       0.00000 p1_gim_aei_07_surf_r1
 108     -55.71330       0.07060    2115.92020       0.00000      -0.00000       0.00000 p1_srg_aei_07_r2_rear
 109      55.45650       0.00000    2115.92120       0.00000      -0.00000       0.00000 p1_srg_aei_07_r2_front
 110      52.11580      52.22170    2115.92890       0.00000      -0.00000       0.00000 p1_srg_aei_07_r2_45deg
 111     -52.28170      52.32510    2115.93610       0.00000      -0.00000       0.00000 p1_srg_aei_07_r2_135deg
 112      51.94320     -51.90110    2115.94580       0.00000      -0.00000       0.00000 p1_srg_aei_07_r2_315deg
 113      -0.10960      73.80100    2115.94840       0.00000      -0.00000       0.00000 p1_srg_aei_07_r2_90deg
 114      -0.32910     -73.28130    2115.98630       0.00000      -0.00000       0.00000 p1_srg_aei_07_r2_270deg
 115     -52.46540     -51.64340    2116.00290       0.00000      -0.00000       0.00000 p1_srg_aei_07_r2_225deg
 116     -34.46420      97.41090    2206.42550       0.00000      -0.00000       0.00000 p1_bpx_aei_ip_07_09_r6_cone
 117     -34.34340     -97.12000    2206.75860       0.00000      -0.00000       0.00000 p1_bpx_aei_ho_07_09_r6_cone
 118      41.36710      97.44280    2210.54900       0.00000      -0.00000       0.00000 p1_bpx_aei_ip_07_09_r6_flat
 119      41.49240     -96.99900    2210.84960       0.00000      -0.00000       0.00000 p1_bpx_aei_ho_07_09_r6_flat
 120      27.60230      97.43430    2250.18120       0.00000      -0.00000       0.00000 p1_bpx_aei_ip_07_09_r6_grove
 121      27.74990     -97.07020    2250.48240       0.00000      -0.00000       0.00000 p1_bpx_aei_ho_07_09_r6_grove
 122      39.75130      97.43050    2332.27150       0.00000      -0.00000       0.00000 p1_bpx_aei_ip_07_05_r6_cone
 123      39.94690     -97.20050    2332.56140       0.00000      -0.00000       0.00000 p1_bpx_aei_ho_07_05_r6_cone
 124     -35.07570      97.39080    2345.22180       0.00000      -0.00000       0.00000 p1_bpx_aei_ip_07_05_r6_grove
 125     -34.87460     -97.30550    2345.55100       0.00000      -0.00000       0.00000 p1_bpx_aei_ho_07_05_r6_grove
 126     -16.79210      97.37940    2382.97100       0.00000      -0.00000       0.00000 p1_bpx_aei_ip_07_05_r6_flat
 127     -16.56780     -97.32840    2383.30270       0.00000      -0.00000       0.00000 p1_bpx_aei_ho_07_05_r6_flat
 128      98.87956       0.49422     739.80000       0.00000       0.00000       0.00000 p2_aei_07_par_1
 129     132.58527      -2.79204    2041.34000      26.08587       0.00000       0.00000 p2_aei_07_par_2
 130      -6.60175      -3.50437    2382.00000     515.76268       0.31793       0.00001 p2_aei_07_par_3
 131       0.37368       0.00705       0.03428      -0.00222       0.17460       0.04955 p2_aei_07
 132     -15.08042       0.00406      66.14422       0.00403      -0.66724   -3141.54305 p2_irm_aei_07_s1_fixed
 133      14.95791       0.00272    2291.93977       0.00519       0.23417       0.04956 p2_irm_aei_07_s2_fixed
 134      14.91958       0.00257      66.12420       0.00403      -0.66724   -3141.54305 p2_irm_aei_07_l1_fixed
 135     -15.04209       0.00421    2291.93274       0.00519       0.23417       0.04956 p2_irm_aei_07_l2_fixed
 136     -14.83818       0.00556     478.04122       0.00298      -0.45560       0.04956 p2_irl_aei_07_s1
 137      15.05655       0.00180    1880.03931      -0.00157       0.24493       0.04955 p2_irl_aei_07_s2
 138      15.25037       0.00481     950.53586      -0.00024       0.07858       0.04956 p2_irl_aei_07_l1
 139     -14.83106       0.00510    1407.53175      -0.00457       0.22228       0.04955 p2_irl_aei_07_l2
 140     -14.74894       0.00630     941.23362      -0.00015       0.07088       0.04956 p2_irc_aei_07_s1
 141      15.16686       0.00357    1416.83844      -0.00460       0.22322       0.04955 p2_irc_aei_07_s2
 142      15.17100       0.00365    1398.23840      -0.00454       0.22132       0.04955 p2_irc_aei_07_l1
 143     -14.75040       0.00629     959.83340      -0.00032       0.08604       0.04956 p2_irc_aei_07_l2
 144      -0.12471       0.00305       0.03419       0.00405      -0.67136       0.04956 p2_irt_aei_07_r1
 145       0.12213       0.00456     397.03434       0.00331      -0.52253       0.04956 p2_irt_aei_07_r2
 146       0.25091       0.00548     794.03458       0.00110      -0.08285       0.04956 p2_irt_aei_07_r3
 147       0.21428       0.00519    1191.03488      -0.00286       0.19485       0.04955 p2_irt_aei_07_r4
 148       0.12738       0.00352    1588.03528      -0.00451       0.23696       0.04955 p2_irt_aei_07_r5
 149       0.03091       0.00247    1985.03579       0.00035       0.24303       0.04956 p2_irt_aei_07_r6
 150      -0.06316       0.00395    2382.03641       0.00546       0.23366       0.04956 p2_irt_aei_07_r7
 151     -36.83928      97.54803      14.36265       0.00405      -0.67117       0.04956 p2_bpx_aei_ip_07_09_r1_cone
 152     -36.71614     -97.17528      14.49125       0.00405      -0.67117       0.04956 p2_bpx_aei_ho_07_09_r1_cone
 153      39.07575      97.60247      16.57410       0.00405      -0.67111       0.04956 p2_bpx_aei_ip_07_09_r1_flat
 154      39.19599     -97.13133      16.70651       0.00405      -0.67110       0.04956 p2_bpx_aei_ho_07_09_r1_flat
 155      26.31963      97.61087      56.54476       0.00403      -0.66835       0.04956 p2_bpx_aei_ip_07_09_r1_grove
 156      26.44157     -97.05854      56.68197       0.00403      -0.66833       0.04956 p2_bpx_aei_ho_07_09_r1_grove
 157      23.83967      97.62162      88.43055       0.00401      -0.66398       0.04956 p2_bpx_aei_ip_07_05_r1_cone
 158      23.96502     -96.99139      88.57085       0.00401      -0.66396       0.04956 p2_bpx_aei_ho_07_05_r1_cone
 159     -50.63303      97.59327     103.27538       0.00400      -0.66131       0.04956 p2_bpx_aei_ip_07_05_r1_grove
 160     -50.50749     -97.01114     103.40397       0.00400      -0.66128       0.04956 p2_bpx_aei_ho_07_05_r1_grove
 161     -31.40332      97.61197     140.55683       0.00396      -0.65272       0.04956 p2_bpx_aei_ip_07_05_r1_flat
 162     -31.28018     -96.91324     140.67871       0.00396      -0.65269       0.04956 p2_bpx_aei_ho_07_05_r1_flat
 163     -55.41249       0.00656     193.24500       0.00387      -0.63613       0.04956 p2_srg_aei_07_r1_rear
 164     -52.19768      52.26081     193.28656       0.00387      -0.63611       0.04956 p2_srg_aei_07_r1_135deg
 165     -52.24282     -51.63449     193.28859       0.00387      -0.63611       0.04956 p2_srg_aei_07_r1_225deg
 166       0.14724     -73.10409     193.29245       0.00387      -0.63610       0.04956 p2_srg_aei_07_r1_270deg
 167      52.28814     -51.44327     193.27820       0.00387      -0.63609       0.04956 p2_srg_aei_07_r1_315deg
 168       0.01335      73.86692     193.33066       0.00387      -0.63608       0.04956 p2_srg_aei_07_r1_90deg
 169      55.45930       0.00107     193.29898       0.00387      -0.63608       0.04956 p2_srg_aei_07_r1_front
 170      52.25122      52.25163     193.34962       0.00387      -0.63606       0.04956 p2_srg_aei_07_r1_45deg
 171      50.24153    -209.66766     247.87937       0.00376      -0.61334       0.04956 p2_baz_aei_07_06_05_r1_cone
 172     -25.69730    -209.76880     248.55824       0.00376      -0.61305       0.04956 p2_baz_aei_07_06_05_r1_grove
 173     -13.74644    -209.75184     288.77514       0.00366      -0.59264       0.04956 p2_baz_aei_07_06_05_r1_flat
 174     -38.14548     -97.09190     324.62192       0.00356      -0.57189       0.04956 p2_bpx_aei_ho_07_09_r2_cone
 175     -38.32160      97.51671     324.69532       0.00356      -0.57184       0.04956 p2_bpx_aei_ip_07_09_r2_cone
 176      37.75263     -97.00795     327.38668       0.00355      -0.57016       0.04956 p2_bpx_aei_ho_07_09_r2_flat
 177      37.57059      97.57286     327.40659       0.00355      -0.57015       0.04956 p2_bpx_aei_ip_07_09_r2_flat
 178      24.71105     -97.03126     367.25758       0.00342      -0.54401       0.04956 p2_bpx_aei_ho_07_09_r2_grove
 179      24.55220      97.52985     367.28780       0.00342      -0.54399       0.04956 p2_bpx_aei_ip_07_09_r2_grove
 180      28.21552     -97.04522     401.81849       0.00329      -0.51891       0.04956 p2_bpx_aei_ho_07_05_r2_cone
 181      28.07378      97.52089     401.85282       0.00329      -0.51888       0.04956 p2_bpx_aei_ip_07_05_r2_cone
 182     -46.35757     -97.12428     416.12338       0.00324      -0.50789       0.04956 p2_bpx_aei_ho_07_05_r2_grove
 183     -46.49039      97.46493     416.19772       0.00324      -0.50783       0.04956 p2_bpx_aei_ip_07_05_r2_grove
 184     -27.39682     -97.10000     453.53502       0.00309      -0.47716       0.04956 p2_bpx_aei_ho_07_05_r2_flat
 185     -27.50775      97.44021     453.60347       0.00309      -0.47710       0.04956 p2_bpx_aei_ip_07_05_r2_flat
 186      55.42785      -0.22103     477.63229       0.00298      -0.45594       0.04956 p2_irl_aei_07_r1_front
 187     -36.53216    -209.92587     548.93619       0.00264      -0.38686       0.04956 p2_baz_aei_07_08_09_r1_cone
 188      37.62805    -209.78680     565.29114       0.00255      -0.36962       0.04956 p2_baz_aei_07_08_09_r1_flat
 189      17.63783    -209.80742     602.16932       0.00235      -0.32898       0.04956 p2_baz_aei_07_08_09_r1_grove
 190      -5.65860      42.29737     719.60184       0.00163      -0.18241       0.04956 p2_slm_aei_07_surf_r1
 191     -37.28184     -97.10134     811.59849       0.00096      -0.06137       0.04956 p2_bpx_aei_ho_07_09_r3_cone
 192     -37.48127      97.56827     811.86220       0.00096      -0.06105       0.04956 p2_bpx_aei_ip_07_09_r3_cone
 193      38.58209     -97.03300     815.25640       0.00093      -0.05700       0.04956 p2_bpx_aei_ho_07_09_r3_flat
 194      38.38285      97.67101     815.47004       0.00093      -0.05674       0.04956 p2_bpx_aei_ip_07_09_r3_flat
 195      25.07354     -97.00540     854.97228       0.00061      -0.01196       0.04956 p2_bpx_aei_ho_07_09_r3_grove
 196      24.89139      97.65861     855.19887       0.00061      -0.01171       0.04956 p2_bpx_aei_ip_07_09_r3_grove
 197      27.83328     -96.98622     891.75559       0.00030       0.02588       0.04956 p2_bpx_aei_ho_07_05_r3_cone
 198      27.67392      97.66949     891.98353       0.00030       0.02610       0.04956 p2_bpx_aei_ip_07_05_r3_cone
 199     -46.91146     -97.02781     905.17814       0.00018       0.03875       0.04956 p2_bpx_aei_ho_07_05_r3_grove
 200     -47.06173      97.61680     905.44699       0.00018       0.03901       0.04956 p2_bpx_aei_ip_07_05_r3_grove
 201     -28.39376     -96.97883     942.80760      -0.00016       0.07220       0.04956 p2_bpx_aei_ho_07_05_r3_flat
 202     -28.52163      97.64208     943.07451      -0.00016       0.07242       0.04956 p2_bpx_aei_ip_07_05_r3_flat
 203      55.34891       0.03872     949.96909      -0.00023       0.07811       0.04956 p2_irc_aei_07_r1_front
 204      55.44593       0.00949    1178.95362      -0.00271       0.19282       0.04955 p2_mid_aei_07_front
 205     -36.66912     -97.02313    1240.86804      -0.00343       0.20212       0.04955 p2_bpx_aei_ho_07_09_r4_cone
 206     -36.55398      97.63796    1240.89873      -0.00343       0.20212       0.04955 p2_bpx_aei_ip_07_09_r4_cone
 207      39.15844     -96.94161    1245.04489      -0.00347       0.20270       0.04955 p2_bpx_aei_ho_07_09_r4_flat
 208      39.26928      97.50919    1245.05459      -0.00347       0.20270       0.04955 p2_bpx_aei_ip_07_09_r4_flat
 209      25.37330     -96.94007    1284.66903      -0.00384       0.20803       0.04955 p2_bpx_aei_ho_07_09_r4_grove
 210      25.49474      97.57592    1284.68380      -0.00384       0.20803       0.04955 p2_bpx_aei_ip_07_09_r4_grove
 211      40.76447     -96.92967    1319.07162      -0.00411       0.21237       0.04955 p2_bpx_aei_ho_07_05_r4_cone
 212      40.89221      97.61142    1319.08434      -0.00411       0.21237       0.04955 p2_bpx_aei_ip_07_05_r4_cone
 213     -34.06948     -96.97531    1331.97678      -0.00419       0.21393       0.04955 p2_bpx_aei_ho_07_05_r4_grove
 214     -33.94064      97.75568    1332.01102      -0.00419       0.21393       0.04955 p2_bpx_aei_ip_07_05_r4_grove
 215     -15.79094     -96.92528    1369.75503      -0.00441       0.21827       0.04955 p2_bpx_aei_ho_07_05_r4_flat
 216     -15.65320      97.76221    1369.77052      -0.00441       0.21827       0.04955 p2_bpx_aei_ip_07_05_r4_flat
 217      55.32036       0.05702    1407.46384      -0.00457       0.22227       0.04955 p2_irc_aei_07_r2_front
 218     -28.45897    -172.47760    1465.54642      -0.00470       0.22781       0.04955 p2_baz_aei_07_08_06_r2_grove
 219      41.92120    -172.40122    1494.09178      -0.00471       0.23025       0.04955 p2_baz_aei_07_08_06_r2_cone
 220     -32.87195    -172.49357    1507.27294      -0.00470       0.23131       0.04955 p2_baz_aei_07_08_06_r2_flat
 221     -26.95911      97.57962    1665.93024      -0.00407       0.24099       0.04955 p2_bpx_aei_ip_07_09_r5_cone
 222     -27.12310     -97.14787    1666.10371      -0.00407       0.24100       0.04955 p2_bpx_aei_ho_07_09_r5_cone
 223      48.87098      97.44075    1670.08553      -0.00404       0.24117       0.04955 p2_bpx_aei_ip_07_09_r5_flat
 224      48.71460     -97.06055    1670.25111      -0.00404       0.24117       0.04955 p2_bpx_aei_ho_07_09_r5_flat
 225      35.09140      97.50248    1709.71277      -0.00371       0.24265       0.04955 p2_bpx_aei_ip_07_09_r5_grove
 226      34.95012     -97.03502    1709.88102      -0.00371       0.24265       0.04955 p2_bpx_aei_ho_07_09_r5_grove
 227      47.11475      97.54131    1758.80237      -0.00322       0.24399       0.04955 p2_bpx_aei_ip_07_05_r5_cone
 228      46.97997     -97.00299    1758.96531      -0.00322       0.24399       0.04955 p2_bpx_aei_ho_07_05_r5_cone
 229     -27.71889      97.69178    1771.71731      -0.00307       0.24425       0.04955 p2_bpx_aei_ip_07_05_r5_grove
 230     -27.85249     -97.04322    1771.89158      -0.00307       0.24425       0.04955 p2_bpx_aei_ho_07_05_r5_grove
 231      -9.44983      97.68356    1809.48187      -0.00260       0.24479       0.04955 p2_bpx_aei_ip_07_05_r5_flat
 232      -9.57482     -96.98853    1809.65293      -0.00260       0.24479       0.04955 p2_bpx_aei_ho_07_05_r5_flat
 233      55.40310      -0.03230    1879.82250      -0.00157       0.24493       0.04955 p2_irl_aei_07_r2_front
 234     -13.34273      41.42396    2020.88986       0.00112       0.24181       0.04956 p2_gim_aei_07_surf_r1
 235      55.45592      -0.00004    2115.91908       0.00309       0.23812       0.04956 p2_srg_aei_07_r2_front
 236      52.11531      52.22392    2115.92933       0.00309       0.23812       0.04956 p2_srg_aei_07_r2_45deg
 237     -55.71628       0.06897    2115.92051       0.00309       0.23812       0.04956 p2_srg_aei_07_r2_rear
 238      51.93974     -51.89987    2115.94711       0.00309       0.23812       0.04956 p2_srg_aei_07_r2_315deg
 239      -0.11233      73.80061    2115.94702       0.00309       0.23812       0.04956 p2_srg_aei_07_r2_90deg
 240     -52.28339      52.32530    2115.93717       0.00309       0.23812       0.04956 p2_srg_aei_07_r2_135deg
 241      -0.33323     -73.28168    2115.98873       0.00309       0.23812       0.04956 p2_srg_aei_07_r2_270deg
 242     -52.46766     -51.64080    2116.00384       0.00309       0.23812       0.04956 p2_srg_aei_07_r2_225deg
 243     -34.46469      97.41046    2206.42547       0.00443       0.23560       0.04956 p2_bpx_aei_ip_07_09_r6_cone
 244     -34.34360     -97.11845    2206.75856       0.00443       0.23559       0.04956 p2_bpx_aei_ho_07_09_r6_cone
 245      41.36695      97.44092    2210.54744       0.00447       0.23551       0.04956 p2_bpx_aei_ip_07_09_r6_flat
 246      41.49314     -96.99859    2210.85074       0.00448       0.23551       0.04956 p2_bpx_aei_ho_07_09_r6_flat
 247      27.60143      97.43248    2250.18180       0.00488       0.23475       0.04956 p2_bpx_aei_ip_07_09_r6_grove
 248      27.74982     -97.07152    2250.48228       0.00488       0.23475       0.04956 p2_bpx_aei_ho_07_09_r6_grove
 249      39.75020      97.43140    2332.27020       0.00537       0.23381       0.04956 p2_bpx_aei_ip_07_05_r6_cone
 250      39.94699     -97.19940    2332.56220       0.00538       0.23381       0.04956 p2_bpx_aei_ho_07_05_r6_cone
 251     -35.07523      97.38828    2345.22153       0.00541       0.23374       0.04956 p2_bpx_aei_ip_07_05_r6_grove
 252     -34.87536     -97.30373    2345.55273       0.00541       0.23374       0.04956 p2_bpx_aei_ho_07_05_r6_grove
 253     -16.79085      97.37988    2382.97147       0.00546       0.23366       0.04956 p2_bpx_aei_ip_07_05_r6_flat
 254     -16.56668     -97.33013    2383.30298       0.00546       0.23366       0.04956 p2_bpx_aei_ho_07_05_r6_flat
 255       2.36136      -0.88859     739.80000       0.00000       0.00000       0.00000 p3_aei_07_par_1
 256     141.15854      -7.63047    2041.34000      26.08587       0.00000       0.00000 p3_aei_07_par_2
 257      88.61540      -4.21416    2382.00000     414.33455       1.62649      -0.00082 p3_aei_07_par_3
 258      -0.08066       0.00513      -0.00734      -0.00228      -0.03799       0.02559 p3_aei_07
 259     -14.98540       0.00464      66.09107      -0.00287       0.09527   -3141.56701 p3_irm_aei_07_s1_fixed
 260      14.98642       0.00068    2291.89661       0.00413       0.07857       0.02559 p3_irm_aei_07_s2_fixed
 261      15.01460       0.00387      66.09392      -0.00287       0.09527   -3141.56701 p3_irm_aei_07_l1_fixed
 262     -15.01358       0.00145    2291.89425       0.00413       0.07857       0.02559 p3_irm_aei_07_l2_fixed
 263     -15.02542       0.00375     477.99060      -0.00097       0.10032       0.02559 p3_irl_aei_07_s1
 264      14.98826       0.00043    1879.99349      -0.00383      -0.08820       0.02559 p3_irl_aei_07_s2
 265      14.92614       0.00357     950.49391       0.00252       0.08470       0.02559 p3_irl_aei_07_l1
 266     -15.06965       0.00387    1407.49528      -0.00515      -0.10665       0.02559 p3_irl_aei_07_l2
 267     -15.07306       0.00431     941.19132       0.00256       0.08697       0.02559 p3_irc_aei_07_s1
 268      14.93135       0.00305    1416.79207      -0.00526      -0.10920       0.02559 p3_irc_aei_07_s2
 269      14.92937       0.00315    1398.19210      -0.00504      -0.10398       0.02559 p3_irc_aei_07_l1
 270     -15.07463       0.00436     959.79142       0.00247       0.08232       0.02559 p3_irc_aei_07_l2
 271       0.02089       0.00445      -0.00734      -0.00291       0.09517       0.02559 p3_irt_aei_07_r1
 272      -0.01736       0.00347     396.99210      -0.00157       0.09872       0.02559 p3_irt_aei_07_r2
 273      -0.05840       0.00355     793.99237       0.00229       0.10734       0.02559 p3_irt_aei_07_r3
 274      -0.08389       0.00422    1190.99315      -0.00113      -0.01426       0.02559 p3_irt_aei_07_r4
 275      -0.04716       0.00242    1587.99414      -0.00628      -0.13523       0.02559 p3_irt_aei_07_r5
 276      -0.00471       0.00052    1984.99502      -0.00166      -0.04311       0.02559 p3_irt_aei_07_r6
 277      -0.02107       0.00146    2381.99548       0.00446       0.08544       0.02559 p3_irt_aei_07_r7
 278     -36.83548      97.55295      14.35949      -0.00291       0.09517       0.02559 p3_bpx_aei_ip_07_09_r1_cone
 279     -36.71448     -97.17676      14.49244      -0.00291       0.09517       0.02559 p3_bpx_aei_ho_07_09_r1_cone
 280      39.07691      97.60300      16.57271      -0.00291       0.09517       0.02559 p3_bpx_aei_ip_07_09_r1_flat
 281      39.19751     -97.13270      16.70816      -0.00291       0.09517       0.02559 p3_bpx_aei_ho_07_09_r1_flat
 282      26.32011      97.60981      56.54220      -0.00288       0.09524       0.02559 p3_bpx_aei_ip_07_09_r1_grove
 283      26.44101     -97.05899      56.68465      -0.00288       0.09524       0.02559 p3_bpx_aei_ho_07_09_r1_grove
 284      23.83937      97.62128      88.42930      -0.00284       0.09534       0.02559 p3_bpx_aei_ip_07_05_r1_cone
 285      23.96017     -96.98262      88.57375      -0.00284       0.09535       0.02559 p3_bpx_aei_ho_07_05_r1_cone
 286     -50.63335      97.59535     103.27156      -0.00282       0.09541       0.02559 p3_bpx_aei_ip_07_05_r1_grove
 287     -50.50744     -97.01086     103.40402      -0.00282       0.09541       0.02559 p3_bpx_aei_ho_07_05_r1_grove
 288     -31.40271      97.61365     140.55301      -0.00274       0.09561       0.02559 p3_bpx_aei_ip_07_05_r1_flat
 289     -31.28110     -96.90915     140.67869      -0.00274       0.09561       0.02559 p3_bpx_aei_ho_07_05_r1_flat
 290     -55.41555       0.00532     193.24154      -0.00259       0.09601       0.02559 p3_srg_aei_07_r1_rear
 291      52.28933     -51.44413     193.27775      -0.00259       0.09601       0.02559 p3_srg_aei_07_r1_315deg
 292     -52.19832      52.25974     193.28389      -0.00259       0.09601       0.02559 p3_srg_aei_07_r1_135deg
 293       0.14637     -73.10430     193.28949      -0.00259       0.09601       0.02559 p3_srg_aei_07_r1_270deg
 294     -52.24218     -51.63306     193.28552      -0.00259       0.09601       0.02559 p3_srg_aei_07_r1_225deg
 295      55.45894       0.00249     193.29759      -0.00259       0.09601       0.02559 p3_srg_aei_07_r1_front
 296       0.01093      73.86480     193.32826      -0.00259       0.09601       0.02559 p3_srg_aei_07_r1_90deg
 297      52.25047      52.25117     193.34672      -0.00259       0.09601       0.02559 p3_srg_aei_07_r1_45deg
 298      50.24122    -209.66742     247.88185      -0.00239       0.09655       0.02559 p3_baz_aei_07_06_05_r1_cone
 299     -25.69805    -209.76788     248.55812      -0.00239       0.09656       0.02559 p3_baz_aei_07_06_05_r1_grove
 300     -13.74844    -209.75637     288.77636      -0.00220       0.09705       0.02559 p3_baz_aei_07_06_05_r1_flat
 301     -38.14585     -97.09323     324.62322      -0.00202       0.09754       0.02559 p3_bpx_aei_ho_07_09_r2_cone
 302     -38.32157      97.51748     324.69279      -0.00201       0.09755       0.02559 p3_bpx_aei_ip_07_09_r2_cone
 303      37.75159     -97.00747     327.38822      -0.00200       0.09759       0.02559 p3_bpx_aei_ho_07_09_r2_flat
 304      37.57037      97.56913     327.40620      -0.00200       0.09759       0.02559 p3_bpx_aei_ip_07_09_r2_flat
 305      24.71318     -97.03741     367.25727      -0.00176       0.09821       0.02559 p3_bpx_aei_ho_07_09_r2_grove
 306      24.55036      97.52969     367.28720      -0.00176       0.09821       0.02559 p3_bpx_aei_ip_07_09_r2_grove
 307      28.21418     -97.04406     401.81894      -0.00154       0.09881       0.02559 p3_bpx_aei_ho_07_05_r2_cone
 308      28.07186      97.52144     401.85003      -0.00154       0.09881       0.02559 p3_bpx_aei_ip_07_05_r2_cone
 309     -46.35734     -97.12707     416.12697      -0.00144       0.09907       0.02559 p3_bpx_aei_ho_07_05_r2_grove
 310     -46.49117      97.46663     416.19694      -0.00144       0.09907       0.02559 p3_bpx_aei_ip_07_05_r2_grove
 311     -27.39596     -97.10161     453.53775      -0.00116       0.09981       0.02559 p3_bpx_aei_ho_07_05_r2_flat
 312     -27.50759      97.44019     453.60297      -0.00116       0.09981       0.02559 p3_bpx_aei_ip_07_05_r2_flat
 313      55.42851      -0.22145     477.62997      -0.00097       0.10031       0.02559 p3_irl_aei_07_r1_front
 314     -36.53347    -209.92745     548.93723      -0.00035       0.10196       0.02559 p3_baz_aei_07_08_09_r1_cone
 315      37.62707    -209.78575     565.29245      -0.00020       0.10237       0.02559 p3_baz_aei_07_08_09_r1_flat
 316      17.63807    -209.81144     602.16892       0.00017       0.10335       0.02559 p3_baz_aei_07_08_09_r1_grove
 317      -5.95061      42.29506     719.59878       0.00149       0.10685       0.02559 p3_slm_aei_07_surf_r1
 318     -37.27967     -97.10416     811.59637       0.00242       0.10644       0.02559 p3_bpx_aei_ho_07_09_r3_cone
 319     -37.47901      97.56605     811.85808       0.00242       0.10642       0.02559 p3_bpx_aei_ip_07_09_r3_cone
 320      38.58495     -97.02269     815.25815       0.00244       0.10620       0.02559 p3_bpx_aei_ho_07_09_r3_flat
 321      38.38351      97.67392     815.47325       0.00245       0.10619       0.02559 p3_bpx_aei_ip_07_09_r3_flat
 322      25.07230     -97.00734     854.97170       0.00263       0.10244       0.02559 p3_bpx_aei_ho_07_09_r3_grove
 323      24.89086      97.65786     855.19657       0.00263       0.10241       0.02559 p3_bpx_aei_ip_07_09_r3_grove
 324      27.83422     -96.98091     891.75530       0.00268       0.09706       0.02559 p3_bpx_aei_ho_07_05_r3_cone
 325      27.67268      97.66819     891.98206       0.00268       0.09702       0.02559 p3_bpx_aei_ip_07_05_r3_cone
 326     -46.91097     -97.02897     905.18168       0.00267       0.09464       0.02559 p3_bpx_aei_ho_07_05_r3_grove
 327     -47.06301      97.61764     905.44665       0.00267       0.09459       0.02559 p3_bpx_aei_ip_07_05_r3_grove
 328     -28.38898     -96.98004     942.81282       0.00256       0.08658       0.02559 p3_bpx_aei_ho_07_05_r3_flat
 329     -28.51972      97.63996     943.07581       0.00256       0.08652       0.02559 p3_bpx_aei_ip_07_05_r3_flat
 330      55.34719       0.03663     949.96824       0.00252       0.08484       0.02559 p3_irc_aei_07_r1_front
 331      55.43898       0.00281    1178.95341      -0.00083      -0.00745       0.02559 p3_mid_aei_07_front
 332     -36.66787     -97.02303    1240.86916      -0.00232      -0.04116       0.02559 p3_bpx_aei_ho_07_09_r4_cone
 333     -36.55369      97.63816    1240.89590      -0.00232      -0.04117       0.02559 p3_bpx_aei_ip_07_09_r4_cone
 334      39.15831     -96.94448    1245.04715      -0.00241      -0.04326       0.02559 p3_bpx_aei_ho_07_09_r4_flat
 335      39.26738      97.50971    1245.05392      -0.00241      -0.04326       0.02559 p3_bpx_aei_ip_07_09_r4_flat
 336      25.37400     -96.93724    1284.67069      -0.00323      -0.06201       0.02559 p3_bpx_aei_ho_07_09_r4_grove
 337      25.49388      97.57685    1284.68331      -0.00323      -0.06202       0.02559 p3_bpx_aei_ip_07_09_r4_grove
 338      40.76409     -96.93016    1319.06976      -0.00386      -0.07657       0.02559 p3_bpx_aei_ho_07_05_r4_cone
 339      40.89187      97.61234    1319.08210      -0.00386      -0.07657       0.02559 p3_bpx_aei_ip_07_05_r4_cone
 340     -34.07039     -96.98009    1331.97847      -0.00408      -0.08162       0.02559 p3_bpx_aei_ho_07_05_r4_grove
 341     -33.94181      97.75650    1332.01026      -0.00408      -0.08163       0.02559 p3_bpx_aei_ip_07_05_r4_grove
 342     -15.79195     -96.92973    1369.75583      -0.00466      -0.09510       0.02559 p3_bpx_aei_ho_07_05_r4_flat
 343     -15.65266      97.76317    1369.77103      -0.00466      -0.09511       0.02559 p3_bpx_aei_ip_07_05_r4_flat
 344      55.31874       0.05707    1407.46258      -0.00515      -0.10664       0.02559 p3_irc_aei_07_r2_front
 345     -28.45925    -172.47471    1465.54667      -0.00573      -0.12065       0.02559 p3_baz_aei_07_08_06_r2_grove
 346      41.92057    -172.39817    1494.09319      -0.00594      -0.12586       0.02559 p3_baz_aei_07_08_06_r2_cone
 347     -32.87266    -172.49504    1507.27399      -0.00602      -0.12789       0.02559 p3_baz_aei_07_08_06_r2_flat
 348     -26.96062      97.57853    1665.92963      -0.00614      -0.13396       0.02559 p3_bpx_aei_ip_07_09_r5_cone
 349     -27.12348     -97.14957    1666.10406      -0.00614      -0.13395       0.02559 p3_bpx_aei_ho_07_09_r5_cone
 350      48.87093      97.44186    1670.08450      -0.00613      -0.13366       0.02559 p3_bpx_aei_ip_07_09_r5_flat
 351      48.71348     -97.06064    1670.25153      -0.00612      -0.13365       0.02559 p3_bpx_aei_ho_07_09_r5_flat
 352      35.09156      97.50367    1709.71056      -0.00590      -0.12964       0.02559 p3_bpx_aei_ip_07_09_r5_grove
 353      34.95020     -97.03552    1709.87983      -0.00590      -0.12962       0.02559 p3_bpx_aei_ho_07_09_r5_grove
 354      47.11604      97.54129    1758.80164      -0.00549      -0.12172       0.02559 p3_bpx_aei_ip_07_05_r5_cone
 355      46.97928     -97.00641    1758.96400      -0.00549      -0.12168       0.02559 p3_bpx_aei_ho_07_05_r5_cone
 356     -27.71720      97.69623    1771.71690      -0.00536      -0.11909       0.02559 p3_bpx_aei_ip_07_05_r5_grove
 357     -27.85226     -97.04417    1771.89287      -0.00535      -0.11905       0.02559 p3_bpx_aei_ho_07_05_r5_grove
 358      -9.44817      97.68487    1809.48068      -0.00491      -0.11012       0.02559 p3_bpx_aei_ip_07_05_r5_flat
 359      -9.57593     -96.99153    1809.65234      -0.00490      -0.11007       0.02559 p3_bpx_aei_ho_07_05_r5_flat
 360      55.40275      -0.03210    1879.82172      -0.00383      -0.08826       0.02559 p3_irl_aei_07_r2_front
 361     -13.37104      41.42162    2020.89004      -0.00076      -0.02428       0.02559 p3_gim_aei_07_surf_r1
 362      55.45285      -0.00089    2115.91865       0.00161       0.02553       0.02559 p3_srg_aei_07_r2_front
 363     -55.71455       0.06905    2115.91831       0.00161       0.02553       0.02559 p3_srg_aei_07_r2_rear
 364      52.11809      52.22239    2115.92708       0.00161       0.02553       0.02559 p3_srg_aei_07_r2_45deg
 365     -52.28331      52.32446    2115.93571       0.00161       0.02553       0.02559 p3_srg_aei_07_r2_135deg
 366      51.94062     -51.89890    2115.94774       0.00161       0.02554       0.02559 p3_srg_aei_07_r2_315deg
 367      -0.11266      73.80013    2115.94771       0.00161       0.02554       0.02559 p3_srg_aei_07_r2_90deg
 368      -0.33163     -73.27897    2115.98814       0.00161       0.02556       0.02559 p3_srg_aei_07_r2_270deg
 369     -52.46847     -51.64103    2116.00257       0.00161       0.02556       0.02559 p3_srg_aei_07_r2_225deg
 370     -34.46460      97.41243    2206.42549       0.00322       0.05936       0.02559 p3_bpx_aei_ip_07_09_r6_cone
 371     -34.34220     -97.12017    2206.75992       0.00323       0.05945       0.02559 p3_bpx_aei_ho_07_09_r6_cone
 372      41.36685      97.44250    2210.54734       0.00328       0.06056       0.02559 p3_bpx_aei_ip_07_09_r6_flat
 373      41.49276     -96.99960    2210.85139       0.00328       0.06065       0.02559 p3_bpx_aei_ho_07_09_r6_flat
 374      27.60144      97.43300    2250.18168       0.00376       0.07074       0.02559 p3_bpx_aei_ip_07_09_r6_grove
 375      27.75044     -97.07081    2250.48333       0.00377       0.07080       0.02559 p3_bpx_aei_ho_07_09_r6_grove
 376      39.74984      97.43042    2332.27055       0.00436       0.08335       0.02559 p3_bpx_aei_ip_07_05_r6_cone
 377      39.94793     -97.20158    2332.56232       0.00436       0.08337       0.02559 p3_bpx_aei_ho_07_05_r6_cone
 378     -35.07515      97.39079    2345.22118       0.00441       0.08430       0.02559 p3_bpx_aei_ip_07_05_r6_grove
 379     -34.87406     -97.30781    2345.55156       0.00441       0.08432       0.02559 p3_bpx_aei_ho_07_05_r6_grove
 380     -16.79316      97.38099    2382.96992       0.00446       0.08544       0.02559 p3_bpx_aei_ip_07_05_r6_flat
 381     -16.56757     -97.32941    2383.30451       0.00446       0.08544       0.02559 p3_bpx_aei_ho_07_05_r6_flat
 382     -80.21227       4.05224     739.80000       0.00000       0.00000       0.00000 p4_aei_07_par_1
 383     -83.03377       7.56205    2041.34000      26.08587       0.00000       0.00000 p4_aei_07_par_2
 384      21.96316      -4.22650    2382.00000    2896.71936      -0.62102      -0.00125 p4_aei_07_par_3
 385      -0.31736       0.01262      -0.01944      -0.00070      -0.15467       0.07735 p4_aei_07
 386     -14.93055       0.00223      66.07232       0.02398       0.55431   -3141.51526 p4_irm_aei_07_s1_fixed
 387      15.04560       0.01351    2291.87945       0.01561      -0.17933       0.07734 p4_irm_aei_07_s2_fixed
 388      15.06945      -0.00009      66.08895       0.02398       0.55431   -3141.51526 p4_irm_aei_07_l1_fixed
 389     -14.95440       0.01584    2291.88483       0.01561      -0.17933       0.07734 p4_irm_aei_07_l2_fixed
 390     -15.13244       0.01077     477.97610       0.01529       0.38263       0.07734 p4_irl_aei_07_s1
 391      14.96424       0.00858    1879.98078       0.00701      -0.21942       0.07735 p4_irl_aei_07_s2
 392      14.78993       0.01054     950.48255      -0.00561      -0.05566       0.07735 p4_irl_aei_07_l1
 393     -15.14005       0.01012    1407.48745      -0.00316      -0.20600       0.07735 p4_irl_aei_07_l2
 394     -15.21056       0.01291     941.18409      -0.00538      -0.04898       0.07735 p4_irc_aei_07_s1
 395      14.86187       0.00777    1416.78126      -0.00299      -0.20719       0.07735 p4_irc_aei_07_s2
 396      14.85803       0.00783    1398.18128      -0.00333      -0.20477       0.07735 p4_irc_aei_07_l1
 397     -15.20953       0.01281     959.78435      -0.00582      -0.06216       0.07735 p4_irc_aei_07_l2
 398       0.10624      -0.00052      -0.01950       0.02415       0.55766       0.07734 p4_irt_aei_07_r1
 399      -0.09918       0.00825     396.98157       0.01804       0.43692       0.07734 p4_irt_aei_07_r2
 400      -0.20882       0.01219     793.98290       0.00006       0.07992       0.07735 p4_irt_aei_07_r3
 401      -0.18088       0.01004    1190.98401      -0.00669      -0.16772       0.07735 p4_irt_aei_07_r4
 402      -0.10117       0.00870    1587.98445       0.00033      -0.22248       0.07735 p4_irt_aei_07_r5
 403      -0.01321       0.01061    1984.98375       0.00972      -0.20933       0.07735 p4_irt_aei_07_r6
 404       0.06165       0.01610    2381.98145       0.01594      -0.17763       0.07734 p4_irt_aei_07_r7
 405     -36.82426      97.54648      14.37239       0.02414       0.55750       0.07734 p4_bpx_aei_ip_07_09_r1_cone
 406     -36.71038     -97.18203      14.47795       0.02414       0.55750       0.07734 p4_bpx_aei_ho_07_09_r1_cone
 407      39.08764      97.59586      16.58961       0.02414       0.55745       0.07734 p4_bpx_aei_ip_07_09_r1_flat
 408      39.20102     -97.14564      16.69828       0.02414       0.55744       0.07734 p4_bpx_aei_ho_07_09_r1_flat
 409      26.32889      97.60341      56.55865       0.02402       0.55521       0.07734 p4_bpx_aei_ip_07_09_r1_grove
 410      26.44357     -97.06700      56.67259       0.02402       0.55520       0.07734 p4_bpx_aei_ho_07_09_r1_grove
 411      23.84724      97.61486      88.44839       0.02384       0.55166       0.07734 p4_bpx_aei_ip_07_05_r1_cone
 412      23.95932     -96.98924      88.56169       0.02384       0.55165       0.07734 p4_bpx_aei_ho_07_05_r1_cone
 413     -50.62617      97.59078     103.28527       0.02373       0.54948       0.07734 p4_bpx_aei_ip_07_05_r1_grove
 414     -50.50857     -97.01663     103.39025       0.02373       0.54946       0.07734 p4_bpx_aei_ho_07_05_r1_grove
 415     -31.39862      97.60847     140.56839       0.02338       0.54251       0.07734 p4_bpx_aei_ip_07_05_r1_flat
 416     -31.28461     -96.91604     140.66490       0.02338       0.54249       0.07734 p4_bpx_aei_ho_07_05_r1_flat
 417      52.28753     -51.44969     193.27869       0.02270       0.52904       0.07734 p4_srg_aei_07_r1_315deg
 418     -55.42062       0.00834     193.24084       0.02270       0.52904       0.07734 p4_srg_aei_07_r1_rear
 419      55.45679      -0.00024     193.31030       0.02270       0.52903       0.07734 p4_srg_aei_07_r1_front
 420       0.14153     -73.10566     193.28769       0.02270       0.52903       0.07734 p4_srg_aei_07_r1_270deg
 421     -52.24633     -51.63591     193.28579       0.02270       0.52902       0.07734 p4_srg_aei_07_r1_225deg
 422     -52.19900      52.25909     193.29946       0.02270       0.52902       0.07734 p4_srg_aei_07_r1_135deg
 423      52.25040      52.24721     193.36541       0.02270       0.52902       0.07734 p4_srg_aei_07_r1_45deg
 424       0.01216      73.86105     193.34729       0.02270       0.52901       0.07734 p4_srg_aei_07_r1_90deg
 425      50.22589    -209.67542     247.87193       0.02177       0.51059       0.07734 p4_baz_aei_07_06_05_r1_cone
 426     -25.71239    -209.77083     248.54517       0.02175       0.51032       0.07734 p4_baz_aei_07_06_05_r1_grove
 427     -13.76258    -209.75590     288.76355       0.02091       0.49377       0.07734 p4_baz_aei_07_06_05_r1_flat
 428     -38.15408     -97.09158     324.61032       0.02006       0.47692       0.07734 p4_bpx_aei_ho_07_09_r2_cone
 429     -38.32098      97.51824     324.71004       0.02006       0.47687       0.07734 p4_bpx_aei_ip_07_09_r2_cone
 430      37.74333     -97.01060     327.37667       0.01999       0.47556       0.07734 p4_bpx_aei_ho_07_09_r2_flat
 431      37.56995      97.56982     327.42650       0.01999       0.47553       0.07734 p4_bpx_aei_ip_07_09_r2_flat
 432      24.70588     -97.03731     367.24547       0.01892       0.45434       0.07734 p4_bpx_aei_ho_07_09_r2_grove
 433      24.54870      97.53030     367.30652       0.01892       0.45430       0.07734 p4_bpx_aei_ip_07_09_r2_grove
 434      28.20642     -97.04475     401.80731       0.01789       0.43398       0.07734 p4_bpx_aei_ho_07_05_r2_cone
 435      28.06994      97.52236     401.86977       0.01789       0.43394       0.07734 p4_bpx_aei_ip_07_05_r2_cone
 436     -46.36535     -97.12773     416.11917       0.01743       0.42499       0.07734 p4_bpx_aei_ho_07_05_r2_grove
 437     -46.49324      97.46528     416.21602       0.01743       0.42492       0.07734 p4_bpx_aei_ip_07_05_r2_grove
 438     -27.40158     -97.09607     453.52721       0.01617       0.40007       0.07734 p4_bpx_aei_ho_07_05_r2_flat
 439     -27.50817      97.44524     453.62282       0.01617       0.40000       0.07734 p4_bpx_aei_ip_07_05_r2_flat
 440      55.42359      -0.21379     477.64241       0.01530       0.38289       0.07734 p4_irl_aei_07_r1_front
 441     -36.54189    -209.91929     548.92400       0.01247       0.32681       0.07734 p4_baz_aei_07_08_09_r1_cone
 442      37.62000    -209.78413     565.27742       0.01176       0.31287       0.07734 p4_baz_aei_07_08_09_r1_flat
 443      17.63216    -209.80738     602.15405       0.01009       0.27988       0.07735 p4_baz_aei_07_08_09_r1_grove
 444      -6.09024      42.30209     719.60703       0.00407       0.16095       0.07735 p4_slm_aei_07_surf_r1
 445     -37.27148     -97.09735     811.58327      -0.00077       0.06221       0.07735 p4_bpx_aei_ho_07_09_r3_cone
 446     -37.47024      97.57046     811.86952      -0.00079       0.06193       0.07735 p4_bpx_aei_ip_07_09_r3_cone
 447      38.59181     -97.02182     815.24595      -0.00094       0.05860       0.07735 p4_bpx_aei_ho_07_09_r3_flat
 448      38.39295      97.67809     815.48871      -0.00095       0.05837       0.07735 p4_bpx_aei_ip_07_09_r3_flat
 449      25.07993     -97.00425     854.96018      -0.00261       0.02122       0.07735 p4_bpx_aei_ho_07_09_r3_grove
 450      24.89948      97.66196     855.21298      -0.00262       0.02100       0.07735 p4_bpx_aei_ip_07_09_r3_grove
 451      27.84125     -96.97588     891.74293      -0.00394      -0.01056       0.07735 p4_bpx_aei_ho_07_05_r3_cone
 452      27.67980      97.67003     891.99809      -0.00395      -0.01077       0.07735 p4_bpx_aei_ip_07_05_r3_cone
 453     -46.90154     -97.02406     905.16723      -0.00437      -0.02148       0.07735 p4_bpx_aei_ho_07_05_r3_grove
 454     -47.05478      97.61645     905.46190      -0.00438      -0.02171       0.07735 p4_bpx_aei_ip_07_05_r3_grove
 455     -28.37738     -96.97308     942.80015      -0.00542      -0.05015       0.07735 p4_bpx_aei_ho_07_05_r3_flat
 456     -28.51141      97.64233     943.09192      -0.00543      -0.05036       0.07735 p4_bpx_aei_ip_07_05_r3_flat
 457      55.35390       0.04271     949.97601      -0.00559      -0.05530       0.07735 p4_irc_aei_07_r1_front
 458      55.44653       0.00792    1178.96061      -0.00686      -0.16489       0.07735 p4_mid_aei_07_front
 459     -36.66675     -97.02715    1240.85414      -0.00594      -0.17833       0.07735 p4_bpx_aei_ho_07_09_r4_cone
 460     -36.55888      97.63324    1240.91198      -0.00594      -0.17834       0.07735 p4_bpx_aei_ip_07_09_r4_cone
 461      39.15831     -96.94704    1245.03560      -0.00588      -0.17917       0.07735 p4_bpx_aei_ho_07_09_r4_flat
 462      39.26325      97.51085    1245.07032      -0.00588      -0.17918       0.07735 p4_bpx_aei_ip_07_09_r4_flat
 463      25.37446     -96.94250    1284.65791      -0.00525      -0.18676       0.07735 p4_bpx_aei_ho_07_09_r4_grove
 464      25.48721      97.57760    1284.70021      -0.00525      -0.18677       0.07735 p4_bpx_aei_ip_07_09_r4_grove
 465      40.76349     -96.92886    1319.05980      -0.00469      -0.19281       0.07735 p4_bpx_aei_ho_07_05_r4_cone
 466      40.88295      97.60993    1319.09909      -0.00469      -0.19281       0.07735 p4_bpx_aei_ip_07_05_r4_cone
 467     -34.07061     -96.98183    1331.96604      -0.00447      -0.19494       0.07735 p4_bpx_aei_ho_07_05_r4_grove
 468     -33.94974      97.75276    1332.02509      -0.00447      -0.19495       0.07735 p4_bpx_aei_ip_07_05_r4_grove
 469     -15.79483     -96.92760    1369.74189      -0.00383      -0.20078       0.07735 p4_bpx_aei_ho_07_05_r4_flat
 470     -15.66296      97.76259    1369.78580      -0.00382      -0.20079       0.07735 p4_bpx_aei_ip_07_05_r4_flat
 471      55.30705       0.05207    1407.47284      -0.00316      -0.20600       0.07735 p4_irc_aei_07_r2_front
 472     -28.46013    -172.47360    1465.53298      -0.00209      -0.21283       0.07735 p4_baz_aei_07_08_06_r2_grove
 473      41.91939    -172.39600    1494.07939      -0.00155      -0.21566       0.07735 p4_baz_aei_07_08_06_r2_cone
 474     -32.87337    -172.49763    1507.26001      -0.00129      -0.21685       0.07735 p4_baz_aei_07_08_06_r2_flat
 475     -26.97086      97.57887    1665.94478       0.00198      -0.22526       0.07735 p4_bpx_aei_ip_07_09_r5_cone
 476     -27.11989     -97.15212    1666.09150       0.00199      -0.22526       0.07735 p4_bpx_aei_ho_07_09_r5_cone
 477      48.85967      97.44281    1670.09818       0.00208      -0.22533       0.07735 p4_bpx_aei_ip_07_09_r5_flat
 478      48.71896     -97.05928    1670.23962       0.00208      -0.22533       0.07735 p4_bpx_aei_ho_07_09_r5_flat
 479      35.08271      97.50578    1709.72485       0.00296      -0.22567       0.07735 p4_bpx_aei_ip_07_09_r5_grove
 480      34.95610     -97.03551    1709.86766       0.00296      -0.22567       0.07735 p4_bpx_aei_ho_07_09_r5_grove
 481      47.10949      97.54322    1758.81479       0.00408      -0.22515       0.07735 p4_bpx_aei_ip_07_05_r5_cone
 482      46.98877     -97.00507    1758.95151       0.00408      -0.22514       0.07735 p4_bpx_aei_ho_07_05_r5_cone
 483     -27.72260      97.68976    1771.73239       0.00438      -0.22484       0.07735 p4_bpx_aei_ip_07_05_r5_grove
 484     -27.84323     -97.04523    1771.88236       0.00438      -0.22483       0.07735 p4_bpx_aei_ho_07_05_r5_grove
 485      -9.45093      97.68543    1809.49691       0.00528      -0.22352       0.07735 p4_bpx_aei_ip_07_05_r5_flat
 486      -9.56376     -96.99506    1809.64047       0.00528      -0.22351       0.07735 p4_bpx_aei_ho_07_05_r5_flat
 487      55.41120      -0.02605    1879.82840       0.00700      -0.21943       0.07735 p4_irl_aei_07_r2_front
 488     -13.36557      41.43011    2020.89451       0.01069      -0.20480       0.07735 p4_gim_aei_07_surf_r1
 489     -55.70402       0.06872    2115.91482       0.01308      -0.19248       0.07734 p4_srg_aei_07_r2_rear
 490      55.46958       0.00783    2115.92932       0.01308      -0.19247       0.07734 p4_srg_aei_07_r2_front
 491      52.10662      52.22679    2115.93138       0.01308      -0.19247       0.07734 p4_srg_aei_07_r2_45deg
 492     -52.29447      52.31566    2115.95158       0.01308      -0.19247       0.07734 p4_srg_aei_07_r2_135deg
 493      51.95617     -51.89730    2115.94017       0.01308      -0.19247       0.07734 p4_srg_aei_07_r2_315deg
 494      -0.11001      73.79312    2115.95985       0.01308      -0.19247       0.07734 p4_srg_aei_07_r2_90deg
 495      -0.32308     -73.28546    2115.97381       0.01308      -0.19247       0.07734 p4_srg_aei_07_r2_270deg
 496     -52.45361     -51.64643    2115.98957       0.01308      -0.19247       0.07734 p4_srg_aei_07_r2_225deg
 497     -34.46547      97.41254    2206.43772       0.01469      -0.18409       0.07734 p4_bpx_aei_ip_07_09_r6_cone
 498     -34.32916     -97.12316    2206.74295       0.01470      -0.18407       0.07734 p4_bpx_aei_ho_07_09_r6_cone
 499      41.36439      97.44854    2210.56494       0.01475      -0.18379       0.07734 p4_bpx_aei_ip_07_09_r6_flat
 500      41.50650     -96.99587    2210.84048       0.01475      -0.18377       0.07734 p4_bpx_aei_ho_07_09_r6_flat
 501      27.59652      97.44030    2250.19824       0.01523      -0.18127       0.07734 p4_bpx_aei_ip_07_09_r6_grove
 502      27.75993     -97.06591    2250.47138       0.01524      -0.18125       0.07734 p4_bpx_aei_ho_07_09_r6_grove
 503      39.73995      97.43974    2332.28623       0.01584      -0.17814       0.07734 p4_bpx_aei_ip_07_05_r6_cone
 504      39.95285     -97.19217    2332.55137       0.01584      -0.17814       0.07734 p4_bpx_aei_ho_07_05_r6_cone
 505     -35.08605      97.39153    2345.23225       0.01588      -0.17791       0.07734 p4_bpx_aei_ip_07_05_r6_grove
 506     -34.87075     -97.30378    2345.53600       0.01588      -0.17790       0.07734 p4_bpx_aei_ho_07_05_r6_grove
 507     -16.80364      97.38532    2382.98249       0.01594      -0.17763       0.07734 p4_bpx_aei_ip_07_05_r6_flat
 508     -16.56444     -97.32659    2383.28655       0.01594      -0.17763       0.07734 p4_bpx_aei_ho_07_05_r6_flat
 509     -15.00000       0.00000      66.10000       0.00000      -0.00000       1.59270 p1_irm_aei_07_s1
 510      15.00000       0.00000      66.10000       0.00000      -0.00000       1.59270 p1_irm_aei_07_l1
 511      15.00000       0.00000    2291.90000       0.00000      -0.00000   -3140.00000 p1_irm_aei_07_s2
 512     -15.00000       0.00000    2291.90000       0.00000      -0.00000   -3140.00000 p1_irm_aei_07_l2
 513     -15.08042       0.00406      66.14422       0.00403      -0.66724       1.64226 p2_irm_aei_07_s1
 514      14.91958       0.00257      66.12420       0.00403      -0.66724       1.64226 p2_irm_aei_07_l1
 515      14.95791       0.00272    2291.93977       0.00519       0.23417   -3139.95044 p2_irm_aei_07_s2
 516     -15.04209       0.00421    2291.93274       0.00519       0.23417   -3139.95044 p2_irm_aei_07_l2
 517     -14.98540       0.00464      66.09107      -0.00287       0.09527       1.61829 p3_irm_aei_07_s1
 518      15.01460       0.00387      66.09392      -0.00287       0.09527       1.61829 p3_irm_aei_07_l1
 519      14.98642       0.00068    2291.89661       0.00413       0.07857   -3139.97441 p3_irm_aei_07_s2
 520     -15.01358       0.00145    2291.89425       0.00413       0.07857   -3139.97441 p3_irm_aei_07_l2
 521     -14.93055       0.00223      66.07232       0.02398       0.55431       1.67004 p4_irm_aei_07_s1
 522      15.06945      -0.00009      66.08895       0.02398       0.55431       1.67004 p4_irm_aei_07_l1
 523      15.04560       0.01351    2291.87945       0.01561      -0.17933   -3139.92266 p4_irm_aei_07_s2
 524     -14.95440       0.01584    2291.88483       0.01561      -0.17933   -3139.92266 p4_irm_aei_07_l2
