   1       0.00000       0.00000     739.80000       0.00000       0.00000       0.00000 p1_aei_13_par_1
   2       0.00000       0.00000    2041.34000      26.08587       0.00000       0.00000 p1_aei_13_par_2
   3       0.00000       0.00000    2382.00000       0.00000       0.00000       0.00000 p1_aei_13_par_3
   4       0.00000       0.00000       0.00000       0.00000       0.00000       0.00000 p1_aei_13
   5     -15.00000       0.00000      66.10000       0.00000      -0.00000   -3141.59261 p1_irm_aei_13_s1_fixed
   6      15.00000       0.00000    2291.90000       0.00000      -0.00000       0.00000 p1_irm_aei_13_s2_fixed
   7      15.00000       0.00000      66.10000       0.00000      -0.00000   -3141.59261 p1_irm_aei_13_l1_fixed
   8     -15.00000       0.00000    2291.90000       0.00000      -0.00000       0.00000 p1_irm_aei_13_l2_fixed
   9     -15.00000       0.00000     478.00000       0.00000      -0.00000       0.00000 p1_irl_aei_13_s1
  10      15.00000       0.00000    1880.00000       0.00000      -0.00000       0.00000 p1_irl_aei_13_s2
  11      15.00000       0.00000     950.50000       0.00000      -0.00000       0.00000 p1_irl_aei_13_l1
  12     -15.00000       0.00000    1407.50000       0.00000      -0.00000       0.00000 p1_irl_aei_13_l2
  13     -15.00000       0.00000     941.20000       0.00000      -0.00000       0.00000 p1_irc_aei_13_s1
  14      15.00000       0.00000    1416.80000       0.00000      -0.00000       0.00000 p1_irc_aei_13_s2
  15      15.00000       0.00000    1398.20000       0.00000      -0.00000       0.00000 p1_irc_aei_13_l1
  16     -15.00000       0.00000     959.80000       0.00000      -0.00000       0.00000 p1_irc_aei_13_l2
  17       0.00000       0.00000       0.00000       0.00000      -0.00000       0.00000 p1_irt_aei_13_r1
  18       0.00000       0.00000     397.00000       0.00000      -0.00000       0.00000 p1_irt_aei_13_r2
  19       0.00000       0.00000     794.00000       0.00000      -0.00000       0.00000 p1_irt_aei_13_r3
  20       0.00000       0.00000    1191.00000       0.00000      -0.00000       0.00000 p1_irt_aei_13_r4
  21       0.00000       0.00000    1588.00000       0.00000      -0.00000       0.00000 p1_irt_aei_13_r5
  22       0.00000       0.00000    1985.00000       0.00000      -0.00000       0.00000 p1_irt_aei_13_r6
  23       0.00000       0.00000    2382.00000       0.00000      -0.00000       0.00000 p1_irt_aei_13_r7
  24     -36.96820      97.63340      14.46950       0.00000      -0.00000       0.00000 p1_bpx_aei_ip_13_15_r1_cone
  25     -36.71770     -97.06210      14.68260       0.00000      -0.00000       0.00000 p1_bpx_aei_ho_13_15_r1_cone
  26      38.93330      97.70830      16.64670       0.00000      -0.00000       0.00000 p1_bpx_aei_ip_13_15_r1_flat
  27      39.19300     -96.96030      16.90320       0.00000      -0.00000       0.00000 p1_bpx_aei_ho_13_15_r1_flat
  28      26.20180      97.65000      56.62250       0.00000      -0.00000       0.00000 p1_bpx_aei_ip_13_15_r1_grove
  29      26.44130     -96.93200      56.87290       0.00000      -0.00000       0.00000 p1_bpx_aei_ho_13_15_r1_grove
  30      23.73390      97.62890      88.51110       0.00000      -0.00000       0.00000 p1_bpx_aei_ip_13_11_r1_cone
  31      23.95820     -96.90850      88.76610       0.00000      -0.00000       0.00000 p1_bpx_aei_ho_13_11_r1_cone
  32     -50.73310      97.56210     103.37970       0.00000      -0.00000       0.00000 p1_bpx_aei_ip_13_11_r1_grove
  33     -50.51600     -97.00100     103.59360       0.00000      -0.00000       0.00000 p1_bpx_aei_ho_13_11_r1_grove
  34     -31.48820      97.54640     140.64300       0.00000      -0.00000       0.00000 p1_bpx_aei_ip_13_11_r1_flat
  35     -31.29590     -96.91850     140.87350       0.00000      -0.00000       0.00000 p1_bpx_aei_ho_13_11_r1_flat
  36      55.45650       0.00000     193.30000       0.00000      -0.00000       0.00000 p1_srg_aei_13_r1_front
  37      52.15930      52.28890     193.32460       0.00000      -0.00000       0.00000 p1_srg_aei_13_r1_45deg
  38      -0.01650      73.84900     193.33270       0.00000      -0.00000       0.00000 p1_srg_aei_13_r1_90deg
  39     -52.23270      52.24820     193.37650       0.00000      -0.00000       0.00000 p1_srg_aei_13_r1_135deg
  40     -52.14190     -51.76730     193.39010       0.00000      -0.00000       0.00000 p1_srg_aei_13_r1_225deg
  41     -55.53480       0.00000     193.41330       0.00000      -0.00000       0.00000 p1_srg_aei_13_r1_rear
  42      52.34220     -51.44310     193.42730       0.00000      -0.00000       0.00000 p1_srg_aei_13_r1_315deg
  43       0.14330     -73.19800     193.43420       0.00000      -0.00000       0.00000 p1_srg_aei_13_r1_270deg
  44      50.24160    -209.66830     248.60530       0.00000      -0.00000       0.00000 p1_baz_aei_13_12_11_r1_cone
  45     -25.70790    -209.77690     249.26930       0.00000      -0.00000       0.00000 p1_baz_aei_13_12_11_r1_grove
  46     -13.75740    -209.74130     289.48410       0.00000      -0.00000       0.00000 p1_baz_aei_13_12_11_r1_flat
  47     -38.34380      97.48460     324.64240       0.00000      -0.00000       0.00000 p1_bpx_aei_ip_13_15_r2_cone
  48     -38.16680     -97.08050     324.78820       0.00000      -0.00000       0.00000 p1_bpx_aei_ho_13_15_r2_cone
  49      37.55120      97.56410     327.38900       0.00000      -0.00000       0.00000 p1_bpx_aei_ip_13_15_r2_flat
  50      37.72490     -97.01030     327.55800       0.00000      -0.00000       0.00000 p1_bpx_aei_ho_13_15_r2_flat
  51      24.51280      97.58990     367.26200       0.00000      -0.00000       0.00000 p1_bpx_aei_ip_13_15_r2_grove
  52      24.68040     -96.96820     367.42420       0.00000      -0.00000       0.00000 p1_bpx_aei_ho_13_15_r2_grove
  53      28.02400      97.64540     401.82200       0.00000      -0.00000       0.00000 p1_bpx_aei_ip_13_11_r2_cone
  54      28.17520     -96.93190     401.99200       0.00000      -0.00000       0.00000 p1_bpx_aei_ho_13_11_r2_cone
  55     -46.54810      97.61100     416.14230       0.00000      -0.00000       0.00000 p1_bpx_aei_ip_13_11_r2_grove
  56     -46.39750     -96.96660     416.28270       0.00000      -0.00000       0.00000 p1_bpx_aei_ho_13_11_r2_grove
  57     -27.57820      97.65580     453.55120       0.00000      -0.00000       0.00000 p1_bpx_aei_ip_13_11_r2_flat
  58     -27.43750     -96.87940     453.70060       0.00000      -0.00000       0.00000 p1_bpx_aei_ho_13_11_r2_flat
  59      55.37590       0.01680     478.14650       0.00000      -0.00000       0.00000 p1_irl_aei_13_r1_front
  60     -36.63790    -209.79510     549.32980       0.00000      -0.00000       0.00000 p1_baz_aei_13_14_15_r1_cone
  61      37.52890    -209.67210     565.69470       0.00000      -0.00000       0.00000 p1_baz_aei_13_14_15_r1_flat
  62      17.53040    -209.71440     602.56540       0.00000      -0.00000       0.00000 p1_baz_aei_13_14_15_r1_grove
  63      -5.90310      42.28710     720.15530       0.00000      -0.00000       0.00000 p1_slm_aei_13_surf_r1
  64     -37.61530      97.50950     811.81250       0.00000      -0.00000       0.00000 p1_bpx_aei_ip_13_15_r3_cone
  65     -37.42610     -97.10270     812.03360       0.00000      -0.00000       0.00000 p1_bpx_aei_ho_13_15_r3_cone
  66      38.23900      97.58660     815.40930       0.00000      -0.00000       0.00000 p1_bpx_aei_ip_13_15_r3_flat
  67      38.43040     -97.01830     815.68080       0.00000      -0.00000       0.00000 p1_bpx_aei_ho_13_15_r3_flat
  68      24.75930      97.57840     855.13810       0.00000      -0.00000       0.00000 p1_bpx_aei_ip_13_15_r3_grove
  69      24.93290     -96.99380     855.39630       0.00000      -0.00000       0.00000 p1_bpx_aei_ho_13_15_r3_grove
  70      27.54690      97.59450     891.91880       0.00000      -0.00000       0.00000 p1_bpx_aei_ip_13_11_r3_cone
  71      27.70360     -96.95650     892.17770       0.00000      -0.00000       0.00000 p1_bpx_aei_ho_13_11_r3_cone
  72     -47.18700      97.55820     905.40580       0.00000      -0.00000       0.00000 p1_bpx_aei_ip_13_11_r3_grove
  73     -47.03700     -97.00370     905.62060       0.00000      -0.00000       0.00000 p1_bpx_aei_ho_13_11_r3_grove
  74     -28.63480      97.56670     943.02250       0.00000      -0.00000       0.00000 p1_bpx_aei_ip_13_11_r3_flat
  75     -28.50520     -96.93240     943.24840       0.00000      -0.00000       0.00000 p1_bpx_aei_ho_13_11_r3_flat
  76      55.31430       0.05310     950.74530       0.00000      -0.00000       0.00000 p1_irc_aei_13_r1_front
  77      55.23690      -0.04650    1179.18550       0.00000      -0.00000       0.00000 p1_mid_aei_13_front
  78     -36.66110      97.59300    1241.04590       0.00000      -0.00000       0.00000 p1_bpx_aei_ip_13_15_r4_cone
  79     -36.80760     -97.02960    1241.36160       0.00000      -0.00000       0.00000 p1_bpx_aei_ho_13_15_r4_cone
  80      39.15380      97.47080    1245.13180       0.00000      -0.00000       0.00000 p1_bpx_aei_ip_13_15_r4_flat
  81      39.02180     -96.95400    1245.48610       0.00000      -0.00000       0.00000 p1_bpx_aei_ho_13_15_r4_flat
  82      25.43050      97.51170    1284.77020       0.00000      -0.00000       0.00000 p1_bpx_aei_ip_13_15_r4_grove
  83      25.26000     -96.92780    1285.11950       0.00000      -0.00000       0.00000 p1_bpx_aei_ho_13_15_r4_grove
  84      40.85600      97.52980    1319.15720       0.00000      -0.00000       0.00000 p1_bpx_aei_ip_13_11_r4_cone
  85      40.68090     -96.90660    1319.50950       0.00000      -0.00000       0.00000 p1_bpx_aei_ho_13_11_r4_cone
  86     -33.96010      97.68900    1332.15060       0.00000      -0.00000       0.00000 p1_bpx_aei_ip_13_11_r4_grove
  87     -34.14200     -96.93340    1332.46630       0.00000      -0.00000       0.00000 p1_bpx_aei_ho_13_11_r4_grove
  88     -15.64320      97.67990    1369.90200       0.00000      -0.00000       0.00000 p1_bpx_aei_ip_13_11_r4_flat
  89     -15.84140     -96.87960    1370.22920       0.00000      -0.00000       0.00000 p1_bpx_aei_ho_13_11_r4_flat
  90      55.39830       0.10540    1407.96540       0.00000      -0.00000       0.00000 p1_irc_aei_13_r2_front
  91     -28.52730    -172.35690    1466.00730       0.00000      -0.00000       0.00000 p1_baz_aei_13_14_12_r2_grove
  92      41.86250    -172.30630    1494.53970       0.00000      -0.00000       0.00000 p1_baz_aei_13_14_12_r2_cone
  93     -32.91990    -172.40150    1507.73580       0.00000      -0.00000       0.00000 p1_baz_aei_13_14_12_r2_flat
  94     -27.28320      97.49100    1666.23690       0.00000      -0.00000       0.00000 p1_bpx_aei_ip_13_15_r5_cone
  95     -27.19850     -97.07120    1666.46240       0.00000      -0.00000       0.00000 p1_bpx_aei_ho_13_15_r5_cone
  96      48.55330      97.51320    1670.34170       0.00000      -0.00000       0.00000 p1_bpx_aei_ip_13_15_r5_flat
  97      48.64590     -96.99000    1670.54940       0.00000      -0.00000       0.00000 p1_bpx_aei_ho_13_15_r5_flat
  98      34.80010      97.50710    1709.97400       0.00000      -0.00000       0.00000 p1_bpx_aei_ip_13_15_r5_grove
  99      34.90540     -96.97860    1710.19050       0.00000      -0.00000       0.00000 p1_bpx_aei_ho_13_15_r5_grove
 100      46.86130      97.52060    1759.05650       0.00000      -0.00000       0.00000 p1_bpx_aei_ip_13_11_r5_cone
 101      46.97660     -96.95170    1759.26840       0.00000      -0.00000       0.00000 p1_bpx_aei_ho_13_11_r5_cone
 102     -27.96340      97.49810    1772.02800       0.00000      -0.00000       0.00000 p1_bpx_aei_ip_13_11_r5_grove
 103     -27.84270     -97.00880    1772.25490       0.00000      -0.00000       0.00000 p1_bpx_aei_ho_13_11_r5_grove
 104      -9.66110      97.49270    1809.77610       0.00000      -0.00000       0.00000 p1_bpx_aei_ip_13_11_r5_flat
 105      -9.53520     -96.96100    1810.00080       0.00000      -0.00000       0.00000 p1_bpx_aei_ho_13_11_r5_flat
 106      55.38770      -0.09990    1880.42470       0.00000      -0.00000       0.00000 p1_irl_aei_13_r2_front
 107     -13.36800      41.42080    2021.25010       0.00000      -0.00000       0.00000 p1_gim_aei_13_surf_r1
 108     -52.54610     -51.44130    2116.22180       0.00000      -0.00000       0.00000 p1_srg_aei_13_r2_225deg
 109      51.84060     -51.93980    2116.23550       0.00000      -0.00000       0.00000 p1_srg_aei_13_r2_315deg
 110       0.02620      73.84480    2116.25970       0.00000      -0.00000       0.00000 p1_srg_aei_13_r2_90deg
 111     -52.21330      52.38690    2116.26370       0.00000      -0.00000       0.00000 p1_srg_aei_13_r2_135deg
 112      -0.42990     -73.21830    2116.28360       0.00000      -0.00000       0.00000 p1_srg_aei_13_r2_270deg
 113     -55.66340       0.10850    2116.29720       0.00000      -0.00000       0.00000 p1_srg_aei_13_r2_rear
 114      52.19340      52.21760    2116.30970       0.00000      -0.00000       0.00000 p1_srg_aei_13_r2_45deg
 115      55.45650       0.00000    2116.35160       0.00000      -0.00000       0.00000 p1_srg_aei_13_r2_front
 116     -34.47460      97.65990    2206.73150       0.00000      -0.00000       0.00000 p1_bpx_aei_ip_13_15_r6_cone
 117     -34.30310     -96.92940    2207.07630       0.00000      -0.00000       0.00000 p1_bpx_aei_ho_13_15_r6_cone
 118      41.35990      97.67710    2210.82430       0.00000      -0.00000       0.00000 p1_bpx_aei_ip_13_15_r6_flat
 119      41.52070     -96.81150    2211.15790       0.00000      -0.00000       0.00000 p1_bpx_aei_ho_13_15_r6_flat
 120      27.61060      97.65940    2250.46340       0.00000      -0.00000       0.00000 p1_bpx_aei_ip_13_15_r6_grove
 121      27.77560     -96.84510    2250.79360       0.00000      -0.00000       0.00000 p1_bpx_aei_ho_13_15_r6_grove
 122      39.79580      97.65420    2332.54700       0.00000      -0.00000       0.00000 p1_bpx_aei_ip_13_11_r6_cone
 123      39.97270     -96.87270    2332.88260       0.00000      -0.00000       0.00000 p1_bpx_aei_ho_13_11_r6_cone
 124     -35.02660      97.61950    2345.52660       0.00000      -0.00000       0.00000 p1_bpx_aei_ip_13_11_r6_grove
 125     -34.84910     -96.95880    2345.86160       0.00000      -0.00000       0.00000 p1_bpx_aei_ho_13_11_r6_grove
 126     -16.72230      97.60800    2383.27330       0.00000      -0.00000       0.00000 p1_bpx_aei_ip_13_11_r6_flat
 127     -16.54750     -96.94130    2383.61460       0.00000      -0.00000       0.00000 p1_bpx_aei_ho_13_11_r6_flat
 128      98.92448      -0.31357     739.80000       0.00000       0.00000       0.00000 p2_aei_13_par_1
 129     134.99596      -0.07507    2041.34000      26.08587       0.00000       0.00000 p2_aei_13_par_2
 130      -5.04719       1.11933    2382.00000    1188.33602       0.31638       0.00010 p2_aei_13_par_3
 131       0.36883      -0.00023       0.03027       0.00068       0.17183       0.03036 p2_aei_13
 132     -15.08358       0.00111      66.14028      -0.00116      -0.66784   -3141.56225 p2_irm_aei_13_s1_fixed
 133      14.95902       0.00012    2291.93755      -0.00279       0.23356       0.03036 p2_irm_aei_13_s2_fixed
 134      14.91642       0.00020      66.12024      -0.00116      -0.66784   -3141.56225 p2_irm_aei_13_l1_fixed
 135     -15.04098       0.00103    2291.93054      -0.00279       0.23356       0.03036 p2_irm_aei_13_l2_fixed
 136     -14.84110       0.00074     478.03757      -0.00048      -0.45611       0.03036 p2_irl_aei_13_s1
 137      15.05687       0.00088    1880.03660      -0.00058       0.24139       0.03036 p2_irl_aei_13_s2
 138      15.24766       0.00000     950.53250       0.00120       0.07784       0.03036 p2_irl_aei_13_l1
 139     -14.83271       0.00155    1407.52876       0.00127       0.21833       0.03036 p2_irl_aei_13_l2
 140     -14.75165       0.00090     941.23026       0.00118       0.07017       0.03036 p2_irc_aei_13_s1
 141      15.16525       0.00065    1416.83534       0.00125       0.21923       0.03036 p2_irc_aei_13_s2
 142      15.16932       0.00063    1398.23528       0.00129       0.21742       0.03036 p2_irc_aei_13_l1
 143     -14.75310       0.00092     959.83006       0.00122       0.08526       0.03036 p2_irc_aei_13_l2
 144      -0.12791       0.00073       0.03019      -0.00118      -0.67197       0.03036 p2_irt_aei_13_r1
 145       0.11916       0.00033     397.03063      -0.00070      -0.52307       0.03036 p2_irt_aei_13_r2
 146       0.24813       0.00030     794.03112       0.00071      -0.08323       0.03036 p2_irt_aei_13_r3
 147       0.21193       0.00079    1191.03168       0.00148       0.19245       0.03036 p2_irt_aei_13_r4
 148       0.12650       0.00128    1588.03237       0.00079       0.23255       0.03036 p2_irt_aei_13_r5
 149       0.03157       0.00124    1985.03323      -0.00124       0.24029       0.03036 p2_irt_aei_13_r6
 150      -0.06200       0.00032    2382.03431      -0.00288       0.23317       0.03036 p2_irt_aei_13_r7
 151     -36.97016      97.63183      14.46647      -0.00117      -0.67178       0.03036 p2_bpx_aei_ip_13_15_r1_cone
 152     -36.71903     -97.06207      14.68498      -0.00117      -0.67177       0.03036 p2_bpx_aei_ho_13_15_r1_cone
 153      38.93135      97.70863      16.64539      -0.00117      -0.67171       0.03036 p2_bpx_aei_ip_13_15_r1_flat
 154      39.19131     -96.95818      16.90349      -0.00117      -0.67170       0.03036 p2_bpx_aei_ho_13_15_r1_flat
 155      26.20114      97.65177      56.62008      -0.00117      -0.66894       0.03036 p2_bpx_aei_ip_13_15_r1_grove
 156      26.43871     -96.93244      56.87569      -0.00117      -0.66892       0.03036 p2_bpx_aei_ho_13_15_r1_grove
 157      23.73371      97.62771      88.50938      -0.00115      -0.66457       0.03036 p2_bpx_aei_ip_13_11_r1_cone
 158      23.95737     -96.91060      88.76691      -0.00115      -0.66453       0.03036 p2_bpx_aei_ho_13_11_r1_cone
 159     -50.73147      97.57565     103.37985      -0.00114      -0.66189       0.03036 p2_bpx_aei_ip_13_11_r1_grove
 160     -50.51654     -97.00286     103.59529      -0.00114      -0.66184       0.03036 p2_bpx_aei_ho_13_11_r1_grove
 161     -31.48655      97.54682     140.64250      -0.00112      -0.65330       0.03036 p2_bpx_aei_ip_13_11_r1_flat
 162     -31.29490     -96.92258     140.87375      -0.00112      -0.65324       0.03036 p2_bpx_aei_ho_13_11_r1_flat
 163      55.45622      -0.00117     193.29509      -0.00106      -0.63667       0.03036 p2_srg_aei_13_r1_front
 164      -0.01474      73.84941     193.33309      -0.00106      -0.63667       0.03036 p2_srg_aei_13_r1_90deg
 165     -52.23210      52.24750     193.37741      -0.00106      -0.63667       0.03036 p2_srg_aei_13_r1_135deg
 166      52.15982      52.28713     193.32295      -0.00106      -0.63666       0.03036 p2_srg_aei_13_r1_45deg
 167     -52.14315     -51.76640     193.39444      -0.00106      -0.63666       0.03036 p2_srg_aei_13_r1_225deg
 168     -55.53366       0.00220     193.41476      -0.00106      -0.63665       0.03036 p2_srg_aei_13_r1_rear
 169       0.14446     -73.19539     193.43623      -0.00106      -0.63663       0.03036 p2_srg_aei_13_r1_270deg
 170      52.34224     -51.44318     193.43002      -0.00106      -0.63662       0.03036 p2_srg_aei_13_r1_315deg
 171      50.24225    -209.66817     248.60685      -0.00099      -0.61358       0.03036 p2_baz_aei_13_12_11_r1_cone
 172     -25.70728    -209.77366     249.27124      -0.00099      -0.61329       0.03036 p2_baz_aei_13_12_11_r1_grove
 173     -13.75731    -209.73846     289.48711      -0.00092      -0.59282       0.03036 p2_baz_aei_13_12_11_r1_flat
 174     -38.34350      97.48465     324.64293      -0.00086      -0.57243       0.03036 p2_bpx_aei_ip_13_15_r2_cone
 175     -38.16403     -97.08075     324.78936      -0.00086      -0.57234       0.03036 p2_bpx_aei_ho_13_15_r2_cone
 176      37.55240      97.56375     327.38775      -0.00085      -0.57072       0.03036 p2_bpx_aei_ip_13_15_r2_flat
 177      37.72559     -97.01156     327.55769      -0.00085      -0.57061       0.03036 p2_bpx_aei_ho_13_15_r2_flat
 178      24.51434      97.59081     367.25958      -0.00077      -0.54455       0.03036 p2_bpx_aei_ip_13_15_r2_grove
 179      24.68212     -96.97140     367.42524      -0.00077      -0.54444       0.03036 p2_bpx_aei_ho_13_15_r2_grove
 180      28.02684      97.64418     401.82261      -0.00069      -0.51944       0.03036 p2_bpx_aei_ip_13_11_r2_cone
 181      28.17632     -96.93203     401.99360      -0.00069      -0.51931       0.03036 p2_bpx_aei_ho_13_11_r2_cone
 182     -46.54483      97.61293     416.14175      -0.00065      -0.50841       0.03036 p2_bpx_aei_ip_13_11_r2_grove
 183     -46.39557     -96.97047     416.28164      -0.00065      -0.50830       0.03036 p2_bpx_aei_ho_13_11_r2_grove
 184     -27.57787      97.65734     453.54780      -0.00055      -0.47767       0.03036 p2_bpx_aei_ip_13_11_r2_flat
 185     -27.43791     -96.88027     453.70042      -0.00055      -0.47754       0.03036 p2_bpx_aei_ho_13_11_r2_flat
 186      55.37767       0.01580     478.14505      -0.00048      -0.45598       0.03036 p2_irl_aei_13_r1_front
 187     -36.63776    -209.79403     549.33031      -0.00026      -0.38692       0.03036 p2_baz_aei_13_14_15_r1_cone
 188      37.52935    -209.67378     565.69389      -0.00021      -0.36966       0.03036 p2_baz_aei_13_14_15_r1_flat
 189      17.53023    -209.71188     602.56696      -0.00008      -0.32897       0.03036 p2_baz_aei_13_14_15_r1_grove
 190      -5.66312      42.28834     720.15488       0.00039      -0.18204       0.03036 p2_slm_aei_13_surf_r1
 191     -37.61983      97.50977     811.81440       0.00078      -0.06149       0.03036 p2_bpx_aei_ip_13_15_r3_cone
 192     -37.42902     -97.10464     812.03653       0.00078      -0.06123       0.03036 p2_bpx_aei_ho_13_15_r3_cone
 193      38.23469      97.58177     815.40550       0.00079      -0.05720       0.03036 p2_bpx_aei_ip_13_15_r3_flat
 194      38.43360     -97.02214     815.67865       0.00079      -0.05688       0.03036 p2_bpx_aei_ho_13_15_r3_flat
 195      24.75635      97.57951     855.13631       0.00093      -0.01222       0.03036 p2_bpx_aei_ip_13_15_r3_grove
 196      24.93135     -96.99700     855.39670       0.00093      -0.01194       0.03036 p2_bpx_aei_ho_13_15_r3_grove
 197      27.54510      97.59316     891.91874       0.00104       0.02550       0.03036 p2_bpx_aei_ip_13_11_r3_cone
 198      27.70418     -96.95384     892.17976       0.00104       0.02576       0.03036 p2_bpx_aei_ho_13_11_r3_cone
 199     -47.18884      97.55834     905.40214       0.00108       0.03839       0.03036 p2_bpx_aei_ip_13_11_r3_grove
 200     -47.03545     -96.99916     905.61875       0.00108       0.03859       0.03036 p2_bpx_aei_ho_13_11_r3_grove
 201     -28.63732      97.56882     943.02043       0.00118       0.07167       0.03036 p2_bpx_aei_ip_13_11_r3_flat
 202     -28.51014     -96.93608     943.24767       0.00118       0.07185       0.03036 p2_bpx_aei_ho_13_11_r3_flat
 203      55.31094       0.05258     950.74532       0.00120       0.07801       0.03036 p2_irc_aei_13_r1_front
 204      55.23820      -0.04300    1179.18575       0.00148       0.19057       0.03036 p2_mid_aei_13_front
 205     -36.65951      97.59228    1241.04637       0.00146       0.19928       0.03036 p2_bpx_aei_ip_13_15_r4_cone
 206     -36.80818     -97.02641    1241.36212       0.00146       0.19932       0.03036 p2_bpx_aei_ho_13_15_r4_cone
 207      39.15618      97.46469    1245.13010       0.00146       0.19982       0.03036 p2_bpx_aei_ip_13_15_r4_flat
 208      39.02260     -96.95421    1245.48677       0.00146       0.19986       0.03036 p2_bpx_aei_ho_13_15_r4_flat
 209      25.43086      97.51026    1284.76896       0.00144       0.20483       0.03036 p2_bpx_aei_ip_13_15_r4_grove
 210      25.26438     -96.93233    1285.11880       0.00144       0.20488       0.03036 p2_bpx_aei_ho_13_15_r4_grove
 211      40.85604      97.53094    1319.15905       0.00140       0.20893       0.03036 p2_bpx_aei_ip_13_11_r4_cone
 212      40.68167     -96.90365    1319.51108       0.00140       0.20897       0.03036 p2_bpx_aei_ho_13_11_r4_cone
 213     -33.95948      97.68783    1332.15079       0.00139       0.21041       0.03036 p2_bpx_aei_ip_13_11_r4_grove
 214     -34.14036     -96.93346    1332.47192       0.00139       0.21045       0.03036 p2_bpx_aei_ho_13_11_r4_grove
 215     -15.64290      97.68152    1369.90225       0.00133       0.21452       0.03036 p2_bpx_aei_ip_13_11_r4_flat
 216     -15.83918     -96.87997    1370.22936       0.00133       0.21456       0.03036 p2_bpx_aei_ho_13_11_r4_flat
 217      55.39590       0.10482    1407.96740       0.00127       0.21837       0.03036 p2_irc_aei_13_r2_front
 218     -28.52647    -172.35387    1466.00752       0.00114       0.22367       0.03036 p2_baz_aei_13_14_12_r2_grove
 219      41.86192    -172.30287    1494.54250       0.00107       0.22602       0.03036 p2_baz_aei_13_14_12_r2_cone
 220     -32.92008    -172.39779    1507.73549       0.00104       0.22705       0.03036 p2_baz_aei_13_14_12_r2_flat
 221     -27.28360      97.49117    1666.23739       0.00049       0.23664       0.03036 p2_bpx_aei_ip_13_15_r5_cone
 222     -27.19766     -97.07144    1666.46271       0.00049       0.23665       0.03036 p2_bpx_aei_ho_13_15_r5_cone
 223      48.55073      97.51227    1670.34016       0.00048       0.23682       0.03036 p2_bpx_aei_ip_13_15_r5_flat
 224      48.64618     -96.98764    1670.54847       0.00048       0.23682       0.03036 p2_bpx_aei_ho_13_15_r5_flat
 225      34.80031      97.50600    1709.97415       0.00031       0.23837       0.03036 p2_bpx_aei_ip_13_15_r5_grove
 226      34.90556     -96.97771    1710.19064       0.00031       0.23838       0.03036 p2_bpx_aei_ho_13_15_r5_grove
 227      46.86068      97.51974    1759.05703       0.00008       0.23985       0.03036 p2_bpx_aei_ip_13_11_r5_cone
 228      46.97572     -96.95186    1759.26827       0.00008       0.23986       0.03036 p2_bpx_aei_ho_13_11_r5_cone
 229     -27.96154      97.49621    1772.02611       0.00001       0.24016       0.03036 p2_bpx_aei_ip_13_11_r5_grove
 230     -27.84370     -97.00889    1772.25434       0.00001       0.24017       0.03036 p2_bpx_aei_ho_13_11_r5_grove
 231      -9.66242      97.49065    1809.77730      -0.00018       0.24086       0.03036 p2_bpx_aei_ip_13_11_r5_flat
 232      -9.53558     -96.95975    1809.99979      -0.00018       0.24087       0.03036 p2_bpx_aei_ho_13_11_r5_flat
 233      55.38718      -0.09975    1880.42604      -0.00058       0.24139       0.03036 p2_irl_aei_13_r2_front
 234     -13.34386      41.42269    2021.25058      -0.00150       0.23939       0.03036 p2_gim_aei_13_surf_r1
 235      51.83850     -51.94056    2116.23291      -0.00213       0.23658       0.03036 p2_srg_aei_13_r2_315deg
 236     -52.54698     -51.44069    2116.21992      -0.00213       0.23658       0.03036 p2_srg_aei_13_r2_225deg
 237       0.02432      73.84301    2116.25892      -0.00213       0.23658       0.03036 p2_srg_aei_13_r2_90deg
 238     -52.21454      52.38830    2116.26272      -0.00213       0.23658       0.03036 p2_srg_aei_13_r2_135deg
 239      -0.43266     -73.22007    2116.28210      -0.00213       0.23658       0.03036 p2_srg_aei_13_r2_270deg
 240      52.19355      52.21793    2116.30952      -0.00213       0.23658       0.03036 p2_srg_aei_13_r2_45deg
 241     -55.66093       0.10930    2116.29869      -0.00213       0.23658       0.03036 p2_srg_aei_13_r2_rear
 242      55.45675      -0.00067    2116.34838      -0.00213       0.23658       0.03036 p2_srg_aei_13_r2_front
 243     -34.47647      97.66165    2206.72987      -0.00255       0.23465       0.03036 p2_bpx_aei_ip_13_15_r6_cone
 244     -34.30296     -96.92746    2207.07661      -0.00255       0.23465       0.03036 p2_bpx_aei_ho_13_15_r6_cone
 245      41.35977      97.67613    2210.82267      -0.00257       0.23459       0.03036 p2_bpx_aei_ip_13_15_r6_flat
 246      41.52159     -96.81067    2211.15801      -0.00257       0.23458       0.03036 p2_bpx_aei_ho_13_15_r6_flat
 247      27.61168      97.65875    2250.46096      -0.00270       0.23401       0.03036 p2_bpx_aei_ip_13_15_r6_grove
 248      27.77610     -96.84526    2250.79337      -0.00270       0.23400       0.03036 p2_bpx_aei_ho_13_15_r6_grove
 249      39.79581      97.65305    2332.54403      -0.00285       0.23329       0.03036 p2_bpx_aei_ip_13_11_r6_cone
 250      39.97072     -96.87236    2332.88472      -0.00285       0.23329       0.03036 p2_bpx_aei_ho_13_11_r6_cone
 251     -35.02452      97.62018    2345.52742      -0.00287       0.23324       0.03036 p2_bpx_aei_ip_13_11_r6_grove
 252     -34.85011     -96.95952    2345.86281      -0.00287       0.23324       0.03036 p2_bpx_aei_ho_13_11_r6_grove
 253     -16.72253      97.60452    2383.27281      -0.00288       0.23317       0.03036 p2_bpx_aei_ip_13_11_r6_flat
 254     -16.54731     -96.94189    2383.61819      -0.00288       0.23317       0.03036 p2_bpx_aei_ho_13_11_r6_flat
 255       2.53036      -0.28674     739.80000       0.00000       0.00000       0.00000 p3_aei_13_par_1
 256     143.95218       1.15293    2041.34000      26.08587       0.00000       0.00000 p3_aei_13_par_2
 257      90.53729       2.20928    2382.00000    2033.02697       0.29696      -0.00007 p3_aei_13_par_3
 258      -0.08594       0.00054      -0.00994       0.00163      -0.04179       0.04095 p3_aei_13
 259     -14.98953       0.00255      66.08877      -0.00082       0.09248   -3141.55166 p3_irm_aei_13_s1_fixed
 260      14.98921       0.00245    2291.89646      -0.00411       0.07810       0.04095 p3_irm_aei_13_s2_fixed
 261      15.01047       0.00132      66.09155      -0.00082       0.09248   -3141.55166 p3_irm_aei_13_l1_fixed
 262     -15.01079       0.00368    2291.89411      -0.00411       0.07810       0.04095 p3_irm_aei_13_l2_fixed
 263     -15.02846       0.00230     477.98944      -0.00021       0.09790       0.04095 p3_irl_aei_13_s1
 264      14.99020       0.00337    1879.99282       0.00020      -0.09233       0.04095 p3_irl_aei_13_s2
 265      14.92406       0.00136     950.49316       0.00152       0.08270       0.04095 p3_irl_aei_13_l1
 266     -15.07013       0.00368    1407.49468       0.00290      -0.11175       0.04095 p3_irl_aei_13_l2
 267     -15.07516       0.00257     941.19062       0.00149       0.08500       0.04095 p3_irc_aei_13_s1
 268      14.93092       0.00247    1416.79131       0.00289      -0.11433       0.04095 p3_irc_aei_13_s2
 269      14.92884       0.00242    1398.19135       0.00290      -0.10904       0.04095 p3_irc_aei_13_l1
 270     -15.07669       0.00260     959.79074       0.00156       0.08029       0.04095 p3_irc_aei_13_l2
 271       0.01657       0.00199      -0.00995      -0.00083       0.09238       0.04095 p3_irt_aei_13_r1
 272      -0.02060       0.00171     396.99075      -0.00040       0.09619       0.04095 p3_irt_aei_13_r2
 273      -0.06077       0.00178     793.99157       0.00089       0.10553       0.04095 p3_irt_aei_13_r3
 274      -0.08533       0.00246    1190.99248       0.00251      -0.01784       0.04095 p3_irt_aei_13_r4
 275      -0.04668       0.00355    1587.99346       0.00244      -0.14065       0.04095 p3_irt_aei_13_r5
 276      -0.00240       0.00394    1984.99448      -0.00106      -0.04622       0.04095 p3_irt_aei_13_r6
 277      -0.01825       0.00268    2381.99552      -0.00428       0.08512       0.04095 p3_irt_aei_13_r7
 278     -36.96797      97.63269      14.46704      -0.00083       0.09238       0.04095 p3_bpx_aei_ip_13_15_r1_cone
 279     -36.71846     -97.06242      14.68620      -0.00083       0.09238       0.04095 p3_bpx_aei_ho_13_15_r1_cone
 280      38.93214      97.70978      16.64696      -0.00083       0.09239       0.04095 p3_bpx_aei_ip_13_15_r1_flat
 281      39.19254     -96.96023      16.90512      -0.00083       0.09239       0.04095 p3_bpx_aei_ho_13_15_r1_flat
 282      26.20224      97.65227      56.61985      -0.00082       0.09246       0.04095 p3_bpx_aei_ip_13_15_r1_grove
 283      26.43975     -96.93304      56.87491      -0.00082       0.09246       0.04095 p3_bpx_aei_ho_13_15_r1_grove
 284      23.73299      97.61604      88.50947      -0.00081       0.09257       0.04095 p3_bpx_aei_ip_13_11_r1_cone
 285      23.95760     -96.90867      88.76694      -0.00081       0.09257       0.04095 p3_bpx_aei_ho_13_11_r1_cone
 286     -50.73149      97.57648     103.37850      -0.00080       0.09264       0.04095 p3_bpx_aei_ip_13_11_r1_grove
 287     -50.51648     -96.99853     103.59396      -0.00080       0.09264       0.04095 p3_bpx_aei_ho_13_11_r1_grove
 288     -31.48725      97.54706     140.64344      -0.00078       0.09286       0.04095 p3_bpx_aei_ip_13_11_r1_flat
 289     -31.29593     -96.91955     140.87310      -0.00078       0.09286       0.04095 p3_bpx_aei_ho_13_11_r1_flat
 290      55.45516      -0.00044     193.29555      -0.00073       0.09328       0.04095 p3_srg_aei_13_r1_front
 291      52.16000      52.28710     193.32348      -0.00073       0.09328       0.04095 p3_srg_aei_13_r1_45deg
 292      -0.01502      73.84773     193.33223      -0.00073       0.09328       0.04095 p3_srg_aei_13_r1_90deg
 293     -52.23351      52.25007     193.37624      -0.00073       0.09328       0.04095 p3_srg_aei_13_r1_135deg
 294     -52.14367     -51.76573     193.39228      -0.00073       0.09328       0.04095 p3_srg_aei_13_r1_225deg
 295     -55.53535       0.00411     193.41730      -0.00073       0.09328       0.04095 p3_srg_aei_13_r1_rear
 296      52.34134     -51.44301     193.43062      -0.00073       0.09328       0.04095 p3_srg_aei_13_r1_315deg
 297       0.14275     -73.19627     193.43644      -0.00073       0.09328       0.04095 p3_srg_aei_13_r1_270deg
 298      50.24020    -209.66916     248.60625      -0.00066       0.09387       0.04095 p3_baz_aei_13_12_11_r1_cone
 299     -25.70747    -209.77305     249.27103      -0.00066       0.09388       0.04095 p3_baz_aei_13_12_11_r1_grove
 300     -13.75875    -209.73957     289.48533      -0.00060       0.09440       0.04095 p3_baz_aei_13_12_11_r1_flat
 301     -38.34300      97.48492     324.64113      -0.00054       0.09493       0.04095 p3_bpx_aei_ip_13_15_r2_cone
 302     -38.16598     -97.08189     324.78804      -0.00054       0.09493       0.04095 p3_bpx_aei_ho_13_15_r2_cone
 303      37.55334      97.56541     327.38784      -0.00054       0.09497       0.04095 p3_bpx_aei_ip_13_15_r2_flat
 304      37.72466     -97.01180     327.55895      -0.00054       0.09497       0.04095 p3_bpx_aei_ho_13_15_r2_flat
 305      24.51384      97.59052     367.26069      -0.00046       0.09564       0.04095 p3_bpx_aei_ip_13_15_r2_grove
 306      24.68066     -96.97018     367.42421      -0.00046       0.09564       0.04095 p3_bpx_aei_ho_13_15_r2_grove
 307      28.02523      97.64426     401.82260      -0.00039       0.09628       0.04095 p3_bpx_aei_ip_13_11_r2_cone
 308      28.17534     -96.93464     401.99154      -0.00039       0.09628       0.04095 p3_bpx_aei_ho_13_11_r2_cone
 309     -46.54685      97.61401     416.14323      -0.00036       0.09656       0.04095 p3_bpx_aei_ip_13_11_r2_grove
 310     -46.39664     -96.97099     416.28258      -0.00036       0.09657       0.04095 p3_bpx_aei_ho_13_11_r2_grove
 311     -27.57778      97.65802     453.54951      -0.00027       0.09735       0.04095 p3_bpx_aei_ip_13_11_r2_flat
 312     -27.43776     -96.87858     453.70067      -0.00027       0.09735       0.04095 p3_bpx_aei_ho_13_11_r2_flat
 313      55.37692       0.01682     478.14524      -0.00021       0.09790       0.04095 p3_irl_aei_13_r1_front
 314     -36.63710    -209.79372     549.32940      -0.00001       0.09967       0.04095 p3_baz_aei_13_14_15_r1_cone
 315      37.52907    -209.67376     565.69406       0.00004       0.10011       0.04095 p3_baz_aei_13_14_15_r1_flat
 316      17.53096    -209.71233     602.56577       0.00016       0.10115       0.04095 p3_baz_aei_13_14_15_r1_grove
 317      -5.95343      42.28947     720.15457       0.00059       0.10491       0.04095 p3_slm_aei_13_surf_r1
 318     -37.61645      97.50884     811.81239       0.00096       0.10462       0.04095 p3_bpx_aei_ip_13_15_r3_cone
 319     -37.42674     -97.10367     812.03419       0.00096       0.10461       0.04095 p3_bpx_aei_ho_13_15_r3_cone
 320      38.23758      97.58343     815.40902       0.00097       0.10439       0.04095 p3_bpx_aei_ip_13_15_r3_flat
 321      38.43508     -97.02297     815.67993       0.00097       0.10437       0.04095 p3_bpx_aei_ho_13_15_r3_flat
 322      24.75750      97.57733     855.13809       0.00114       0.10061       0.04095 p3_bpx_aei_ip_13_15_r3_grove
 323      24.93180     -96.99388     855.39623       0.00114       0.10058       0.04095 p3_bpx_aei_ho_13_15_r3_grove
 324      27.54549      97.59426     891.91899       0.00129       0.09518       0.04095 p3_bpx_aei_ip_13_11_r3_cone
 325      27.70030     -96.95675     892.17795       0.00129       0.09513       0.04095 p3_bpx_aei_ho_13_11_r3_cone
 326     -47.18818      97.55904     905.40502       0.00134       0.09272       0.04095 p3_bpx_aei_ip_13_11_r3_grove
 327     -47.03766     -97.00657     905.62059       0.00134       0.09268       0.04095 p3_bpx_aei_ho_13_11_r3_grove
 328     -28.63572      97.56903     943.02204       0.00149       0.08455       0.04095 p3_bpx_aei_ip_13_11_r3_flat
 329     -28.50710     -96.93187     943.24845       0.00150       0.08450       0.04095 p3_bpx_aei_ho_13_11_r3_flat
 330      55.31105       0.05300     950.74500       0.00153       0.08264       0.04095 p3_irc_aei_13_r1_front
 331      55.23610      -0.04464    1179.18444       0.00246      -0.01105       0.04095 p3_mid_aei_13_front
 332     -36.66004      97.59099    1241.04489       0.00269      -0.04529       0.04095 p3_bpx_aei_ip_13_15_r4_cone
 333     -36.80749     -97.02881    1241.36193       0.00269      -0.04545       0.04095 p3_bpx_aei_ho_13_15_r4_cone
 334      39.15335      97.47039    1245.13259       0.00271      -0.04738       0.04095 p3_bpx_aei_ip_13_15_r4_flat
 335      39.02120     -96.95410    1245.48591       0.00271      -0.04756       0.04095 p3_bpx_aei_ho_13_15_r4_flat
 336      25.42951      97.51166    1284.77024       0.00281      -0.06645       0.04095 p3_bpx_aei_ip_13_15_r4_grove
 337      25.26368     -96.92773    1285.11859       0.00281      -0.06661       0.04095 p3_bpx_aei_ho_13_15_r4_grove
 338      40.85566      97.52823    1319.15789       0.00286      -0.08124       0.04095 p3_bpx_aei_ip_13_11_r4_cone
 339      40.68173     -96.90436    1319.50885       0.00286      -0.08138       0.04095 p3_bpx_aei_ho_13_11_r4_cone
 340     -33.95985      97.68983    1332.15227       0.00288      -0.08640       0.04095 p3_bpx_aei_ip_13_11_r4_grove
 341     -34.14089     -96.93436    1332.47005       0.00288      -0.08652       0.04095 p3_bpx_aei_ho_13_11_r4_grove
 342     -15.64312      97.68049    1369.90269       0.00290      -0.10008       0.04095 p3_bpx_aei_ip_13_11_r4_flat
 343     -15.83735     -96.87820    1370.22817       0.00290      -0.10019       0.04095 p3_bpx_aei_ho_13_11_r4_flat
 344      55.39513       0.10539    1407.96880       0.00290      -0.11188       0.04095 p3_irc_aei_13_r2_front
 345     -28.52611    -172.35621    1466.00683       0.00283      -0.12604       0.04095 p3_baz_aei_13_14_12_r2_grove
 346      41.86387    -172.30291    1494.54129       0.00277      -0.13129       0.04095 p3_baz_aei_13_14_12_r2_cone
 347     -32.91979    -172.40181    1507.73591       0.00273      -0.13334       0.04095 p3_baz_aei_13_14_12_r2_flat
 348     -27.28338      97.48965    1666.23755       0.00202      -0.13923       0.04095 p3_bpx_aei_ip_13_15_r5_cone
 349     -27.19872     -97.07066    1666.46333       0.00202      -0.13921       0.04095 p3_bpx_aei_ho_13_15_r5_cone
 350      48.55129      97.51435    1670.34062       0.00200      -0.13892       0.04095 p3_bpx_aei_ip_13_15_r5_flat
 351      48.64676     -96.98836    1670.54790       0.00200      -0.13891       0.04095 p3_bpx_aei_ho_13_15_r5_flat
 352      34.79932      97.50659    1709.97360       0.00173      -0.13476       0.04095 p3_bpx_aei_ip_13_15_r5_grove
 353      34.90449     -96.97812    1710.18913       0.00173      -0.13473       0.04095 p3_bpx_aei_ho_13_15_r5_grove
 354      46.86075      97.52037    1759.05703       0.00135      -0.12660       0.04095 p3_bpx_aei_ip_13_11_r5_cone
 355      46.97591     -96.95264    1759.26778       0.00135      -0.12656       0.04095 p3_bpx_aei_ho_13_11_r5_cone
 356     -27.96243      97.49675    1772.02707       0.00124      -0.12389       0.04095 p3_bpx_aei_ip_13_11_r5_grove
 357     -27.84426     -97.00756    1772.25499       0.00124      -0.12384       0.04095 p3_bpx_aei_ho_13_11_r5_grove
 358      -9.66202      97.49244    1809.77584       0.00091      -0.11468       0.04095 p3_bpx_aei_ip_13_11_r5_flat
 359      -9.53566     -96.96107    1809.99950       0.00091      -0.11462       0.04095 p3_bpx_aei_ho_13_11_r5_flat
 360      55.38953      -0.09908    1880.42630       0.00020      -0.09217       0.04095 p3_irl_aei_13_r2_front
 361     -13.36837      41.42554    2021.25169      -0.00155      -0.02677       0.04095 p3_gim_aei_13_surf_r1
 362     -52.54514     -51.44046    2116.22081      -0.00279       0.02405       0.04095 p3_srg_aei_13_r2_225deg
 363      51.83834     -51.94084    2116.23502      -0.00279       0.02405       0.04095 p3_srg_aei_13_r2_315deg
 364       0.02349      73.84629    2116.25943      -0.00279       0.02406       0.04095 p3_srg_aei_13_r2_90deg
 365     -52.21409      52.38852    2116.26311      -0.00279       0.02407       0.04095 p3_srg_aei_13_r2_135deg
 366      -0.43073     -73.21940    2116.28241      -0.00279       0.02407       0.04095 p3_srg_aei_13_r2_270deg
 367     -55.66133       0.11117    2116.29928      -0.00279       0.02408       0.04095 p3_srg_aei_13_r2_rear
 368      52.19360      52.21915    2116.30912      -0.00279       0.02409       0.04095 p3_srg_aei_13_r2_45deg
 369      55.45546       0.00141    2116.34936      -0.00279       0.02410       0.04095 p3_srg_aei_13_r2_front
 370     -34.47658      97.66260    2206.73090      -0.00363       0.05856       0.04095 p3_bpx_aei_ip_13_15_r6_cone
 371     -34.30257     -96.92950    2207.07720      -0.00363       0.05867       0.04095 p3_bpx_aei_ho_13_15_r6_cone
 372      41.35988      97.67718    2210.82370      -0.00366       0.05979       0.04095 p3_bpx_aei_ip_13_15_r6_flat
 373      41.52099     -96.81072    2211.15790      -0.00366       0.05989       0.04095 p3_bpx_aei_ho_13_15_r6_flat
 374      27.61319      97.65710    2250.46179      -0.00391       0.07016       0.04095 p3_bpx_aei_ip_13_15_r6_grove
 375      27.77810     -96.84441    2250.79445      -0.00391       0.07024       0.04095 p3_bpx_aei_ho_13_15_r6_grove
 376      39.79553      97.65526    2332.54461      -0.00422       0.08301       0.04095 p3_bpx_aei_ip_13_11_r6_cone
 377      39.97213     -96.87205    2332.88460      -0.00423       0.08304       0.04095 p3_bpx_aei_ho_13_11_r6_cone
 378     -35.02676      97.62017    2345.52730      -0.00425       0.08397       0.04095 p3_bpx_aei_ip_13_11_r6_grove
 379     -34.84876     -96.95994    2345.86189      -0.00425       0.08399       0.04095 p3_bpx_aei_ho_13_11_r6_grove
 380     -16.72506      97.60606    2383.27252      -0.00428       0.08512       0.04095 p3_bpx_aei_ip_13_11_r6_flat
 381     -16.54716     -96.94395    2383.61650      -0.00428       0.08512       0.04095 p3_bpx_aei_ho_13_11_r6_flat
 382     -79.69914       4.90039     739.80000       0.00000       0.00000       0.00000 p4_aei_13_par_1
 383     -78.24144      10.64265    2041.34000      26.08587       0.00000       0.00000 p4_aei_13_par_2
 384      22.83488      -4.52453    2382.00000    3838.50772      -1.41586      -0.00102 p4_aei_13_par_3
 385      -0.32391       0.01204      -0.01828       0.00135      -0.15794       0.10740 p4_aei_13
 386     -14.93447       0.00130      66.07363       0.02900       0.55368   -3141.48521 p4_irm_aei_13_s1_fixed
 387      15.04736       0.01805    2291.88130       0.02127      -0.18555       0.10740 p4_irm_aei_13_s2_fixed
 388      15.06554      -0.00193      66.09024       0.02900       0.55368   -3141.48521 p4_irm_aei_13_l1_fixed
 389     -14.95264       0.02127    2291.88687       0.02127      -0.18555       0.10740 p4_irm_aei_13_l2_fixed
 390     -15.13626       0.01162     477.97802       0.01849       0.38310       0.10740 p4_irl_aei_13_s1
 391      14.96315       0.01089    1879.98276       0.01192      -0.22705       0.10740 p4_irl_aei_13_s2
 392      14.78529       0.01096     950.48483      -0.00643      -0.05345       0.10740 p4_irl_aei_13_l1
 393     -15.14429       0.01157    1407.48977      -0.00098      -0.21058       0.10740 p4_irl_aei_13_l2
 394     -15.21517       0.01424     941.18630      -0.00619      -0.04672       0.10740 p4_irc_aei_13_s1
 395      14.85767       0.00834    1416.78344      -0.00074      -0.21190       0.10740 p4_irc_aei_13_s2
 396      14.85375       0.00836    1398.18347      -0.00122      -0.20923       0.10740 p4_irc_aei_13_l1
 397     -15.21418       0.01412     959.78656      -0.00666      -0.06000       0.10740 p4_irc_aei_13_l2
 398       0.10228      -0.00224      -0.01835       0.02921       0.55701       0.10740 p4_irt_aei_13_r1
 399      -0.10298       0.00838     396.98340       0.02182       0.43704       0.10740 p4_irt_aei_13_r2
 400      -0.21308       0.01314     793.98508       0.00009       0.08226       0.10740 p4_irt_aei_13_r3
 401      -0.18573       0.01078    1190.98628      -0.00649      -0.16863       0.10740 p4_irt_aei_13_r4
 402      -0.10439       0.01021    1587.98665       0.00380      -0.22903       0.10740 p4_irt_aei_13_r5
 403      -0.01350       0.01391    1984.98581       0.01495      -0.21672       0.10740 p4_irt_aei_13_r6
 404       0.06398       0.02159    2381.98338       0.02162      -0.18378       0.10740 p4_irt_aei_13_r7
 405     -36.95463      97.62656      14.48343       0.02920       0.55685       0.10740 p4_bpx_aei_ip_13_15_r1_cone
 406     -36.71484     -97.06856      14.66765       0.02920       0.55684       0.10740 p4_bpx_aei_ho_13_15_r1_cone
 407      38.94209      97.70007      16.66660       0.02919       0.55680       0.10740 p4_bpx_aei_ip_13_15_r1_flat
 408      39.19556     -96.97095      16.89382       0.02919       0.55679       0.10740 p4_bpx_aei_ho_13_15_r1_flat
 409      26.21166      97.64690      56.63865       0.02906       0.55457       0.10740 p4_bpx_aei_ip_13_15_r1_grove
 410      26.44164     -96.94042      56.86283       0.02906       0.55455       0.10740 p4_bpx_aei_ho_13_15_r1_grove
 411      23.73932      97.60819      88.53037       0.02884       0.55104       0.10740 p4_bpx_aei_ip_13_11_r1_cone
 412      23.95521     -96.91833      88.75389       0.02884       0.55101       0.10740 p4_bpx_aei_ho_13_11_r1_cone
 413     -50.72538      97.57372     103.39443       0.02871       0.54886       0.10740 p4_bpx_aei_ip_13_11_r1_grove
 414     -50.51788     -97.00750     103.57773       0.02870       0.54884       0.10740 p4_bpx_aei_ho_13_11_r1_grove
 415     -31.48221      97.54171     140.66092       0.02828       0.54194       0.10740 p4_bpx_aei_ip_13_11_r1_flat
 416     -31.29960     -96.92671     140.85802       0.02828       0.54190       0.10740 p4_bpx_aei_ho_13_11_r1_flat
 417      55.45295      -0.00266     193.31180       0.02745       0.52857       0.10740 p4_srg_aei_13_r1_front
 418      52.16224      52.28509     193.34413       0.02745       0.52856       0.10740 p4_srg_aei_13_r1_45deg
 419      -0.01316      73.84740     193.35146       0.02745       0.52855       0.10740 p4_srg_aei_13_r1_90deg
 420      52.33966     -51.44803     193.42187       0.02745       0.52854       0.10740 p4_srg_aei_13_r1_315deg
 421     -52.14649     -51.76590     193.38145       0.02745       0.52853       0.10740 p4_srg_aei_13_r1_225deg
 422     -52.23133      52.24741     193.39235       0.02745       0.52853       0.10740 p4_srg_aei_13_r1_135deg
 423       0.14031     -73.19652     193.42378       0.02745       0.52853       0.10740 p4_srg_aei_13_r1_270deg
 424     -55.53334       0.00926     193.40494       0.02745       0.52852       0.10740 p4_srg_aei_13_r1_rear
 425      50.22370    -209.67572     248.59558       0.02631       0.50997       0.10740 p4_baz_aei_13_12_11_r1_cone
 426     -25.72368    -209.77954     249.25756       0.02629       0.50971       0.10740 p4_baz_aei_13_12_11_r1_grove
 427     -13.77374    -209.73979     289.47165       0.02528       0.49322       0.10740 p4_baz_aei_13_12_11_r1_flat
 428     -38.34183      97.48552     324.65897       0.02426       0.47676       0.10740 p4_bpx_aei_ip_13_15_r2_cone
 429     -38.17268     -97.08240     324.77357       0.02426       0.47671       0.10740 p4_bpx_aei_ho_13_15_r2_cone
 430      37.55229      97.56473     327.40922       0.02418       0.47541       0.10740 p4_bpx_aei_ip_13_15_r2_flat
 431      37.71723     -97.01608     327.54670       0.02418       0.47535       0.10740 p4_bpx_aei_ho_13_15_r2_flat
 432      24.51535      97.59047     367.28052       0.02288       0.45433       0.10740 p4_bpx_aei_ip_13_15_r2_grove
 433      24.67290     -96.97684     367.40944       0.02288       0.45426       0.10740 p4_bpx_aei_ho_13_15_r2_grove
 434      28.02650      97.64196     401.84262       0.02164       0.43409       0.10740 p4_bpx_aei_ip_13_11_r2_cone
 435      28.16904     -96.92895     401.97919       0.02163       0.43401       0.10740 p4_bpx_aei_ho_13_11_r2_cone
 436     -46.54798      97.61798     416.16459       0.02109       0.42516       0.10740 p4_bpx_aei_ip_13_11_r2_grove
 437     -46.40352     -96.96774     416.26976       0.02108       0.42509       0.10740 p4_bpx_aei_ho_13_11_r2_grove
 438     -27.57591      97.66090     453.56956       0.01956       0.40040       0.10740 p4_bpx_aei_ip_13_11_r2_flat
 439     -27.44295     -96.87672     453.68902       0.01956       0.40032       0.10740 p4_bpx_aei_ho_13_11_r2_flat
 440      55.37619       0.02385     478.15843       0.01849       0.38299       0.10740 p4_irl_aei_13_r1_front
 441     -36.64768    -209.78957     549.31389       0.01506       0.32731       0.10740 p4_baz_aei_13_14_15_r1_cone
 442      37.52050    -209.67000     565.67794       0.01420       0.31344       0.10740 p4_baz_aei_13_14_15_r1_flat
 443      17.52253    -209.70906     602.54693       0.01219       0.28065       0.10740 p4_baz_aei_13_14_15_r1_grove
 444      -6.09736      42.30109     720.17053       0.00489       0.16222       0.10740 p4_slm_aei_13_surf_r1
 445     -37.60821      97.51514     811.83123      -0.00091       0.06436       0.10740 p4_bpx_aei_ip_13_15_r3_cone
 446     -37.41683     -97.09778     812.01437      -0.00092       0.06418       0.10740 p4_bpx_aei_ho_13_15_r3_cone
 447      38.24547      97.59199     815.43280      -0.00110       0.06083       0.10740 p4_bpx_aei_ip_13_15_r3_flat
 448      38.44336     -97.02233     815.66499      -0.00111       0.06060       0.10740 p4_bpx_aei_ho_13_15_r3_flat
 449      24.76521      97.58236     855.16009      -0.00307       0.02351       0.10740 p4_bpx_aei_ip_13_15_r3_grove
 450      24.93980     -96.99226     855.37949      -0.00308       0.02331       0.10740 p4_bpx_aei_ho_13_15_r3_grove
 451      27.55174      97.59692     891.94165      -0.00459      -0.00829       0.10740 p4_bpx_aei_ip_13_11_r3_cone
 452      27.70894     -96.95610     892.16095      -0.00460      -0.00847       0.10740 p4_bpx_aei_ho_13_11_r3_cone
 453     -47.18358      97.56188     905.42568      -0.00508      -0.01928       0.10740 p4_bpx_aei_ip_13_11_r3_grove
 454     -47.02818     -96.99904     905.60680      -0.00508      -0.01943       0.10740 p4_bpx_aei_ho_13_11_r3_grove
 455     -28.62831      97.57307     943.04478      -0.00624      -0.04808       0.10740 p4_bpx_aei_ip_13_11_r3_flat
 456     -28.49649     -96.93184     943.23226      -0.00624      -0.04822       0.10740 p4_bpx_aei_ho_13_11_r3_flat
 457      55.31411       0.05891     950.75775      -0.00644      -0.05364       0.10740 p4_irc_aei_13_r1_front
 458      55.23699      -0.04220    1179.19978      -0.00677      -0.16562       0.10740 p4_mid_aei_13_front
 459     -36.66511      97.59040    1241.06617      -0.00524      -0.18025       0.10740 p4_bpx_aei_ip_13_15_r4_cone
 460     -36.80517     -97.03399    1241.34258      -0.00523      -0.18031       0.10740 p4_bpx_aei_ho_13_15_r4_cone
 461      39.14771      97.47004    1245.15387      -0.00514      -0.18115       0.10740 p4_bpx_aei_ip_13_15_r4_flat
 462      39.02329     -96.95915    1245.47019      -0.00513      -0.18122       0.10740 p4_bpx_aei_ho_13_15_r4_flat
 463      25.42187      97.51333    1284.79191      -0.00414      -0.18946       0.10740 p4_bpx_aei_ip_13_15_r4_grove
 464      25.26714     -96.92916    1285.10624      -0.00413      -0.18953       0.10740 p4_bpx_aei_ho_13_15_r4_grove
 465      40.84720      97.52925    1319.17989      -0.00326      -0.19608       0.10740 p4_bpx_aei_ip_13_11_r4_cone
 466      40.68218     -96.90754    1319.49278      -0.00325      -0.19614       0.10740 p4_bpx_aei_ho_13_11_r4_cone
 467     -33.96842      97.68574    1332.17232      -0.00293      -0.19844       0.10740 p4_bpx_aei_ip_13_11_r4_grove
 468     -34.14157     -96.93454    1332.45329      -0.00292      -0.19849       0.10740 p4_bpx_aei_ho_13_11_r4_grove
 469     -15.65411      97.68208    1369.92324      -0.00196      -0.20485       0.10740 p4_bpx_aei_ip_13_11_r4_flat
 470     -15.84035     -96.88230    1370.21050      -0.00195      -0.20490       0.10740 p4_bpx_aei_ho_13_11_r4_flat
 471      55.38862       0.11210    1407.97911      -0.00097      -0.21066       0.10740 p4_irc_aei_13_r2_front
 472     -28.52716    -172.35600    1465.98654       0.00055      -0.21821       0.10740 p4_baz_aei_13_14_12_r2_grove
 473      41.86362    -172.30153    1494.52239       0.00130      -0.22136       0.10740 p4_baz_aei_13_14_12_r2_cone
 474     -32.92036    -172.40398    1507.71735       0.00165      -0.22268       0.10740 p4_baz_aei_13_14_12_r2_flat
 475     -27.29405      97.49002    1666.25904       0.00593      -0.23236       0.10740 p4_bpx_aei_ip_13_15_r5_cone
 476     -27.19550     -97.07389    1666.44607       0.00594      -0.23236       0.10740 p4_bpx_aei_ho_13_15_r5_cone
 477      48.53991      97.51960    1670.35800       0.00605      -0.23246       0.10740 p4_bpx_aei_ip_13_15_r5_flat
 478      48.64966     -96.98981    1670.53065       0.00605      -0.23246       0.10740 p4_bpx_aei_ho_13_15_r5_flat
 479      34.78943      97.50914    1709.99262       0.00714      -0.23299       0.10740 p4_bpx_aei_ip_13_15_r5_grove
 480      34.91159     -96.98018    1710.17298       0.00715      -0.23299       0.10740 p4_bpx_aei_ho_13_15_r5_grove
 481      46.85367      97.52493    1759.07521       0.00850      -0.23264       0.10740 p4_bpx_aei_ip_13_11_r5_cone
 482      46.98562     -96.95329    1759.25014       0.00851      -0.23264       0.10740 p4_bpx_aei_ho_13_11_r5_cone
 483     -27.96762      97.49288    1772.04645       0.00887      -0.23237       0.10740 p4_bpx_aei_ip_13_11_r5_grove
 484     -27.83297     -97.01024    1772.24065       0.00887      -0.23236       0.10740 p4_bpx_aei_ho_13_11_r5_grove
 485      -9.66477      97.49147    1809.79611       0.00993      -0.23112       0.10740 p4_bpx_aei_ip_13_11_r5_flat
 486      -9.52341     -96.96425    1809.98341       0.00993      -0.23111       0.10740 p4_bpx_aei_ho_13_11_r5_flat
 487      55.39625      -0.09315    1880.43529       0.01193      -0.22702       0.10740 p4_irl_aei_13_r2_front
 488     -13.36478      41.43441    2021.25943       0.01601      -0.21197       0.10740 p4_gim_aei_13_surf_r1
 489     -52.53186     -51.44194    2116.20722       0.01857      -0.19918       0.10740 p4_srg_aei_13_r2_225deg
 490      51.85129     -51.93835    2116.22964       0.01857      -0.19918       0.10740 p4_srg_aei_13_r2_315deg
 491     -52.27630      52.35134    2116.26014       0.01857      -0.19918       0.10740 p4_srg_aei_13_r2_135deg
 492      -0.44759     -73.21823    2116.27155       0.01857      -0.19917       0.10740 p4_srg_aei_13_r2_270deg
 493       0.01571      73.84082    2116.27343       0.01857      -0.19917       0.10740 p4_srg_aei_13_r2_90deg
 494     -55.64981       0.10840    2116.29018       0.01857      -0.19917       0.10740 p4_srg_aei_13_r2_rear
 495      52.18960      52.21142    2116.31754       0.01857      -0.19917       0.10740 p4_srg_aei_13_r2_45deg
 496      55.47030       0.01017    2116.36165       0.01857      -0.19916       0.10740 p4_srg_aei_13_r2_front
 497     -34.47853      97.66449    2206.74746       0.02029      -0.19047       0.10740 p4_bpx_aei_ip_13_15_r6_cone
 498     -34.28827     -96.92963    2207.05597       0.02030      -0.19045       0.10740 p4_bpx_aei_ho_13_15_r6_cone
 499      41.35645      97.68473    2210.84450       0.02035      -0.19016       0.10740 p4_bpx_aei_ip_13_15_r6_flat
 500      41.53422     -96.80349    2211.14402       0.02036      -0.19014       0.10740 p4_bpx_aei_ho_13_15_r6_flat
 501      27.60683      97.66502    2250.48267       0.02087      -0.18755       0.10740 p4_bpx_aei_ip_13_15_r6_grove
 502      27.78920     -96.84039    2250.77890       0.02088      -0.18753       0.10740 p4_bpx_aei_ho_13_15_r6_grove
 503      39.78487      97.66506    2332.56556       0.02151      -0.18431       0.10740 p4_bpx_aei_ip_13_11_r6_cone
 504      39.97744     -96.86515    2332.86850       0.02152      -0.18430       0.10740 p4_bpx_aei_ho_13_11_r6_cone
 505     -35.03634      97.62238    2345.54283       0.02156      -0.18407       0.10740 p4_bpx_aei_ip_13_11_r6_grove
 506     -34.84369     -96.95514    2345.84099       0.02156      -0.18406       0.10740 p4_bpx_aei_ho_13_11_r6_grove
 507     -16.73700      97.61093    2383.28944       0.02162      -0.18378       0.10740 p4_bpx_aei_ip_13_11_r6_flat
 508     -16.54454     -96.93549    2383.59541       0.02162      -0.18378       0.10740 p4_bpx_aei_ho_13_11_r6_flat
 509     -15.00000       0.00000      66.10000       0.00000      -0.00000       1.59270 p1_irm_aei_13_s1
 510      15.00000       0.00000      66.10000       0.00000      -0.00000       1.59270 p1_irm_aei_13_l1
 511      15.00000       0.00000    2291.90000       0.00000      -0.00000   -3140.00000 p1_irm_aei_13_s2
 512     -15.00000       0.00000    2291.90000       0.00000      -0.00000   -3140.00000 p1_irm_aei_13_l2
 513     -15.08358       0.00111      66.14028      -0.00116      -0.66784       1.62306 p2_irm_aei_13_s1
 514      14.91642       0.00020      66.12024      -0.00116      -0.66784       1.62306 p2_irm_aei_13_l1
 515      14.95902       0.00012    2291.93755      -0.00279       0.23356   -3139.96964 p2_irm_aei_13_s2
 516     -15.04098       0.00103    2291.93054      -0.00279       0.23356   -3139.96964 p2_irm_aei_13_l2
 517     -14.98953       0.00255      66.08877      -0.00082       0.09248       1.63365 p3_irm_aei_13_s1
 518      15.01047       0.00132      66.09155      -0.00082       0.09248       1.63365 p3_irm_aei_13_l1
 519      14.98921       0.00245    2291.89646      -0.00411       0.07810   -3139.95905 p3_irm_aei_13_s2
 520     -15.01079       0.00368    2291.89411      -0.00411       0.07810   -3139.95905 p3_irm_aei_13_l2
 521     -14.93447       0.00130      66.07363       0.02900       0.55368       1.70010 p4_irm_aei_13_s1
 522      15.06554      -0.00193      66.09024       0.02900       0.55368       1.70010 p4_irm_aei_13_l1
 523      15.04736       0.01805    2291.88130       0.02127      -0.18555   -3139.89260 p4_irm_aei_13_s2
 524     -14.95264       0.02127    2291.88687       0.02127      -0.18555   -3139.89260 p4_irm_aei_13_l2
