   1       0.00000       0.00000     739.80000       0.00000       0.00000       0.00000 p1_aei_05_par_1
   2       0.00000       0.00000    2041.34000      26.08587       0.00000       0.00000 p1_aei_05_par_2
   3       0.00000       0.00000    2382.00000       0.00000       0.00000       0.00000 p1_aei_05_par_3
   4       0.00000       0.00000       0.00000       0.00000       0.00000       0.00000 p1_aei_05
   5     -15.00000       0.00000      66.10000       0.00000      -0.00000   -3141.59261 p1_irm_aei_05_s1_fixed
   6      15.00000       0.00000    2291.90000       0.00000      -0.00000       0.00000 p1_irm_aei_05_s2_fixed
   7      15.00000       0.00000      66.10000       0.00000      -0.00000   -3141.59261 p1_irm_aei_05_l1_fixed
   8     -15.00000       0.00000    2291.90000       0.00000      -0.00000       0.00000 p1_irm_aei_05_l2_fixed
   9     -15.00000       0.00000     478.00000       0.00000      -0.00000       0.00000 p1_irl_aei_05_s1
  10      15.00000       0.00000    1880.00000       0.00000      -0.00000       0.00000 p1_irl_aei_05_s2
  11      15.00000       0.00000     950.50000       0.00000      -0.00000       0.00000 p1_irl_aei_05_l1
  12     -15.00000       0.00000    1407.50000       0.00000      -0.00000       0.00000 p1_irl_aei_05_l2
  13     -15.00000       0.00000     941.20000       0.00000      -0.00000       0.00000 p1_irc_aei_05_s1
  14      15.00000       0.00000    1416.80000       0.00000      -0.00000       0.00000 p1_irc_aei_05_s2
  15      15.00000       0.00000    1398.20000       0.00000      -0.00000       0.00000 p1_irc_aei_05_l1
  16     -15.00000       0.00000     959.80000       0.00000      -0.00000       0.00000 p1_irc_aei_05_l2
  17       0.00000       0.00000       0.00000       0.00000      -0.00000       0.00000 p1_irt_aei_05_r1
  18       0.00000       0.00000     397.00000       0.00000      -0.00000       0.00000 p1_irt_aei_05_r2
  19       0.00000       0.00000     794.00000       0.00000      -0.00000       0.00000 p1_irt_aei_05_r3
  20       0.00000       0.00000    1191.00000       0.00000      -0.00000       0.00000 p1_irt_aei_05_r4
  21       0.00000       0.00000    1588.00000       0.00000      -0.00000       0.00000 p1_irt_aei_05_r5
  22       0.00000       0.00000    1985.00000       0.00000      -0.00000       0.00000 p1_irt_aei_05_r6
  23       0.00000       0.00000    2382.00000       0.00000      -0.00000       0.00000 p1_irt_aei_05_r7
  24     -36.94250      97.70450      14.79100       0.00000      -0.00000       0.00000 p1_bpx_aei_ip_05_07_r1_cone
  25     -36.56070     -97.07460      14.84970       0.00000      -0.00000       0.00000 p1_bpx_aei_ho_05_07_r1_cone
  26      38.96950      97.85760      17.00530       0.00000      -0.00000       0.00000 p1_bpx_aei_ip_05_07_r1_flat
  27      39.34860     -96.91930      17.05500       0.00000      -0.00000       0.00000 p1_bpx_aei_ho_05_07_r1_flat
  28      26.21270      97.79560      56.97490       0.00000      -0.00000       0.00000 p1_bpx_aei_ip_05_07_r1_grove
  29      26.59660     -96.90900      57.02190       0.00000      -0.00000       0.00000 p1_bpx_aei_ho_05_07_r1_grove
  30      23.73340      97.77060      88.86250       0.00000      -0.00000       0.00000 p1_bpx_aei_ip_05_03_r1_cone
  31      24.13120     -96.87320      88.91480       0.00000      -0.00000       0.00000 p1_bpx_aei_ho_05_03_r1_cone
  32     -50.74670      97.61980     103.69530       0.00000      -0.00000       0.00000 p1_bpx_aei_ip_05_03_r1_grove
  33     -50.34610     -97.01860     103.76090       0.00000      -0.00000       0.00000 p1_bpx_aei_ho_05_03_r1_grove
  34     -31.51110      97.62160     140.97880       0.00000      -0.00000       0.00000 p1_bpx_aei_ip_05_03_r1_flat
  35     -31.11490     -96.93140     141.03580       0.00000      -0.00000       0.00000 p1_bpx_aei_ho_05_03_r1_flat
  36      52.28500      52.29300     193.28330       0.00000      -0.00000       0.00000 p1_srg_aei_05_r1_45deg
  37       0.01960      73.89490     193.28340       0.00000      -0.00000       0.00000 p1_srg_aei_05_r1_90deg
  38      55.45650       0.00000     193.30000       0.00000      -0.00000       0.00000 p1_srg_aei_05_r1_front
  39     -52.16320      52.25630     193.35730       0.00000      -0.00000       0.00000 p1_srg_aei_05_r1_135deg
  40     -55.41720       0.00000     193.41490       0.00000      -0.00000       0.00000 p1_srg_aei_05_r1_rear
  41      52.21740     -51.54740     193.48440       0.00000      -0.00000       0.00000 p1_srg_aei_05_r1_315deg
  42       0.01030     -73.09910     193.51880       0.00000      -0.00000       0.00000 p1_srg_aei_05_r1_270deg
  43     -52.17700     -51.52910     193.51930       0.00000      -0.00000       0.00000 p1_srg_aei_05_r1_225deg
  44      50.49680    -209.56990     248.57620       0.00000      -0.00000       0.00000 p1_baz_aei_05_04_r1_cone
  44      50.49680    -209.56990     248.57620       0.00000      -0.00000       0.00000 p1_baz_aei_05_03_r1_cone
  45     -25.43780    -209.73430     249.25920       0.00000      -0.00000       0.00000  p1_baz_aei_05_04_r1_grove
  45     -25.43780    -209.73430     249.25920       0.00000      -0.00000       0.00000  p1_baz_aei_05_03_r1_grove
  46     -13.48340    -209.68530     289.47570       0.00000      -0.00000       0.00000 p1_baz_aei_05_04_r1_flat
  46     -13.48340    -209.68530     289.47570       0.00000      -0.00000       0.00000 p1_baz_aei_05_03_r1_flat
  47     -38.34010      97.52220     324.92610       0.00000      -0.00000       0.00000 p1_bpx_aei_ip_05_07_r2_cone
  48     -37.90000     -97.08290     325.09010       0.00000      -0.00000       0.00000 p1_bpx_aei_ho_05_07_r2_cone
  49      37.55410      97.68770     327.66780       0.00000      -0.00000       0.00000 p1_bpx_aei_ip_05_07_r2_flat
  50      38.00080     -96.89640     327.87410       0.00000      -0.00000       0.00000 p1_bpx_aei_ho_05_07_r2_flat
  51      24.51860      97.67640     367.54290       0.00000      -0.00000       0.00000 p1_bpx_aei_ip_05_07_r2_grove
  52      24.94130     -96.87360     367.74390       0.00000      -0.00000       0.00000 p1_bpx_aei_ho_05_07_r2_grove
  53      28.02840      97.71180     402.10430       0.00000      -0.00000       0.00000 p1_bpx_aei_ip_05_03_r2_cone
  54      28.43450     -96.82730     402.30560       0.00000      -0.00000       0.00000 p1_bpx_aei_ho_05_03_r2_cone
  55     -46.53450      97.57050     416.42640       0.00000      -0.00000       0.00000 p1_bpx_aei_ip_05_03_r2_grove
  56     -46.15040     -96.95280     416.58510       0.00000      -0.00000       0.00000 p1_bpx_aei_ho_05_03_r2_grove
  57     -27.57180      97.61350     453.83570       0.00000      -0.00000       0.00000 p1_bpx_aei_ip_05_03_r2_flat
  58     -27.19460     -96.84550     454.00670       0.00000      -0.00000       0.00000 p1_bpx_aei_ho_05_03_r2_flat
  59      55.54330       0.10250     478.02560       0.00000      -0.00000       0.00000 p1_irl_aei_05_r1_front
  60     -36.27930    -209.84330     549.20050       0.00000      -0.00000       0.00000 p1_baz_aei_05_06_r1_cone
  60     -36.27930    -209.84330     549.20050       0.00000      -0.00000       0.00000 p1_baz_aei_05_07_r1_cone
  61      37.88800    -209.62080     565.54280       0.00000      -0.00000       0.00000 p1_baz_aei_05_06_r1_flat
  61      37.88800    -209.62080     565.54280       0.00000      -0.00000       0.00000 p1_baz_aei_05_07_r1_flat
  62      17.89650    -209.66010     602.42910       0.00000      -0.00000       0.00000  p1_baz_aei_05_06_r1_grove
  62      17.89650    -209.66010     602.42910       0.00000      -0.00000       0.00000  p1_baz_aei_05_07_r1_grove
  63      -5.91130      42.29570     720.07450       0.00000      -0.00000       0.00000 p1_slm_aei_05_surf_r1
  64     -37.52810      97.49150     812.32940       0.00000      -0.00000       0.00000 p1_bpx_aei_ip_05_07_r3_cone
  65     -37.06980     -97.20140     812.33030       0.00000      -0.00000       0.00000 p1_bpx_aei_ho_05_07_r3_cone
  66      38.33030      97.68400     815.93750       0.00000      -0.00000       0.00000 p1_bpx_aei_ip_05_07_r3_flat
  67      38.78780     -97.02860     815.96480       0.00000      -0.00000       0.00000 p1_bpx_aei_ho_05_07_r3_flat
  68      24.84720      97.64530     855.66360       0.00000      -0.00000       0.00000 p1_bpx_aei_ip_05_07_r3_grove
  69      25.29220     -97.02860     855.68560       0.00000      -0.00000       0.00000 p1_bpx_aei_ho_05_07_r3_grove
  70      27.63300      97.63710     892.44580       0.00000      -0.00000       0.00000 p1_bpx_aei_ip_05_03_r3_cone
  71      28.06590     -96.99800     892.47270       0.00000      -0.00000       0.00000 p1_bpx_aei_ho_05_03_r3_cone
  72     -46.67180     -97.15650     905.91800       0.00000      -0.00000       0.00000 p1_bpx_aei_ho_05_03_r3_grove
  73     -47.10030      97.50090     905.92170       0.00000      -0.00000       0.00000 p1_bpx_aei_ip_05_03_r3_grove
  74     -28.55500      97.52170     943.54140       0.00000      -0.00000       0.00000 p1_bpx_aei_ip_05_03_r3_flat
  75     -28.14020     -97.07090     943.54240       0.00000      -0.00000       0.00000 p1_bpx_aei_ho_05_03_r3_flat
  76      55.44080      -0.08640     950.56440       0.00000      -0.00000       0.00000 p1_irc_aei_05_r1_front
  77      55.48340      -0.02180    1179.28720       0.00000      -0.00000       0.00000 p1_mid_aei_05_front
  78     -36.73500      97.50800    1241.28650       0.00000      -0.00000       0.00000 p1_bpx_aei_ip_05_07_r4_cone
  79     -36.46620     -97.12620    1241.55170       0.00000      -0.00000       0.00000 p1_bpx_aei_ho_05_07_r4_cone
  80      39.08550      97.55410    1245.41610       0.00000      -0.00000       0.00000 p1_bpx_aei_ip_05_07_r4_flat
  81      39.36190     -96.94750    1245.68430       0.00000      -0.00000       0.00000 p1_bpx_aei_ho_05_07_r4_flat
  82      25.32950      97.58040    1285.04370       0.00000      -0.00000       0.00000 p1_bpx_aei_ip_05_07_r4_grove
  83      25.59810     -96.95180    1285.32090       0.00000      -0.00000       0.00000 p1_bpx_aei_ho_05_07_r4_grove
  84      40.74060      97.63260    1319.44000       0.00000      -0.00000       0.00000 p1_bpx_aei_ip_05_03_r4_cone
  85      41.00840     -96.93110    1319.71140       0.00000      -0.00000       0.00000 p1_bpx_aei_ho_05_03_r4_cone
  86     -34.07540      97.59190    1332.39810       0.00000      -0.00000       0.00000 p1_bpx_aei_ip_05_03_r4_grove
  87     -33.81520     -97.06260    1332.65860       0.00000      -0.00000       0.00000 p1_bpx_aei_ho_05_03_r4_grove
  88     -15.78370      97.62460    1370.16000       0.00000      -0.00000       0.00000 p1_bpx_aei_ip_05_03_r4_flat
  89     -15.52140     -96.98880    1370.42410       0.00000      -0.00000       0.00000 p1_bpx_aei_ho_05_03_r4_flat
  90      55.33330      -0.10710    1407.59820       0.00000      -0.00000       0.00000 p1_irc_aei_05_r2_front
  91     -28.20630    -172.56390    1465.70300       0.00000      -0.00000       0.00000  p1_baz_aei_05_06_r2_grove
  91     -28.20630    -172.56390    1465.70300       0.00000      -0.00000       0.00000  p1_baz_aei_05_04_r2_grove
  92      42.17270    -172.43850    1494.26480       0.00000      -0.00000       0.00000 p1_baz_aei_05_06_r2_cone
  92      42.17270    -172.43850    1494.26480       0.00000      -0.00000       0.00000 p1_baz_aei_05_04_r2_cone
  93     -32.62390    -172.62810    1507.42740       0.00000      -0.00000       0.00000 p1_baz_aei_05_06_r2_flat
  93     -32.62390    -172.62810    1507.42740       0.00000      -0.00000       0.00000 p1_baz_aei_05_04_r2_flat
  94     -27.29880      97.39750    1666.24840       0.00000      -0.00000       0.00000 p1_bpx_aei_ip_05_07_r5_cone
  95     -26.98330     -97.33350    1666.46870       0.00000      -0.00000       0.00000 p1_bpx_aei_ho_05_07_r5_cone
  96      48.53210      97.50560    1670.41750       0.00000      -0.00000       0.00000 p1_bpx_aei_ip_05_07_r5_flat
  97      48.85360     -97.14750    1670.63240       0.00000      -0.00000       0.00000 p1_bpx_aei_ho_05_07_r5_flat
  98      34.74480      97.52610    1710.04240       0.00000      -0.00000       0.00000 p1_bpx_aei_ip_05_07_r5_grove
  99      35.07040     -97.08520    1710.26210       0.00000      -0.00000       0.00000 p1_bpx_aei_ho_05_07_r5_grove
 100      46.76240      97.61230    1759.13610       0.00000      -0.00000       0.00000 p1_bpx_aei_ip_05_03_r5_cone
 101      47.09500     -96.96660    1759.34860       0.00000      -0.00000       0.00000 p1_bpx_aei_ho_05_03_r5_cone
 102     -28.07120      97.49990    1772.03990       0.00000      -0.00000       0.00000 p1_bpx_aei_ip_05_03_r5_grove
 103     -27.74120     -97.06390    1772.25580       0.00000      -0.00000       0.00000 p1_bpx_aei_ho_05_03_r5_grove
 104      -9.80790      97.55640    1809.80050       0.00000      -0.00000       0.00000 p1_bpx_aei_ip_05_03_r5_flat
 105      -9.47440     -96.93100    1810.02290       0.00000      -0.00000       0.00000 p1_bpx_aei_ho_05_03_r5_flat
 106      55.43370      -0.02090    1880.40170       0.00000      -0.00000       0.00000 p1_irl_aei_05_r2_front
 107     -13.36940      41.41930    2021.80540       0.00000      -0.00000       0.00000 p1_gim_aei_05_surf_r1
 108      -0.14350      73.72380    2116.75790       0.00000      -0.00000       0.00000 p1_srg_aei_05_r2_90deg
 109      52.00990      52.25870    2116.80760       0.00000      -0.00000       0.00000 p1_srg_aei_05_r2_45deg
 110     -52.36170      52.15190    2116.83570       0.00000      -0.00000       0.00000 p1_srg_aei_05_r2_135deg
 111      55.45650       0.00000    2116.87210       0.00000      -0.00000       0.00000 p1_srg_aei_05_r2_front
 112     -51.88060     -52.21720    2116.88440       0.00000      -0.00000       0.00000 p1_srg_aei_05_r2_225deg
 113       0.51770     -73.37660    2116.88800       0.00000      -0.00000       0.00000 p1_srg_aei_05_r2_270deg
 114      52.51000     -51.32060    2116.89160       0.00000      -0.00000       0.00000 p1_srg_aei_05_r2_315deg
 115     -55.72490      -0.14260    2116.94030       0.00000      -0.00000       0.00000 p1_srg_aei_05_r2_rear
 116     -34.69470      97.42340    2207.35680       0.00000      -0.00000       0.00000 p1_bpx_aei_ip_05_07_r6_cone
 117     -34.26010     -97.18700    2207.49030       0.00000      -0.00000       0.00000 p1_bpx_aei_ho_05_07_r6_cone
 118      41.14530      97.53560    2211.46580       0.00000      -0.00000       0.00000 p1_bpx_aei_ip_05_07_r6_flat
 119      41.56610     -96.95230    2211.61430       0.00000      -0.00000       0.00000 p1_bpx_aei_ho_05_07_r6_flat
 120      27.38370      97.49510    2251.10720       0.00000      -0.00000       0.00000 p1_bpx_aei_ip_05_07_r6_grove
 121      27.80360     -97.03810    2251.24600       0.00000      -0.00000       0.00000 p1_bpx_aei_ho_05_07_r6_grove
 122      39.54950      97.47620    2333.18710       0.00000      -0.00000       0.00000 p1_bpx_aei_ip_05_03_r6_cone
 123      39.95880     -97.12730    2333.32990       0.00000      -0.00000       0.00000 p1_bpx_aei_ho_05_03_r6_cone
 124     -35.27270      97.35240    2346.15420       0.00000      -0.00000       0.00000 p1_bpx_aei_ip_05_03_r6_grove
 125     -34.86650     -97.31740    2346.27920       0.00000      -0.00000       0.00000 p1_bpx_aei_ho_05_03_r6_grove
 126     -16.97860      97.34880    2383.90050       0.00000      -0.00000       0.00000 p1_bpx_aei_ip_05_03_r6_flat
 127     -16.58310     -97.30750    2384.04010       0.00000      -0.00000       0.00000 p1_bpx_aei_ho_05_03_r6_flat
 128      98.26982      -0.98925     739.80000       0.00000       0.00000       0.00000 p2_aei_05_par_1
 129     129.69648       0.27059    2041.34000      26.08587       0.00000       0.00000 p2_aei_05_par_2
 130      -8.20066       2.22245    2382.00000    1647.62424       0.54040      -0.00056 p2_aei_05_par_3
 131       0.36768      -0.00184       0.02764       0.00220       0.17543      -0.01321 p2_aei_05
 132     -15.08501       0.00265      66.13753      -0.00640      -0.66308    3141.57949 p2_irm_aei_05_s1_fixed
 133      14.95065       0.00235    2291.93467      -0.00289       0.23172      -0.01321 p2_irm_aei_05_s2_fixed
 134      14.91499       0.00305      66.11763      -0.00640      -0.66308    3141.57949 p2_irm_aei_05_l1_fixed
 135     -15.04935       0.00195    2291.92772      -0.00289       0.23172      -0.01321 p2_irm_aei_05_l2_fixed
 136     -14.84427       0.00034     478.03487      -0.00428      -0.45275      -0.01321 p2_irl_aei_05_s1
 137      15.04884       0.00277    1880.03459       0.00142       0.24554      -0.01321 p2_irl_aei_05_s2
 138      15.24367      -0.00000     950.53022       0.00126       0.07853      -0.01321 p2_irl_aei_05_l1
 139     -14.83805       0.00092    1407.52671       0.00381       0.22396      -0.01321 p2_irl_aei_05_l2
 140     -14.75563      -0.00041     941.22796       0.00116       0.07084      -0.01321 p2_irc_aei_05_s1
 141      15.15986       0.00136    1416.83346       0.00382       0.22492      -0.01321 p2_irc_aei_05_s2
 142      15.16402       0.00129    1398.23339       0.00381       0.22298      -0.01321 p2_irc_aei_05_l1
 143     -14.75709      -0.00039     959.82777       0.00135       0.08598      -0.01321 p2_irc_aei_05_l2
 144      -0.12902       0.00327       0.02755      -0.00644      -0.66718      -0.01321 p2_irt_aei_05_r1
 145       0.11628       0.00092     397.02794      -0.00495      -0.51927      -0.01321 p2_irt_aei_05_r2
 146       0.24425      -0.00026     794.02869      -0.00054      -0.08227      -0.01321 p2_irt_aei_05_r3
 147       0.20756       0.00035    1191.02959       0.00315       0.19549      -0.01321 p2_irt_aei_05_r4
 148       0.12006       0.00180    1588.03043       0.00352       0.23877      -0.01321 p2_irt_aei_05_r5
 149       0.02317       0.00265    1985.03103       0.00018       0.24279      -0.01321 p2_irt_aei_05_r6
 150      -0.07019       0.00188    2382.03118      -0.00307       0.23109      -0.01321 p2_irt_aei_05_r7
 151     -36.94538      97.70529      14.78885      -0.00644      -0.66698      -0.01321 p2_bpx_aei_ip_05_07_r1_cone
 152     -36.56197     -97.07340      14.85324      -0.00644      -0.66698      -0.01321 p2_bpx_aei_ho_05_07_r1_cone
 153      38.96653      97.86258      17.00192      -0.00644      -0.66691      -0.01321 p2_bpx_aei_ip_05_07_r1_flat
 154      39.34674     -96.92311      17.05691      -0.00644      -0.66691      -0.01321 p2_bpx_aei_ho_05_07_r1_flat
 155      26.21164      97.79726      56.97313      -0.00641      -0.66414      -0.01321 p2_bpx_aei_ip_05_07_r1_grove
 156      26.59635     -96.90744      57.02653      -0.00641      -0.66413      -0.01321 p2_bpx_aei_ho_05_07_r1_grove
 157      23.73345      97.77252      88.85681      -0.00636      -0.65978      -0.01321 p2_bpx_aei_ip_05_03_r1_cone
 158      24.13026     -96.87278      88.91701      -0.00636      -0.65976      -0.01321 p2_bpx_aei_ho_05_03_r1_cone
 159     -50.74692      97.62354     103.69303      -0.00634      -0.65710      -0.01321 p2_bpx_aei_ip_05_03_r1_grove
 160     -50.34690     -97.01915     103.76463      -0.00634      -0.65709      -0.01321 p2_bpx_aei_ho_05_03_r1_grove
 161     -31.51056      97.62346     140.97626      -0.00625      -0.64854      -0.01321 p2_bpx_aei_ip_05_03_r1_flat
 162     -31.11025     -96.93243     141.03918      -0.00625      -0.64853      -0.01321 p2_bpx_aei_ho_05_03_r1_flat
 163       0.02088      73.89605     193.28132      -0.00609      -0.63213      -0.01321 p2_srg_aei_05_r1_90deg
 164      52.28589      52.29344     193.27875      -0.00609      -0.63212      -0.01321 p2_srg_aei_05_r1_45deg
 165     -52.16521      52.25796     193.35527      -0.00609      -0.63212      -0.01321 p2_srg_aei_05_r1_135deg
 166      55.45419       0.00279     193.29263      -0.00609      -0.63212      -0.01321 p2_srg_aei_05_r1_front
 167     -55.41679       0.00132     193.41351      -0.00609      -0.63210      -0.01321 p2_srg_aei_05_r1_rear
 168     -52.17484     -51.52124     193.51774      -0.00609      -0.63206      -0.01321 p2_srg_aei_05_r1_225deg
 169      52.22568     -51.50306     193.45496      -0.00609      -0.63206      -0.01321 p2_srg_aei_05_r1_315deg
 170       0.01037     -73.09485     193.51903      -0.00609      -0.63205      -0.01321 p2_srg_aei_05_r1_270deg
 171      50.49880    -209.56331     248.57967      -0.00586      -0.60919      -0.01321 p2_baz_aei_05_04_r1_cone
 171      50.49880    -209.56331     248.57967      -0.00586      -0.60919      -0.01321 p2_baz_aei_05_03_r1_cone
 172     -25.43632    -209.73252     249.26072      -0.00585      -0.60889      -0.01321  p2_baz_aei_05_04_r1_grove
 172     -25.43632    -209.73252     249.26072      -0.00585      -0.60889      -0.01321  p2_baz_aei_05_03_r1_grove
 173     -13.48552    -209.68319     289.47988      -0.00565      -0.58856      -0.01321 p2_baz_aei_05_04_r1_flat
 173     -13.48552    -209.68319     289.47988      -0.00565      -0.58856      -0.01321 p2_baz_aei_05_03_r1_flat
 174     -38.33969      97.52128     324.92559      -0.00544      -0.56813      -0.01321 p2_bpx_aei_ip_05_07_r2_cone
 175     -37.89842     -97.08351     325.09508      -0.00544      -0.56802      -0.01321 p2_bpx_aei_ho_05_07_r2_cone
 176      37.55390      97.68907     327.66624      -0.00543      -0.56642      -0.01321 p2_bpx_aei_ip_05_07_r2_flat
 177      38.00289     -96.89672     327.87514      -0.00542      -0.56630      -0.01321 p2_bpx_aei_ho_05_07_r2_flat
 178      24.51827      97.67469     367.54081      -0.00516      -0.54041      -0.01321 p2_bpx_aei_ip_05_07_r2_grove
 179      24.94405     -96.87641     367.74528      -0.00516      -0.54027      -0.01321 p2_bpx_aei_ho_05_07_r2_grove
 180      28.03062      97.71226     402.10274      -0.00491      -0.51545      -0.01321 p2_bpx_aei_ip_05_03_r2_cone
 181      28.43720     -96.82904     402.30618      -0.00491      -0.51530      -0.01321 p2_bpx_aei_ho_05_03_r2_cone
 182     -46.53170      97.57040     416.42588      -0.00480      -0.50448      -0.01321 p2_bpx_aei_ip_05_03_r2_grove
 183     -46.14865     -96.95359     416.58515      -0.00480      -0.50435      -0.01321 p2_bpx_aei_ho_05_03_r2_grove
 184     -27.57108      97.60938     453.83391      -0.00450      -0.47392      -0.01321 p2_bpx_aei_ip_05_03_r2_flat
 185     -27.19493     -96.84582     454.00575      -0.00449      -0.47377      -0.01321 p2_bpx_aei_ho_05_03_r2_flat
 186      55.54404       0.10137     478.02580      -0.00428      -0.45273      -0.01321 p2_irl_aei_05_r1_front
 187     -36.27847    -209.84392     549.20165      -0.00359      -0.38415      -0.01321 p2_baz_aei_05_06_r1_cone
 187     -36.27847    -209.84392     549.20165      -0.00359      -0.38415      -0.01321 p2_baz_aei_05_07_r1_cone
 188      37.88858    -209.61950     565.54638      -0.00342      -0.36702      -0.01321 p2_baz_aei_05_06_r1_flat
 188      37.88858    -209.61950     565.54638      -0.00342      -0.36702      -0.01321 p2_baz_aei_05_07_r1_flat
 189      17.89728    -209.66138     602.43009      -0.00301      -0.32660      -0.01321  p2_baz_aei_05_06_r1_grove
 189      17.89728    -209.66138     602.43009      -0.00301      -0.32660      -0.01321  p2_baz_aei_05_07_r1_grove
 190      -5.67966      42.29573     720.07307      -0.00155      -0.18060      -0.01321 p2_slm_aei_05_surf_r1
 191     -37.53214      97.48853     812.33063      -0.00031      -0.06002      -0.01321 p2_bpx_aei_ip_05_07_r3_cone
 192     -37.06466     -97.19206     812.33214      -0.00031      -0.06002      -0.01321 p2_bpx_aei_ho_05_07_r3_cone
 193      38.32577      97.67933     815.93295      -0.00027      -0.05575      -0.01321 p2_bpx_aei_ip_05_07_r3_flat
 194      38.78925     -97.03056     815.96707      -0.00026      -0.05571      -0.01321 p2_bpx_aei_ho_05_07_r3_flat
 195      24.84498      97.63615     855.66214       0.00022      -0.01098      -0.01321 p2_bpx_aei_ip_05_07_r3_grove
 196      25.29015     -97.03014     855.68628       0.00022      -0.01095      -0.01321 p2_bpx_aei_ho_05_07_r3_grove
 197      27.63128      97.63600     892.44518       0.00064       0.02664      -0.01321 p2_bpx_aei_ip_05_03_r3_cone
 198      28.06225     -96.99579     892.47101       0.00064       0.02667      -0.01321 p2_bpx_aei_ho_05_03_r3_cone
 199     -46.67449     -97.15727     905.91546       0.00079       0.03950      -0.01321 p2_bpx_aei_ho_05_03_r3_grove
 200     -47.10156      97.49973     905.91919       0.00079       0.03950      -0.01321 p2_bpx_aei_ip_05_03_r3_grove
 201     -28.55939      97.51971     943.53681       0.00119       0.07277      -0.01321 p2_bpx_aei_ip_05_03_r3_flat
 202     -28.14602     -97.07159     943.54157       0.00119       0.07278      -0.01321 p2_bpx_aei_ho_05_03_r3_flat
 203      55.43557      -0.08697     950.56408       0.00126       0.07855      -0.01321 p2_irc_aei_05_r1_front
 204      55.48125      -0.02126    1179.28645       0.00308       0.19344      -0.01321 p2_mid_aei_05_front
 205     -36.73505      97.50903    1241.28547       0.00340       0.20314      -0.01321 p2_bpx_aei_ip_05_07_r4_cone
 206     -36.46533     -97.12207    1241.55198       0.00340       0.20318      -0.01321 p2_bpx_aei_ho_05_07_r4_cone
 207      39.08681      97.55504    1245.41470       0.00342       0.20374      -0.01321 p2_bpx_aei_ip_05_07_r4_flat
 208      39.36283     -96.95015    1245.68493       0.00342       0.20378      -0.01321 p2_bpx_aei_ho_05_07_r4_flat
 209      25.33013      97.57470    1285.04191       0.00357       0.20929      -0.01321 p2_bpx_aei_ip_05_07_r4_grove
 210      25.60124     -96.95360    1285.32367       0.00357       0.20932      -0.01321 p2_bpx_aei_ho_05_07_r4_grove
 211      40.74285      97.63213    1319.43789       0.00368       0.21378      -0.01321 p2_bpx_aei_ip_05_03_r4_cone
 212      41.01116     -96.92707    1319.71276       0.00368       0.21382      -0.01321 p2_bpx_aei_ho_05_03_r4_cone
 213     -34.07393      97.59409    1332.39767       0.00371       0.21540      -0.01321 p2_bpx_aei_ip_05_03_r4_grove
 214     -33.81391     -97.06231    1332.66094       0.00371       0.21544      -0.01321 p2_bpx_aei_ho_05_03_r4_grove
 215     -15.78165      97.62477    1370.15741       0.00378       0.21988      -0.01321 p2_bpx_aei_ip_05_03_r4_flat
 216     -15.52114     -96.98673    1370.42550       0.00378       0.21991      -0.01321 p2_bpx_aei_ho_05_03_r4_flat
 217      55.33503      -0.10725    1407.59483       0.00381       0.22396      -0.01321 p2_irc_aei_05_r2_front
 218     -28.20567    -172.55973    1465.70464       0.00381       0.22962      -0.01321  p2_baz_aei_05_06_r2_grove
 218     -28.20567    -172.55973    1465.70464       0.00381       0.22962      -0.01321  p2_baz_aei_05_04_r2_grove
 219      42.17293    -172.43509    1494.26526       0.00377       0.23209      -0.01321 p2_baz_aei_05_06_r2_cone
 219      42.17293    -172.43509    1494.26526       0.00377       0.23209      -0.01321 p2_baz_aei_05_04_r2_cone
 220     -32.62413    -172.62893    1507.42949       0.00375       0.23316      -0.01321 p2_baz_aei_05_06_r2_flat
 220     -32.62413    -172.62893    1507.42949       0.00375       0.23316      -0.01321 p2_baz_aei_05_04_r2_flat
 221     -27.29796      97.39970    1666.24692       0.00316       0.24267      -0.01321 p2_bpx_aei_ip_05_07_r5_cone
 222     -26.98294     -97.32890    1666.47131       0.00316       0.24268      -0.01321 p2_bpx_aei_ho_05_07_r5_cone
 223      48.53343      97.50691    1670.41724       0.00314       0.24283      -0.01321 p2_bpx_aei_ip_05_07_r5_flat
 224      48.85284     -97.15088    1670.63403       0.00313       0.24284      -0.01321 p2_bpx_aei_ho_05_07_r5_flat
 225      34.74567      97.52595    1710.04064       0.00289       0.24418      -0.01321 p2_bpx_aei_ip_05_07_r5_grove
 226      35.06869     -97.09205    1710.25668       0.00289       0.24419      -0.01321 p2_bpx_aei_ho_05_07_r5_grove
 227      46.76286      97.61334    1759.13554       0.00254       0.24532      -0.01321 p2_bpx_aei_ip_05_03_r5_cone
 228      47.09367     -96.96925    1759.34892       0.00254       0.24532      -0.01321 p2_bpx_aei_ho_05_03_r5_cone
 229     -28.07101      97.50079    1772.03871       0.00244       0.24551      -0.01321 p2_bpx_aei_ip_05_03_r5_grove
 230     -27.74229     -97.06441    1772.25566       0.00243       0.24552      -0.01321 p2_bpx_aei_ho_05_03_r5_grove
 231      -9.80879      97.55691    1809.80008       0.00211       0.24586      -0.01321 p2_bpx_aei_ip_05_03_r5_flat
 232      -9.47548     -96.93228    1810.02317       0.00211       0.24586      -0.01321 p2_bpx_aei_ho_05_03_r5_flat
 233      55.43315      -0.01880    1880.40281       0.00142       0.24554      -0.01321 p2_irl_aei_05_r2_front
 234     -13.35607      41.42167    2021.80536      -0.00032       0.24117      -0.01321 p2_gim_aei_05_surf_r1
 235      -0.14917      73.72246    2116.75822      -0.00157       0.23660      -0.01321 p2_srg_aei_05_r2_90deg
 236      52.00630      52.25595    2116.80583      -0.00157       0.23660      -0.01321 p2_srg_aei_05_r2_45deg
 237     -52.36661      52.14987    2116.83563      -0.00157       0.23660      -0.01321 p2_srg_aei_05_r2_135deg
 238      55.44808       0.00329    2116.86746      -0.00157       0.23660      -0.01321 p2_srg_aei_05_r2_front
 239      52.50855     -51.32055    2116.89129      -0.00157       0.23660      -0.01321 p2_srg_aei_05_r2_315deg
 240       0.51854     -73.37553    2116.88755      -0.00157       0.23659      -0.01321 p2_srg_aei_05_r2_270deg
 241     -51.88244     -52.21663    2116.88278      -0.00157       0.23659      -0.01321 p2_srg_aei_05_r2_225deg
 242     -55.72734      -0.14348    2116.94186      -0.00157       0.23659      -0.01321 p2_srg_aei_05_r2_rear
 243     -34.69447      97.42462    2207.35482      -0.00242       0.23348      -0.01321 p2_bpx_aei_ip_05_07_r6_cone
 244     -34.26173     -97.18548    2207.49296      -0.00242       0.23347      -0.01321 p2_bpx_aei_ho_05_07_r6_cone
 245      41.14497      97.53411    2211.46523      -0.00245       0.23337      -0.01321 p2_bpx_aei_ip_05_07_r6_flat
 246      41.56390     -96.95379    2211.61475      -0.00245       0.23336      -0.01321 p2_bpx_aei_ho_05_07_r6_flat
 247      27.38324      97.49743    2251.10563      -0.00270       0.23243      -0.01321 p2_bpx_aei_ip_05_07_r6_grove
 248      27.80287     -97.03877    2251.24620      -0.00270       0.23243      -0.01321 p2_bpx_aei_ho_05_07_r6_grove
 249      39.55011      97.47375    2333.18474      -0.00301       0.23128      -0.01321 p2_bpx_aei_ip_05_03_r6_cone
 250      39.95835     -97.12704    2333.33165      -0.00301       0.23127      -0.01321 p2_bpx_aei_ho_05_03_r6_cone
 251     -35.27058      97.35442    2346.15384      -0.00304       0.23119      -0.01321 p2_bpx_aei_ip_05_03_r6_grove
 252     -34.86684     -97.31687    2346.28104      -0.00304       0.23119      -0.01321 p2_bpx_aei_ho_05_03_r6_grove
 253     -16.97731      97.34655    2383.89877      -0.00307       0.23109      -0.01321 p2_bpx_aei_ip_05_03_r6_flat
 254     -16.58287     -97.31025    2384.04176      -0.00307       0.23109      -0.01321 p2_bpx_aei_ho_05_03_r6_flat
 255       2.75811       0.85753     739.80000       0.00000       0.00000       0.00000 p3_aei_05_par_1
 256     144.75560       7.64071    2041.34000      26.08587       0.00000       0.00000 p3_aei_05_par_2
 257      90.35253       4.18805    2382.00000    1231.15178       0.00534       0.00038 p3_aei_05_par_3
 258      -0.08671       0.00047      -0.01015       0.00163      -0.04140       0.01722 p3_aei_05
 259     -14.99051       0.00179      66.08858       0.00181       0.09218   -3141.57539 p3_irm_aei_05_s1_fixed
 260      14.98788       0.00282    2291.89490      -0.00457       0.07715       0.01722 p3_irm_aei_05_s2_fixed
 261      15.00949       0.00128      66.09134       0.00181       0.09218   -3141.57539 p3_irm_aei_05_l1_fixed
 262     -15.01212       0.00334    2291.89258      -0.00457       0.07715       0.01722 p3_irm_aei_05_l2_fixed
 263     -15.02938       0.00226     477.98906      -0.00002       0.09808       0.01722 p3_irl_aei_05_s1
 264      14.98854       0.00326    1879.99112       0.00333      -0.09287       0.01722 p3_irl_aei_05_s2
 265      14.92278       0.00072     950.49230      -0.00333       0.08395       0.01722 p3_irl_aei_05_l1
 266     -15.07184       0.00138    1407.49328       0.00451      -0.11136       0.01722 p3_irl_aei_05_l2
 267     -15.07643       0.00127     941.18974      -0.00338       0.08624       0.01722 p3_irc_aei_05_s1
 268      14.92921       0.00091    1416.78991       0.00463      -0.11397       0.01722 p3_irc_aei_05_s2
 269      14.92713       0.00082    1398.18997       0.00440      -0.10863       0.01722 p3_irc_aei_05_l1
 270     -15.07799       0.00121     959.78983      -0.00327       0.08154       0.01722 p3_irc_aei_05_l2
 271       0.01558       0.00141      -0.01016       0.00185       0.09206       0.01722 p3_irt_aei_05_r1
 272      -0.02152       0.00198     396.99043       0.00056       0.09621       0.01722 p3_irt_aei_05_r2
 273      -0.06187       0.00152     793.99087      -0.00317       0.10656       0.01722 p3_irt_aei_05_r3
 274      -0.08689       0.00054    1190.99132       0.00042      -0.01688       0.01722 p3_irt_aei_05_r4
 275      -0.04842       0.00208    1587.99190       0.00570      -0.14067       0.01722 p3_irt_aei_05_r5
 276      -0.00399       0.00376    1984.99278       0.00118      -0.04691       0.01722 p3_irt_aei_05_r6
 277      -0.01949       0.00265    2381.99408      -0.00490       0.08416       0.01722 p3_irt_aei_05_r7
 278     -36.94270      97.70738      14.79149       0.00185       0.09207       0.01722 p3_bpx_aei_ip_05_07_r1_cone
 279     -36.56176     -97.07103      14.85078       0.00185       0.09207       0.01722 p3_bpx_aei_ho_05_07_r1_cone
 280      38.96770      97.86277      17.00558       0.00185       0.09207       0.01722 p3_bpx_aei_ip_05_07_r1_flat
 281      39.34764     -96.92263      17.05648       0.00185       0.09207       0.01722 p3_bpx_aei_ho_05_07_r1_flat
 282      26.21252      97.79677      56.97338       0.00182       0.09215       0.01722 p3_bpx_aei_ip_05_07_r1_grove
 283      26.59566     -96.90714      57.02447       0.00182       0.09215       0.01722 p3_bpx_aei_ho_05_07_r1_grove
 284      23.73238      97.77157      88.86141       0.00178       0.09227       0.01722 p3_bpx_aei_ip_05_03_r1_cone
 285      24.13052     -96.87514      88.91519       0.00178       0.09227       0.01722 p3_bpx_aei_ho_05_03_r1_cone
 286     -50.74589      97.63038     103.69466       0.00176       0.09234       0.01722 p3_bpx_aei_ip_05_03_r1_grove
 287     -50.34735     -97.02873     103.76204       0.00176       0.09234       0.01722 p3_bpx_aei_ho_05_03_r1_grove
 288     -31.51294      97.62561     140.97829       0.00169       0.09258       0.01722 p3_bpx_aei_ip_05_03_r1_flat
 289     -31.10900     -96.93520     141.03576       0.00169       0.09258       0.01722 p3_bpx_aei_ho_05_03_r1_flat
 290      52.28332      52.29265     193.28454       0.00154       0.09304       0.01722 p3_srg_aei_05_r1_45deg
 291       0.01890      73.89405     193.28514       0.00154       0.09304       0.01722 p3_srg_aei_05_r1_90deg
 292      55.45422       0.00080     193.29532       0.00154       0.09305       0.01722 p3_srg_aei_05_r1_front
 293     -52.16578      52.25745     193.35852       0.00154       0.09305       0.01722 p3_srg_aei_05_r1_135deg
 294     -55.41769       0.00271     193.41430       0.00154       0.09305       0.01722 p3_srg_aei_05_r1_rear
 295      52.22122     -51.52155     193.47049       0.00154       0.09305       0.01722 p3_srg_aei_05_r1_315deg
 296       0.00854     -73.09365     193.52227       0.00154       0.09305       0.01722 p3_srg_aei_05_r1_270deg
 297     -52.17639     -51.52295     193.52028       0.00154       0.09305       0.01722 p3_srg_aei_05_r1_225deg
 298      50.49835    -209.56884     248.57795       0.00134       0.09369       0.01722 p3_baz_aei_05_04_r1_cone
 298      50.49835    -209.56884     248.57795       0.00134       0.09369       0.01722 p3_baz_aei_05_03_r1_cone
 299     -25.43871    -209.73793     249.25923       0.00134       0.09370       0.01722  p3_baz_aei_05_04_r1_grove
 299     -25.43871    -209.73793     249.25923       0.00134       0.09370       0.01722  p3_baz_aei_05_03_r1_grove
 300     -13.48439    -209.69239     289.47946       0.00116       0.09427       0.01722 p3_baz_aei_05_04_r1_flat
 300     -13.48439    -209.69239     289.47946       0.00116       0.09427       0.01722 p3_baz_aei_05_03_r1_flat
 301     -38.33835      97.52088     324.92561       0.00098       0.09484       0.01722 p3_bpx_aei_ip_05_07_r2_cone
 302     -37.89902     -97.08413     325.09034       0.00098       0.09484       0.01722 p3_bpx_aei_ho_05_07_r2_cone
 303      37.55359      97.69028     327.66861       0.00097       0.09489       0.01722 p3_bpx_aei_ip_05_07_r2_flat
 304      38.00232     -96.89543     327.87454       0.00097       0.09489       0.01722 p3_bpx_aei_ho_05_07_r2_flat
 305      24.51719      97.67293     367.54327       0.00074       0.09562       0.01722 p3_bpx_aei_ip_05_07_r2_grove
 306      24.94212     -96.87747     367.74265       0.00074       0.09562       0.01722 p3_bpx_aei_ho_05_07_r2_grove
 307      28.02897      97.71350     402.10559       0.00053       0.09632       0.01722 p3_bpx_aei_ip_05_03_r2_cone
 308      28.43541     -96.82791     402.30753       0.00052       0.09632       0.01722 p3_bpx_aei_ho_05_03_r2_cone
 309     -46.53361      97.57389     416.42732       0.00043       0.09663       0.01722 p3_bpx_aei_ip_05_03_r2_grove
 310     -46.14858     -96.95482     416.58454       0.00043       0.09663       0.01722 p3_bpx_aei_ho_05_03_r2_grove
 311     -27.57024      97.61227     453.83710       0.00016       0.09749       0.01722 p3_bpx_aei_ip_05_03_r2_flat
 312     -27.19540     -96.84663     454.00516       0.00016       0.09749       0.01722 p3_bpx_aei_ho_05_03_r2_flat
 313      55.53822       0.09834     478.02808      -0.00002       0.09808       0.01722 p3_irl_aei_05_r1_front
 314     -36.27875    -209.84240     549.19875      -0.00062       0.10001       0.01722 p3_baz_aei_05_06_r1_cone
 314     -36.27875    -209.84240     549.19875      -0.00062       0.10001       0.01722 p3_baz_aei_05_07_r1_cone
 315      37.88762    -209.61959     565.54348      -0.00077       0.10049       0.01722 p3_baz_aei_05_06_r1_flat
 315      37.88762    -209.61959     565.54348      -0.00077       0.10049       0.01722 p3_baz_aei_05_07_r1_flat
 316      17.89689    -209.65968     602.42955      -0.00112       0.10162       0.01722  p3_baz_aei_05_06_r1_grove
 316      17.89689    -209.65968     602.42955      -0.00112       0.10162       0.01722  p3_baz_aei_05_07_r1_grove
 317      -5.96486      42.29743     720.07337      -0.00240       0.10572       0.01722 p3_slm_aei_05_surf_r1
 318     -37.07039     -97.20180     812.32736      -0.00329       0.10566       0.01722 p3_bpx_aei_ho_05_07_r3_cone
 319     -37.52754      97.49300     812.32965      -0.00329       0.10566       0.01722 p3_bpx_aei_ip_05_07_r3_cone
 320      38.32948      97.68269     815.93597      -0.00331       0.10543       0.01722 p3_bpx_aei_ip_05_07_r3_flat
 321      38.78973     -97.02632     815.96547      -0.00331       0.10543       0.01722 p3_bpx_aei_ho_05_07_r3_flat
 322      24.84616      97.64168     855.66291      -0.00347       0.10170       0.01722 p3_bpx_aei_ip_05_07_r3_grove
 323      25.29011     -97.02863     855.68538      -0.00347       0.10170       0.01722 p3_bpx_aei_ho_05_07_r3_grove
 324      27.63271      97.63831     892.44479      -0.00351       0.09629       0.01722 p3_bpx_aei_ip_05_03_r3_cone
 325      28.06396     -96.99820     892.46805      -0.00351       0.09629       0.01722 p3_bpx_aei_ho_05_03_r3_cone
 326     -46.67402     -97.15426     905.91838      -0.00349       0.09384       0.01722 p3_bpx_aei_ho_05_03_r3_grove
 327     -47.10247      97.50375     905.92022      -0.00349       0.09384       0.01722 p3_bpx_aei_ip_05_03_r3_grove
 328     -28.55575      97.52310     943.53922      -0.00336       0.08568       0.01722 p3_bpx_aei_ip_05_03_r3_flat
 329     -28.14260     -97.07431     943.54160      -0.00336       0.08568       0.01722 p3_bpx_aei_ho_05_03_r3_flat
 330      55.43867      -0.08717     950.56260      -0.00333       0.08394       0.01722 p3_irc_aei_05_r1_front
 331      55.48395      -0.02102    1179.28814       0.00013      -0.01012       0.01722 p3_mid_aei_05_front
 332     -36.73375      97.51102    1241.28786       0.00163      -0.04460       0.01722 p3_bpx_aei_ip_05_07_r4_cone
 333     -36.46659     -97.12678    1241.54997       0.00164      -0.04473       0.01722 p3_bpx_aei_ho_05_07_r4_cone
 334      39.08784      97.55462    1245.41909       0.00172      -0.04672       0.01722 p3_bpx_aei_ip_05_07_r4_flat
 335      39.36010     -96.94958    1245.68501       0.00173      -0.04686       0.01722 p3_bpx_aei_ho_05_07_r4_flat
 336      25.32958      97.57864    1285.04441       0.00256      -0.06587       0.01722 p3_bpx_aei_ip_05_07_r4_grove
 337      25.59945     -96.95446    1285.32229       0.00256      -0.06600       0.01722 p3_bpx_aei_ho_05_07_r4_grove
 338      40.74200      97.63368    1319.43908       0.00320      -0.08074       0.01722 p3_bpx_aei_ip_05_03_r4_cone
 339      41.00778     -96.93263    1319.71077       0.00321      -0.08085       0.01722 p3_bpx_aei_ho_05_03_r4_cone
 340     -34.07322      97.59621    1332.39869       0.00342      -0.08592       0.01722 p3_bpx_aei_ip_05_03_r4_grove
 341     -33.81425     -97.06660    1332.66184       0.00343      -0.08602       0.01722 p3_bpx_aei_ho_05_03_r4_grove
 342     -15.78241      97.62553    1370.15933       0.00402      -0.09968       0.01722 p3_bpx_aei_ip_05_03_r4_flat
 343     -15.52053     -96.98757    1370.42429       0.00402      -0.09977       0.01722 p3_bpx_aei_ho_05_03_r4_flat
 344      55.33707      -0.10443    1407.59324       0.00452      -0.11139       0.01722 p3_irc_aei_05_r2_front
 345     -28.20599    -172.56361    1465.70332       0.00512      -0.12572       0.01722  p3_baz_aei_05_06_r2_grove
 345     -28.20599    -172.56361    1465.70332       0.00512      -0.12572       0.01722  p3_baz_aei_05_04_r2_grove
 346      42.17408    -172.43537    1494.26703       0.00534      -0.13106       0.01722 p3_baz_aei_05_06_r2_cone
 346      42.17408    -172.43537    1494.26703       0.00534      -0.13106       0.01722 p3_baz_aei_05_04_r2_cone
 347     -32.62258    -172.62821    1507.42974       0.00542      -0.13314       0.01722 p3_baz_aei_05_06_r2_flat
 347     -32.62258    -172.62821    1507.42974       0.00542      -0.13314       0.01722 p3_baz_aei_05_04_r2_flat
 348     -27.30023      97.39699    1666.24780       0.00558      -0.13940       0.01722 p3_bpx_aei_ip_05_07_r5_cone
 349     -26.98265     -97.33272    1666.47025       0.00558      -0.13939       0.01722 p3_bpx_aei_ho_05_07_r5_cone
 350      48.53085      97.50951    1670.41656       0.00557      -0.13910       0.01722 p3_bpx_aei_ip_05_07_r5_flat
 351      48.85433     -97.14890    1670.63220       0.00557      -0.13908       0.01722 p3_bpx_aei_ho_05_07_r5_flat
 352      34.74559      97.52726    1710.04102       0.00535      -0.13500       0.01722 p3_bpx_aei_ip_05_07_r5_grove
 353      35.06907     -97.08954    1710.25662       0.00535      -0.13498       0.01722 p3_bpx_aei_ho_05_07_r5_grove
 354      46.76234      97.61401    1759.13581       0.00495      -0.12693       0.01722 p3_bpx_aei_ip_05_03_r5_cone
 355      47.09431     -96.96700    1759.34834       0.00495      -0.12689       0.01722 p3_bpx_aei_ho_05_03_r5_cone
 356     -28.07245      97.50156    1772.04018       0.00482      -0.12425       0.01722 p3_bpx_aei_ip_05_03_r5_grove
 357     -27.74197     -97.06485    1772.25517       0.00482      -0.12421       0.01722 p3_bpx_aei_ho_05_03_r5_grove
 358      -9.81002      97.55732    1809.79965       0.00438      -0.11511       0.01722 p3_bpx_aei_ip_05_03_r5_flat
 359      -9.47264     -96.93449    1810.02196       0.00438      -0.11505       0.01722 p3_bpx_aei_ho_05_03_r5_flat
 360      55.43108      -0.01743    1880.40207       0.00332      -0.09272       0.01722 p3_irl_aei_05_r2_front
 361     -13.37210      41.42352    2021.80653       0.00026      -0.02720       0.01722 p3_gim_aei_05_surf_r1
 362      -0.14987      73.72090    2116.75930      -0.00208       0.02345       0.01722 p3_srg_aei_05_r2_90deg
 363      52.00456      52.25681    2116.80778      -0.00209       0.02347       0.01722 p3_srg_aei_05_r2_45deg
 364     -52.36774      52.14910    2116.83593      -0.00209       0.02349       0.01722 p3_srg_aei_05_r2_135deg
 365      55.45396       0.00275    2116.86696      -0.00209       0.02350       0.01722 p3_srg_aei_05_r2_front
 366     -51.88194     -52.21831    2116.88453      -0.00209       0.02351       0.01722 p3_srg_aei_05_r2_225deg
 367       0.52039     -73.37541    2116.88781      -0.00209       0.02351       0.01722 p3_srg_aei_05_r2_270deg
 368      52.50677     -51.32440    2116.89368      -0.00209       0.02351       0.01722 p3_srg_aei_05_r2_315deg
 369     -55.72505      -0.14404    2116.94034      -0.00209       0.02354       0.01722 p3_srg_aei_05_r2_rear
 370     -34.69485      97.42543    2207.35400      -0.00368       0.05784       0.01722 p3_bpx_aei_ip_05_07_r6_cone
 371     -34.26001     -97.18618    2207.49170      -0.00368       0.05788       0.01722 p3_bpx_aei_ho_05_07_r6_cone
 372      41.14561      97.53521    2211.46385      -0.00373       0.05906       0.01722 p3_bpx_aei_ip_05_07_r6_flat
 373      41.56455     -96.95270    2211.61375      -0.00374       0.05911       0.01722 p3_bpx_aei_ho_05_07_r6_flat
 374      27.38296      97.49869    2251.10640      -0.00421       0.06937       0.01722 p3_bpx_aei_ip_05_07_r6_grove
 375      27.80490     -97.03992    2251.24602      -0.00421       0.06941       0.01722 p3_bpx_aei_ho_05_07_r6_grove
 376      39.54976      97.47471    2333.18781      -0.00480       0.08210       0.01722 p3_bpx_aei_ip_05_03_r6_cone
 377      39.95890     -97.13090    2333.33251      -0.00480       0.08211       0.01722 p3_bpx_aei_ho_05_03_r6_cone
 378     -35.27181      97.35603    2346.15459      -0.00485       0.08305       0.01722 p3_bpx_aei_ip_05_03_r6_grove
 379     -34.86688     -97.31668    2346.27878      -0.00485       0.08306       0.01722 p3_bpx_aei_ho_05_03_r6_grove
 380     -16.97808      97.34683    2383.90064      -0.00490       0.08416       0.01722 p3_bpx_aei_ip_05_03_r6_flat
 381     -16.58394     -97.30957    2384.04112      -0.00490       0.08416       0.01722 p3_bpx_aei_ho_05_03_r6_flat
 382     -79.84129       5.95218     739.80000       0.00000       0.00000       0.00000 p4_aei_05_par_1
 383     -79.63453      15.44959    2041.34000      26.08587       0.00000       0.00000 p4_aei_05_par_2
 384      23.01334      -2.45667    2382.00000    4629.87340      -1.81921      -0.00102 p4_aei_05_par_3
 385      -0.32437       0.01151      -0.01962      -0.00120      -0.15441       0.03818 p4_aei_05
 386     -14.93632      -0.00253      66.07235       0.03152       0.55576   -3141.55443 p4_irm_aei_05_s1_fixed
 387      15.03819       0.01211    2291.88084       0.01544      -0.17947       0.03818 p4_irm_aei_05_s2_fixed
 388      15.06368      -0.00368      66.08902       0.03152       0.55576   -3141.55443 p4_irm_aei_05_l1_fixed
 389     -14.96181       0.01325    2291.88622       0.01544      -0.17947       0.03818 p4_irm_aei_05_l2_fixed
 390     -15.13892       0.00849     477.97717       0.01877       0.38487       0.03818 p4_irl_aei_05_s1
 391      14.95641       0.00664    1879.98248       0.00999      -0.22143       0.03818 p4_irl_aei_05_s2
 392      14.78195       0.00874     950.48436      -0.01110      -0.05209       0.03819 p4_irl_aei_05_l1
 393     -15.14875       0.00575    1407.48937      -0.00233      -0.20679       0.03818 p4_irl_aei_05_l2
 394     -15.21850       0.00999     941.18579      -0.01084      -0.04539       0.03819 p4_irc_aei_05_s1
 395      14.85318       0.00459    1416.78316      -0.00203      -0.20806       0.03818 p4_irc_aei_05_s2
 396      14.84933       0.00463    1398.18318      -0.00263      -0.20549       0.03818 p4_irc_aei_05_l1
 397     -15.21753       0.00978     959.78605      -0.01135      -0.05863       0.03819 p4_irc_aei_05_l2
 398       0.10056      -0.00520      -0.01968       0.03177       0.55909       0.03818 p4_irt_aei_05_r1
 399      -0.10549       0.00623     396.98251       0.02280       0.43891       0.03818 p4_irt_aei_05_r2
 400      -0.21622       0.01054     793.98450      -0.00353       0.08352       0.03818 p4_irt_aei_05_r3
 401      -0.18951       0.00648    1190.98589      -0.00987      -0.16618       0.03819 p4_irt_aei_05_r4
 402      -0.10962       0.00526    1587.98632       0.00305      -0.22437       0.03818 p4_irt_aei_05_r5
 403      -0.02084       0.00837    1984.98540       0.01196      -0.21091       0.03818 p4_irt_aei_05_r6
 404       0.05425       0.01408    2381.98276       0.01563      -0.17769       0.03818 p4_irt_aei_05_r7
 405     -36.93201      97.69589      14.80310       0.03175       0.55892       0.03818 p4_bpx_aei_ip_05_07_r1_cone
 406     -36.55426     -97.08293      14.83660       0.03175       0.55892       0.03818 p4_bpx_aei_ho_05_07_r1_cone
 407      38.97699      97.85316      17.02324       0.03175       0.55887       0.03818 p4_bpx_aei_ip_05_07_r1_flat
 408      39.35294     -96.93426      17.04673       0.03175       0.55887       0.03818 p4_bpx_aei_ho_05_07_r1_flat
 409      26.22008      97.78741      56.99240       0.03158       0.55661       0.03818 p4_bpx_aei_ip_05_07_r1_grove
 410      26.59834     -96.91680      57.01126       0.03158       0.55661       0.03818 p4_bpx_aei_ho_05_07_r1_grove
 411      23.73798      97.76601      88.87915       0.03132       0.55307       0.03818 p4_bpx_aei_ip_05_03_r1_cone
 412      24.13004     -96.88221      88.90456       0.03132       0.55306       0.03818 p4_bpx_aei_ho_05_03_r1_cone
 413     -50.74114      97.62952     103.70697       0.03115       0.55088       0.03818 p4_bpx_aei_ip_05_03_r1_grove
 414     -50.34839     -97.02330     103.74785       0.03115       0.55088       0.03818 p4_bpx_aei_ho_05_03_r1_grove
 415     -31.50865      97.61783     140.99286       0.03063       0.54392       0.03818 p4_bpx_aei_ip_05_03_r1_flat
 416     -31.11029     -96.93818     141.02303       0.03063       0.54392       0.03818 p4_bpx_aei_ho_05_03_r1_flat
 417      52.28393      52.28401     193.29988       0.02964       0.53060       0.03818 p4_srg_aei_05_r1_45deg
 418      55.45083      -0.00131     193.31081       0.02964       0.53060       0.03818 p4_srg_aei_05_r1_front
 419       0.01834      73.88240     193.30001       0.02964       0.53059       0.03818 p4_srg_aei_05_r1_90deg
 420     -52.16635      52.25280     193.37086       0.02964       0.53056       0.03818 p4_srg_aei_05_r1_135deg
 421     -55.42216       0.00293     193.40489       0.02964       0.53055       0.03818 p4_srg_aei_05_r1_rear
 422      52.21507     -51.55288     193.47942       0.02964       0.53055       0.03818 p4_srg_aei_05_r1_315deg
 423       0.00462     -73.09639     193.50946       0.02964       0.53053       0.03818 p4_srg_aei_05_r1_270deg
 424     -52.17918     -51.52360     193.50884       0.02963       0.53053       0.03818 p4_srg_aei_05_r1_225deg
 425      50.48240    -209.57092     248.56818       0.02825       0.51198       0.03818 p4_baz_aei_05_04_r1_cone
 425      50.48240    -209.57092     248.56818       0.02825       0.51198       0.03818 p4_baz_aei_05_03_r1_cone
 426     -25.45248    -209.73950     249.24621       0.02823       0.51171       0.03818  p4_baz_aei_05_04_r1_grove
 426     -25.45248    -209.73950     249.24621       0.02823       0.51171       0.03818  p4_baz_aei_05_03_r1_grove
 427     -13.49863    -209.68455     289.46753       0.02700       0.49519       0.03818 p4_baz_aei_05_04_r1_flat
 427     -13.49863    -209.68455     289.46753       0.02700       0.49519       0.03818 p4_baz_aei_05_03_r1_flat
 428     -38.33959      97.51904     324.94159       0.02576       0.47856       0.03818 p4_bpx_aei_ip_05_07_r2_cone
 429     -37.90698     -97.08218     325.07841       0.02575       0.47850       0.03818 p4_bpx_aei_ho_05_07_r2_cone
 430      37.55193      97.68451     327.68938       0.02566       0.47721       0.03818 p4_bpx_aei_ip_05_07_r2_flat
 431      37.99552     -96.89991     327.86328       0.02565       0.47713       0.03818 p4_bpx_aei_ho_05_07_r2_flat
 432      24.51611      97.67590     367.56162       0.02408       0.45607       0.03818 p4_bpx_aei_ip_05_07_r2_grove
 433      24.93471     -96.87832     367.73080       0.02407       0.45598       0.03818 p4_bpx_aei_ho_05_07_r2_grove
 434      28.02710      97.71307     402.12439       0.02257       0.43578       0.03818 p4_bpx_aei_ip_05_03_r2_cone
 435      28.42550     -96.83444     402.29446       0.02256       0.43568       0.03818 p4_bpx_aei_ho_05_03_r2_cone
 436     -46.53481      97.57593     416.44717       0.02190       0.42682       0.03818 p4_bpx_aei_ip_05_03_r2_grove
 437     -46.15759     -96.94938     416.57549       0.02189       0.42675       0.03818 p4_bpx_aei_ho_05_03_r2_grove
 438     -27.57101      97.61529     453.85573       0.02005       0.40200       0.03818 p4_bpx_aei_ip_05_03_r2_flat
 439     -27.19949     -96.84032     453.99388       0.02004       0.40191       0.03818 p4_bpx_aei_ho_05_03_r2_flat
 440      55.54117       0.10969     478.03947       0.01877       0.38484       0.03818 p4_irl_aei_05_r1_front
 441     -36.28641    -209.83661     549.18690       0.01461       0.32909       0.03818 p4_baz_aei_05_06_r1_cone
 441     -36.28641    -209.83661     549.18690       0.01461       0.32909       0.03818 p4_baz_aei_05_07_r1_cone
 442      37.88035    -209.61772     565.52774       0.01358       0.31522       0.03818 p4_baz_aei_05_06_r1_flat
 442      37.88035    -209.61772     565.52774       0.01358       0.31522       0.03818 p4_baz_aei_05_07_r1_flat
 443      17.89252    -209.65810     602.41483       0.01112       0.28236       0.03818  p4_baz_aei_05_06_r1_grove
 443      17.89252    -209.65810     602.41483       0.01112       0.28236       0.03818  p4_baz_aei_05_07_r1_grove
 444      -6.11302      42.30512     720.08340       0.00227       0.16369       0.03818 p4_slm_aei_05_surf_r1
 445     -37.06179     -97.19853     812.31132      -0.00476       0.06513       0.03818 p4_bpx_aei_ho_05_07_r3_cone
 446     -37.51946      97.49609     812.34452      -0.00476       0.06510       0.03818 p4_bpx_aei_ip_05_07_r3_cone
 447      38.79758     -97.02724     815.95221      -0.00499       0.06156       0.03818 p4_bpx_aei_ho_05_07_r3_flat
 448      38.33762      97.68868     815.95586      -0.00499       0.06156       0.03818 p4_bpx_aei_ip_05_07_r3_flat
 449      25.29769     -97.02547     855.66918      -0.00730       0.02429       0.03819 p4_bpx_aei_ho_05_07_r3_grove
 450      24.85362      97.64435     855.68169      -0.00730       0.02428       0.03819 p4_bpx_aei_ip_05_07_r3_grove
 451      28.07419     -96.99468     892.45492      -0.00907      -0.00746       0.03819 p4_bpx_aei_ho_05_03_r3_cone
 452      27.63852      97.63994     892.46379      -0.00907      -0.00746       0.03819 p4_bpx_aei_ip_05_03_r3_cone
 453     -46.66434     -97.15155     905.90459      -0.00962      -0.01839       0.03819 p4_bpx_aei_ho_05_03_r3_grove
 454     -47.09451      97.50267     905.93897      -0.00962      -0.01842       0.03819 p4_bpx_aei_ip_05_03_r3_grove
 455     -28.13160     -97.07305     943.52627      -0.01091      -0.04709       0.03819 p4_bpx_aei_ho_05_03_r3_flat
 456     -28.54747      97.52387     943.56021      -0.01091      -0.04712       0.03819 p4_bpx_aei_ip_05_03_r3_flat
 457      55.44395      -0.08211     950.57444      -0.01111      -0.05216       0.03819 p4_irc_aei_05_r1_front
 458      55.48176      -0.02283    1179.29937      -0.01029      -0.16328       0.03819 p4_mid_aei_05_front
 459     -36.73894      97.50082    1241.30178      -0.00801      -0.17752       0.03819 p4_bpx_aei_ip_05_07_r4_cone
 460     -36.46333     -97.12729    1241.53347      -0.00800      -0.17757       0.03819 p4_bpx_aei_ho_05_07_r4_cone
 461      39.08060      97.55490    1245.43758      -0.00786      -0.17840       0.03819 p4_bpx_aei_ip_05_07_r4_flat
 462      39.36292     -96.94962    1245.67200      -0.00785      -0.17845       0.03819 p4_bpx_aei_ho_05_07_r4_flat
 463      25.32274      97.57654    1285.06517      -0.00645      -0.18645       0.03819 p4_bpx_aei_ip_05_07_r4_grove
 464      25.60075     -96.95347    1285.30636      -0.00644      -0.18649       0.03819 p4_bpx_aei_ho_05_07_r4_grove
 465      40.73376      97.63065    1319.46138      -0.00525      -0.19285       0.03818 p4_bpx_aei_ip_05_03_r4_cone
 466      41.00678     -96.92806    1319.69740      -0.00524      -0.19289       0.03818 p4_bpx_aei_ho_05_03_r4_cone
 467     -34.08223      97.59274    1332.41866      -0.00481      -0.19512       0.03818 p4_bpx_aei_ip_05_03_r4_grove
 468     -33.81582     -97.06547    1332.64328      -0.00480      -0.19516       0.03818 p4_bpx_aei_ho_05_03_r4_grove
 469     -15.79094      97.62518    1370.18032      -0.00355      -0.20131       0.03818 p4_bpx_aei_ip_05_03_r4_flat
 470     -15.52342     -96.99043    1370.40548      -0.00354      -0.20135       0.03818 p4_bpx_aei_ho_05_03_r4_flat
 471      55.32807      -0.10394    1407.61140      -0.00233      -0.20681       0.03818 p4_irc_aei_05_r2_front
 472     -28.20829    -172.56353    1465.68634      -0.00051      -0.21408       0.03818  p4_baz_aei_05_06_r2_grove
 472     -28.20829    -172.56353    1465.68634      -0.00051      -0.21408       0.03818  p4_baz_aei_05_04_r2_grove
 473      42.17108    -172.43552    1494.24920       0.00036      -0.21709       0.03818 p4_baz_aei_05_06_r2_cone
 473      42.17108    -172.43552    1494.24920       0.00036      -0.21709       0.03818 p4_baz_aei_05_04_r2_cone
 474     -32.62486    -172.63116    1507.41115       0.00075      -0.21835       0.03818 p4_baz_aei_05_06_r2_flat
 474     -32.62486    -172.63116    1507.41115       0.00075      -0.21835       0.03818 p4_baz_aei_05_04_r2_flat
 475     -27.30790      97.39591    1666.26955       0.00512      -0.22738       0.03818 p4_bpx_aei_ip_05_07_r5_cone
 476     -26.97879     -97.33220    1666.45457       0.00512      -0.22739       0.03818 p4_bpx_aei_ho_05_07_r5_cone
 477      48.52186      97.51004    1670.43599       0.00523      -0.22746       0.03818 p4_bpx_aei_ip_05_07_r5_flat
 478      48.85806     -97.14437    1670.61693       0.00523      -0.22747       0.03818 p4_bpx_aei_ho_05_07_r5_flat
 479      34.73688      97.52729    1710.05846       0.00621      -0.22785       0.03818 p4_bpx_aei_ip_05_07_r5_grove
 480      35.07359     -97.08572    1710.23949       0.00622      -0.22785       0.03818 p4_bpx_aei_ho_05_07_r5_grove
 481      46.75706      97.61287    1759.15295       0.00738      -0.22735       0.03818 p4_bpx_aei_ip_05_03_r5_cone
 482      47.10157     -96.96664    1759.33120       0.00738      -0.22734       0.03818 p4_bpx_aei_ho_05_03_r5_cone
 483     -28.07641      97.49692    1772.05939       0.00768      -0.22703       0.03818 p4_bpx_aei_ip_05_03_r5_grove
 484     -27.73250     -97.06519    1772.24191       0.00768      -0.22703       0.03818 p4_bpx_aei_ho_05_03_r5_grove
 485      -9.81096      97.55383    1809.82007       0.00852      -0.22568       0.03818 p4_bpx_aei_ip_05_03_r5_flat
 486      -9.46265     -96.93468    1810.00635       0.00852      -0.22567       0.03818 p4_bpx_aei_ho_05_03_r5_flat
 487      55.43981      -0.01560    1880.41351       0.01000      -0.22140       0.03818 p4_irl_aei_05_r2_front
 488     -13.37738      41.42723    2021.81517       0.01259      -0.20603       0.03818 p4_gim_aei_05_surf_r1
 489      -0.14752      73.71039    2116.77694       0.01398      -0.19314       0.03818 p4_srg_aei_05_r2_90deg
 490      52.00827      52.24540    2116.81986       0.01398      -0.19314       0.03818 p4_srg_aei_05_r2_45deg
 491     -52.36543      52.14418    2116.84392       0.01398      -0.19314       0.03818 p4_srg_aei_05_r2_135deg
 492     -51.86741     -52.22224    2116.86778       0.01398      -0.19314       0.03818 p4_srg_aei_05_r2_225deg
 493      52.52292     -51.32262    2116.88031       0.01398      -0.19313       0.03818 p4_srg_aei_05_r2_315deg
 494      55.46228       0.00797    2116.88022       0.01398      -0.19313       0.03818 p4_srg_aei_05_r2_front
 495       0.48759     -73.37573    2116.90777       0.01398      -0.19313       0.03818 p4_srg_aei_05_r2_270deg
 496     -55.70951      -0.14459    2116.93650       0.01398      -0.19313       0.03818 p4_srg_aei_05_r2_rear
 497     -34.69474      97.42352    2207.36911       0.01491      -0.18439       0.03818 p4_bpx_aei_ip_05_07_r6_cone
 498     -34.24746     -97.18750    2207.47103       0.01491      -0.18438       0.03818 p4_bpx_aei_ho_05_07_r6_cone
 499      41.14402      97.54179    2211.48580       0.01494      -0.18407       0.03818 p4_bpx_aei_ip_05_07_r6_flat
 500      41.57702     -96.94613    2211.60153       0.01494      -0.18407       0.03818 p4_bpx_aei_ho_05_07_r6_flat
 501      27.37846      97.50371    2251.12650       0.01522      -0.18145       0.03818 p4_bpx_aei_ip_05_07_r6_grove
 502      27.81385     -97.03281    2251.23048       0.01522      -0.18144       0.03818 p4_bpx_aei_ho_05_07_r6_grove
 503      39.54020      97.48331    2333.20664       0.01557      -0.17821       0.03818 p4_bpx_aei_ip_05_03_r6_cone
 504      39.96319     -97.11940    2333.31719       0.01557      -0.17821       0.03818 p4_bpx_aei_ho_05_03_r6_cone
 505     -35.28100      97.35957    2346.16965       0.01560      -0.17797       0.03818 p4_bpx_aei_ip_05_03_r6_grove
 506     -34.86311     -97.31444    2346.25971       0.01560      -0.17797       0.03818 p4_bpx_aei_ho_05_03_r6_grove
 507     -16.98939      97.35246    2383.91455       0.01563      -0.17769       0.03818 p4_bpx_aei_ip_05_03_r6_flat
 508     -16.58180     -97.30235    2384.02112       0.01563      -0.17769       0.03818 p4_bpx_aei_ho_05_03_r6_flat
 509     -15.00000       0.00000      66.10000       0.00000      -0.00000       1.59270 p1_irm_aei_05_s1
 510      15.00000       0.00000      66.10000       0.00000      -0.00000       1.59270 p1_irm_aei_05_l1
 511      15.00000       0.00000    2291.90000       0.00000      -0.00000   -3140.00000 p1_irm_aei_05_s2
 512     -15.00000       0.00000    2291.90000       0.00000      -0.00000   -3140.00000 p1_irm_aei_05_l2
 513     -15.08501       0.00265      66.13753      -0.00640      -0.66308       1.57949 p2_irm_aei_05_s1
 514      14.91499       0.00305      66.11763      -0.00640      -0.66308       1.57949 p2_irm_aei_05_l1
 515      14.95065       0.00235    2291.93467      -0.00289       0.23172   -3140.01321 p2_irm_aei_05_s2
 516     -15.04935       0.00195    2291.92772      -0.00289       0.23172   -3140.01321 p2_irm_aei_05_l2
 517     -14.99051       0.00179      66.08858       0.00181       0.09218       1.60992 p3_irm_aei_05_s1
 518      15.00949       0.00128      66.09134       0.00181       0.09218       1.60992 p3_irm_aei_05_l1
 519      14.98788       0.00282    2291.89490      -0.00457       0.07715   -3139.98278 p3_irm_aei_05_s2
 520     -15.01212       0.00334    2291.89258      -0.00457       0.07715   -3139.98278 p3_irm_aei_05_l2
 521     -14.93632      -0.00253      66.07235       0.03152       0.55576       1.63088 p4_irm_aei_05_s1
 522      15.06368      -0.00368      66.08902       0.03152       0.55576       1.63088 p4_irm_aei_05_l1
 523      15.03819       0.01211    2291.88084       0.01544      -0.17947   -3139.96182 p4_irm_aei_05_s2
 524     -14.96181       0.01325    2291.88622       0.01544      -0.17947   -3139.96182 p4_irm_aei_05_l2
