1       0.00000       0.00000     739.80000       0.00000       0.00000       0.00000 p1_cei_03_par_1
2       0.00000       0.00000    2041.34000      26.08587       0.00000       0.00000 p1_cei_03_par_2
3       0.00000       0.00000    2382.00000       0.00000       0.00000       0.00000 p1_cei_03_par_3
4       0.00000       0.00000       0.00000       0.00000       0.00000       0.00000 p1_cei_03
5     -15.00000       0.00000      66.10000       0.00000      -0.00000   -3141.59261 p1_irm_cei_03_s1_fixed
6      15.00000       0.00000    2291.90000       0.00000      -0.00000       0.00000 p1_irm_cei_03_s2_fixed
7      15.00000       0.00000      66.10000       0.00000      -0.00000   -3141.59261 p1_irm_cei_03_l1_fixed
8     -15.00000       0.00000    2291.90000       0.00000      -0.00000       0.00000 p1_irm_cei_03_l2_fixed
9     -15.00000       0.00000     478.00000       0.00000      -0.00000       0.00000 p1_irl_cei_03_s1
10      15.00000       0.00000    1880.00000       0.00000      -0.00000       0.00000 p1_irl_cei_03_s2
11      15.00000       0.00000     950.50000       0.00000      -0.00000       0.00000 p1_irl_cei_03_l1
12     -15.00000       0.00000    1407.50000       0.00000      -0.00000       0.00000 p1_irl_cei_03_l2
13     -15.00000       0.00000     941.20000       0.00000      -0.00000       0.00000 p1_irc_cei_03_s1
14      15.00000       0.00000    1416.80000       0.00000      -0.00000       0.00000 p1_irc_cei_03_s2
15      15.00000       0.00000    1398.20000       0.00000      -0.00000       0.00000 p1_irc_cei_03_l1
16     -15.00000       0.00000     959.80000       0.00000      -0.00000       0.00000 p1_irc_cei_03_l2
17       0.00000       0.00000       0.00000       0.00000      -0.00000       0.00000 p1_irt_cei_03_r1
18       0.00000       0.00000     397.00000       0.00000      -0.00000       0.00000 p1_irt_cei_03_r2
19       0.00000       0.00000     794.00000       0.00000      -0.00000       0.00000 p1_irt_cei_03_r3
20       0.00000       0.00000    1191.00000       0.00000      -0.00000       0.00000 p1_irt_cei_03_r4
21       0.00000       0.00000    1588.00000       0.00000      -0.00000       0.00000 p1_irt_cei_03_r5
22       0.00000       0.00000    1985.00000       0.00000      -0.00000       0.00000 p1_irt_cei_03_r6
23       0.00000       0.00000    2382.00000       0.00000      -0.00000       0.00000 p1_irt_cei_03_r7
24     -36.75260      97.17840      14.64420       0.00000      -0.00000       0.00000 p1_bpx_cei_ho_03_05_r1_cone
25     -36.90660     -97.75950      14.69570       0.00000      -0.00000       0.00000 p1_bpx_cei_ip_03_05_r1_cone
26      39.15540      97.12390      16.84320       0.00000      -0.00000       0.00000 p1_bpx_cei_ho_03_05_r1_flat
27      38.99660     -97.82040      16.90130       0.00000      -0.00000       0.00000 p1_bpx_cei_ip_03_05_r1_flat
28      26.41190      97.07810      56.81380       0.00000      -0.00000       0.00000 p1_bpx_cei_ho_03_05_r1_grove
29      26.25240     -97.75450      56.87510       0.00000      -0.00000       0.00000 p1_bpx_cei_ip_03_05_r1_grove
30      23.94050      97.03190      88.70580       0.00000      -0.00000       0.00000 p1_bpx_cei_ho_03_01_r1_cone
31      23.78000     -97.69990      88.76100       0.00000      -0.00000       0.00000 p1_bpx_cei_ip_03_01_r1_cone
32     -50.53390      97.08720     103.55430       0.00000      -0.00000       0.00000 p1_bpx_cei_ho_03_01_r1_grove
33     -50.69200     -97.61890     103.60940       0.00000      -0.00000       0.00000 p1_bpx_cei_ip_03_01_r1_grove
34     -31.29150      96.99470     140.83330       0.00000      -0.00000       0.00000 p1_bpx_cei_ho_03_01_r1_flat
35     -31.45130     -97.56760     140.88480       0.00000      -0.00000       0.00000 p1_bpx_cei_ip_03_01_r1_flat
36     -52.04290      51.80160     193.12970       0.00000      -0.00000       0.00000 p1_srg_cei_03_r1_135deg
37       0.20620      73.24950     193.18610       0.00000      -0.00000       0.00000 p1_srg_cei_03_r1_90deg
38     -55.49040       0.00000     193.18790       0.00000      -0.00000       0.00000 p1_srg_cei_03_r1_rear
39     -52.22260     -52.23330     193.20070       0.00000      -0.00000       0.00000 p1_srg_cei_03_r1_225deg
40      52.36450      51.55410     193.21000       0.00000      -0.00000       0.00000 p1_srg_cei_03_r1_45deg
41      -0.01660     -73.85330     193.24110       0.00000      -0.00000       0.00000 p1_srg_cei_03_r1_270deg
42      52.18950     -52.23660     193.27420       0.00000      -0.00000       0.00000 p1_srg_cei_03_r1_315deg
43      55.45650       0.00000     193.30000       0.00000      -0.00000       0.00000 p1_srg_cei_03_r1_front
44      50.26220     209.77430     248.35160       0.00000      -0.00000       0.00000 p1_baz_cei_03_02_01_r1_cone
45     -25.67510     209.88560     249.02140       0.00000      -0.00000       0.00000 p1_baz_cei_03_02_01_r1_grove
46     -13.73000     209.83910     289.24280       0.00000      -0.00000       0.00000 p1_baz_cei_03_02_01_r1_flat
47     -38.24920     -97.57260     324.49940       0.00000      -0.00000       0.00000 p1_bpx_cei_ip_03_05_r2_cone
48     -38.07250      97.18470     324.75040       0.00000      -0.00000       0.00000 p1_bpx_cei_ho_03_05_r2_cone
49      37.64090     -97.61240     327.30840       0.00000      -0.00000       0.00000 p1_bpx_cei_ip_03_05_r2_flat
50      37.82510      97.06780     327.54870       0.00000      -0.00000       0.00000 p1_bpx_cei_ho_03_05_r2_flat
51      24.57070     -97.63930     367.17330       0.00000      -0.00000       0.00000 p1_bpx_cei_ip_03_05_r2_grove
52      24.75490      97.02930     367.41500       0.00000      -0.00000       0.00000 p1_bpx_cei_ho_03_05_r2_grove
53      28.05540     -97.68910     401.73680       0.00000      -0.00000       0.00000 p1_bpx_cei_ip_03_01_r2_cone
54      28.24110      96.97800     401.97980       0.00000      -0.00000       0.00000 p1_bpx_cei_ho_03_01_r2_cone
55     -46.52960     -97.66820     415.99240       0.00000      -0.00000       0.00000 p1_bpx_cei_ip_03_01_r2_grove
56     -46.34150      97.09630     416.24390       0.00000      -0.00000       0.00000 p1_bpx_cei_ho_03_01_r2_grove
57     -27.59020     -97.69880     453.41670       0.00000      -0.00000       0.00000 p1_bpx_cei_ip_03_01_r2_flat
58     -27.40020      96.99140     453.67060       0.00000      -0.00000       0.00000 p1_bpx_cei_ho_03_01_r2_flat
59      55.40560      -0.01470     477.86780       0.00000      -0.00000       0.00000 p1_irl_cei_03_r1_front
60     -36.62620     209.90020     548.60500       0.00000      -0.00000       0.00000 p1_baz_cei_03_04_05_r1_cone
61      37.54770     209.75060     564.91810       0.00000      -0.00000       0.00000 p1_baz_cei_03_04_05_r1_flat
62      17.57450     209.76540     601.80960       0.00000      -0.00000       0.00000 p1_baz_cei_03_04_05_r1_grove
63      -7.69980     -36.10750     719.58500       0.00000      -0.00000       0.00000 p1_slm_cei_03_surf_r1
64     -37.35560      97.10270     811.88530       0.00000      -0.00000       0.00000 p1_bpx_cei_ho_03_05_r3_cone
65     -37.55610     -97.57310     811.93960       0.00000      -0.00000       0.00000 p1_bpx_cei_ip_03_05_r3_cone
66      38.50730      96.97530     815.47180       0.00000      -0.00000       0.00000 p1_bpx_cei_ho_03_05_r3_flat
67      38.29550     -97.60350     815.57370       0.00000      -0.00000       0.00000 p1_bpx_cei_ip_03_05_r3_flat
68      25.02660      96.94170     855.20090       0.00000      -0.00000       0.00000 p1_bpx_cei_ho_03_05_r3_grove
69      24.80120     -97.63700     855.29650       0.00000      -0.00000       0.00000 p1_bpx_cei_ip_03_05_r3_grove
70      27.82320      96.89250     891.98820       0.00000      -0.00000       0.00000 p1_bpx_cei_ho_03_01_r3_cone
71      27.57220     -97.68180     892.07950       0.00000      -0.00000       0.00000 p1_bpx_cei_ip_03_01_r3_cone
72     -46.90380      97.05310     905.48120       0.00000      -0.00000       0.00000 p1_bpx_cei_ho_03_01_r3_grove
73     -47.16710     -97.65530     905.52710       0.00000      -0.00000       0.00000 p1_bpx_cei_ip_03_01_r3_grove
74     -28.35540      96.94870     943.09510       0.00000      -0.00000       0.00000 p1_bpx_cei_ho_03_01_r3_flat
75     -28.63650     -97.69240     943.15390       0.00000      -0.00000       0.00000 p1_bpx_cei_ip_03_01_r3_flat
76      55.29040      -0.04190     950.20430       0.00000      -0.00000       0.00000 p1_irc_cei_03_r1_front
77      55.28250       0.02830    1178.73700       0.00000      -0.00000       0.00000 p1_mid_cei_03_front
78     -36.83880     -97.68250    1240.93680       0.00000      -0.00000       0.00000 p1_bpx_cei_ip_03_05_r4_cone
79     -36.71480      97.10940    1240.98620       0.00000      -0.00000       0.00000 p1_bpx_cei_ho_03_05_r4_cone
80      39.11240      96.98290    1245.09320       0.00000      -0.00000       0.00000 p1_bpx_cei_ho_03_05_r4_flat
81      38.98510     -97.66540    1245.10350       0.00000      -0.00000       0.00000 p1_bpx_cei_ip_03_05_r4_flat
82      25.20480     -97.68450    1284.72770       0.00000      -0.00000       0.00000 p1_bpx_cei_ip_03_05_r4_grove
83      25.36540      96.95570    1284.73170       0.00000      -0.00000       0.00000 p1_bpx_cei_ho_03_05_r4_grove
84      40.78310      96.89380    1319.11940       0.00000      -0.00000       0.00000 p1_bpx_cei_ho_03_01_r4_cone
85      40.60050     -97.72040    1319.12850       0.00000      -0.00000       0.00000 p1_bpx_cei_ip_03_01_r4_cone
86     -34.22610     -97.71340    1332.04330       0.00000      -0.00000       0.00000 p1_bpx_cei_ip_03_01_r4_grove
87     -34.03270      97.02250    1332.09260       0.00000      -0.00000       0.00000 p1_bpx_cei_ho_03_01_r4_grove
88     -15.94570     -97.73000    1369.81750       0.00000      -0.00000       0.00000 p1_bpx_cei_ip_03_01_r4_flat
89     -15.72450      96.93860    1369.85380       0.00000      -0.00000       0.00000 p1_bpx_cei_ho_03_01_r4_flat
90      55.27620      -0.01770    1407.68700       0.00000      -0.00000       0.00000 p1_irc_cei_03_r2_front
91     -28.53540     172.52580    1465.55310       0.00000      -0.00000       0.00000 p1_baz_cei_03_04_02_r2_grove
92      41.85210     172.40100    1494.07820       0.00000      -0.00000       0.00000 p1_baz_cei_03_04_02_r2_cone
93     -32.94140     172.48480    1507.27980       0.00000      -0.00000       0.00000 p1_baz_cei_03_04_02_r2_flat
94     -27.30280     -97.62370    1666.07390       0.00000      -0.00000       0.00000 p1_bpx_cei_ip_03_05_r5_cone
95     -27.17120      97.08720    1666.16850       0.00000      -0.00000       0.00000 p1_bpx_cei_ho_03_05_r5_cone
96      48.53500     -97.62450    1670.19570       0.00000      -0.00000       0.00000 p1_bpx_cei_ip_03_05_r5_flat
97      48.67190      96.95850    1670.22990       0.00000      -0.00000       0.00000 p1_bpx_cei_ho_03_05_r5_flat
98      34.77690     -97.64770    1709.83130       0.00000      -0.00000       0.00000 p1_bpx_cei_ip_03_05_r5_grove
99      34.94560      96.96810    1709.87620       0.00000      -0.00000       0.00000 p1_bpx_cei_ho_03_05_r5_grove
100      46.82770     -97.69510    1758.91670       0.00000      -0.00000       0.00000 p1_bpx_cei_ip_03_01_r5_cone
101      47.02890      96.92730    1758.95100       0.00000      -0.00000       0.00000 p1_bpx_cei_ho_03_01_r5_cone
102     -27.99900     -97.68560    1771.86670       0.00000      -0.00000       0.00000 p1_bpx_cei_ip_03_01_r5_grove
103     -27.78520      97.06150    1771.96460       0.00000      -0.00000       0.00000 p1_bpx_cei_ho_03_01_r5_grove
104      -9.71030     -97.70350    1809.62320       0.00000      -0.00000       0.00000 p1_bpx_cei_ip_03_01_r5_flat
105      -9.46780      96.99660    1809.70450       0.00000      -0.00000       0.00000 p1_bpx_cei_ho_03_01_r5_flat
106      55.40760       0.01710    1879.76670       0.00000      -0.00000       0.00000 p1_irl_cei_03_r2_front
107     -13.36980     -41.41790    2020.96650       0.00000      -0.00000       0.00000 p1_gim_cei_03_surf_r1
108     -52.17800      51.92960    2115.81590       0.00000      -0.00000       0.00000 p1_srg_cei_03_r2_135deg
109       0.08020      73.27820    2115.82320       0.00000      -0.00000       0.00000 p1_srg_cei_03_r2_90deg
110      52.22730      51.63720    2115.83110       0.00000      -0.00000       0.00000 p1_srg_cei_03_r2_45deg
111     -52.27640     -52.25090    2115.86640       0.00000      -0.00000       0.00000 p1_srg_cei_03_r2_225deg
112      52.12580     -52.19870    2115.89190       0.00000      -0.00000       0.00000 p1_srg_cei_03_r2_315deg
113     -55.68070      -0.02870    2115.90000       0.00000      -0.00000       0.00000 p1_srg_cei_03_r2_rear
114      -0.06880     -73.78640    2115.90090       0.00000      -0.00000       0.00000 p1_srg_cei_03_r2_270deg
115      55.45650       0.00000    2115.92800       0.00000      -0.00000       0.00000 p1_srg_cei_03_r2_front
116     -34.40020     -97.68060    2206.34250       0.00000      -0.00000       0.00000 p1_bpx_cei_ip_03_05_r6_cone
117     -34.38770      97.09550    2206.48950       0.00000      -0.00000       0.00000 p1_bpx_cei_ho_03_05_r6_cone
118      41.42810     -97.67260    2210.50050       0.00000      -0.00000       0.00000 p1_bpx_cei_ip_03_05_r6_flat
119      41.44940      96.99090    2210.53730       0.00000      -0.00000       0.00000 p1_bpx_cei_ho_03_05_r6_flat
120      27.65020     -97.62410    2250.13280       0.00000      -0.00000       0.00000 p1_bpx_cei_ip_03_05_r6_grove
121      27.72560      97.06040    2250.19100       0.00000      -0.00000       0.00000 p1_bpx_cei_ho_03_05_r6_grove
122      39.77030     -97.53110    2332.22260       0.00000      -0.00000       0.00000 p1_bpx_cei_ip_03_01_r6_cone
123      39.96330      97.13500    2332.26530       0.00000      -0.00000       0.00000 p1_bpx_cei_ho_03_01_r6_cone
124     -35.06690     -97.50310    2345.13850       0.00000      -0.00000       0.00000 p1_bpx_cei_ip_03_01_r6_grove
125     -34.85580      97.26140    2345.28940       0.00000      -0.00000       0.00000 p1_bpx_cei_ho_03_01_r6_grove
126     -16.79360     -97.44750    2382.90420       0.00000      -0.00000       0.00000 p1_bpx_cei_ip_03_01_r6_flat
127     -16.53070      97.27310    2383.03230       0.00000      -0.00000       0.00000 p1_bpx_cei_ho_03_01_r6_flat
128      99.67705       0.50146     739.80000       0.00000       0.00000       0.00000 p2_cei_03_par_1
129     132.48137      -0.35758    2041.34000      26.08587       0.00000       0.00000 p2_cei_03_par_2
130      -7.41573       0.30278    2382.00000    2156.72915       0.13230       0.00002 p2_cei_03_par_3
131       0.37630       0.00490       0.02973      -0.00181       0.17636       0.00059 p2_cei_03
132     -15.08237       0.00082      66.13989       0.00501      -0.67357   -3141.59202 p2_irm_cei_03_s1_fixed
133      14.95654      -0.00006    2291.93856      -0.00510       0.23541       0.00059 p2_irm_cei_03_s2_fixed
134      14.91763       0.00081      66.11968       0.00501      -0.67357   -3141.59202 p2_irm_cei_03_l1_fixed
135     -15.04346      -0.00004    2291.93150      -0.00510       0.23541       0.00059 p2_irm_cei_03_l2_fixed
136     -14.83778       0.00272     478.03759       0.00394      -0.46022       0.00059 p2_irl_cei_03_s1
137      15.05596       0.00193    1880.03766      -0.00439       0.24769       0.00059 p2_irl_cei_03_s2
138      15.25191       0.00390     950.53292       0.00091       0.07851       0.00059 p2_irl_cei_03_l1
139     -14.83023       0.00358    1407.52942      -0.00228       0.22502       0.00059 p2_irl_cei_03_l2
140     -14.74740       0.00391     941.23066       0.00097       0.07072       0.00059 p2_irc_cei_03_s1
141      15.16767       0.00354    1416.83620      -0.00233       0.22599       0.00059 p2_irc_cei_03_s2
142      15.17186       0.00359    1398.23613      -0.00222       0.22403       0.00059 p2_irc_cei_03_l1
143     -14.74886       0.00393     959.83047       0.00084       0.08606       0.00059 p2_irc_cei_03_l2
144      -0.12708       0.00048       0.02964       0.00503      -0.67773       0.00059 p2_irt_cei_03_r1
145       0.12213       0.00238     397.03051       0.00428      -0.52769       0.00059 p2_irt_cei_03_r2
146       0.25233       0.00368     794.03139       0.00203      -0.08445       0.00059 p2_irt_cei_03_r3
147       0.21561       0.00392    1191.03229      -0.00084       0.19658       0.00059 p2_irt_cei_03_r4
148       0.12768       0.00307    1588.03322      -0.00325       0.24006       0.00059 p2_irt_cei_03_r5
149       0.03006       0.00147    1985.03422      -0.00467       0.24539       0.00059 p2_irt_cei_03_r6
150      -0.06464      -0.00051    2382.03528      -0.00513       0.23483       0.00059 p2_irt_cei_03_r7
151     -36.75594      97.17808      14.64501       0.00503      -0.67752       0.00059 p2_bpx_cei_ho_03_05_r1_cone
152     -36.90882     -97.75762      14.69619       0.00503      -0.67752       0.00059 p2_bpx_cei_ip_03_05_r1_cone
153      39.15560      97.12575      16.84078       0.00503      -0.67746       0.00059 p2_bpx_cei_ho_03_05_r1_flat
154      38.99462     -97.81805      16.89937       0.00503      -0.67746       0.00059 p2_bpx_cei_ip_03_05_r1_flat
155      26.41112      97.07725      56.81260       0.00502      -0.67466       0.00059 p2_bpx_cei_ho_03_05_r1_grove
156      26.24945     -97.75355      56.87639       0.00502      -0.67465       0.00059 p2_bpx_cei_ip_03_05_r1_grove
157      23.94007      97.03121      88.70406       0.00499      -0.67024       0.00059 p2_bpx_cei_ho_03_01_r1_cone
158      23.77949     -97.69908      88.75964       0.00499      -0.67023       0.00059 p2_bpx_cei_ip_03_01_r1_cone
159     -50.53394      97.08743     103.55378       0.00498      -0.66753       0.00059 p2_bpx_cei_ho_03_01_r1_grove
160     -50.69032     -97.61777     103.60995       0.00498      -0.66752       0.00059 p2_bpx_cei_ip_03_01_r1_grove
161     -31.29180      96.99421     140.83206       0.00494      -0.65886       0.00059 p2_bpx_cei_ho_03_01_r1_flat
162     -31.45098     -97.56679     140.88403       0.00494      -0.65885       0.00059 p2_bpx_cei_ip_03_01_r1_flat
163     -52.04179      51.80067     193.12893       0.00485      -0.64224       0.00059 p2_srg_cei_03_r1_135deg
164     -55.48848       0.00148     193.18820       0.00485      -0.64222       0.00059 p2_srg_cei_03_r1_rear
165     -52.22181     -52.23323     193.19905       0.00485      -0.64222       0.00059 p2_srg_cei_03_r1_225deg
166       0.20879      73.24884     193.18527       0.00485      -0.64221       0.00059 p2_srg_cei_03_r1_90deg
167      52.36472      51.55161     193.20638       0.00485      -0.64219       0.00059 p2_srg_cei_03_r1_45deg
168      -0.01496     -73.85406     193.24233       0.00485      -0.64219       0.00059 p2_srg_cei_03_r1_270deg
169      52.19080     -52.23659     193.27230       0.00485      -0.64217       0.00059 p2_srg_cei_03_r1_315deg
170      55.45814       0.00141     193.29445       0.00485      -0.64216       0.00059 p2_srg_cei_03_r1_front
171      50.26441     209.77408     248.34980       0.00474      -0.61901       0.00059 p2_baz_cei_03_02_01_r1_cone
172     -25.67411     209.88293     249.02290       0.00473      -0.61872       0.00059 p2_baz_cei_03_02_01_r1_grove
173     -13.72773     209.83701     289.24295       0.00463      -0.59811       0.00059 p2_baz_cei_03_02_01_r1_flat
174     -38.24999     -97.57182     324.50103       0.00453      -0.57752       0.00059 p2_bpx_cei_ip_03_05_r2_cone
175     -38.06983      97.18049     324.75174       0.00453      -0.57736       0.00059 p2_bpx_cei_ho_03_05_r2_cone
176      37.64167     -97.61205     327.30937       0.00452      -0.57575       0.00059 p2_bpx_cei_ip_03_05_r2_flat
177      37.82582      97.06825     327.54909       0.00452      -0.57560       0.00059 p2_bpx_cei_ho_03_05_r2_flat
178      24.57310     -97.63776     367.17363       0.00439      -0.54940       0.00059 p2_bpx_cei_ip_03_05_r2_grove
179      24.75884      97.02634     367.41368       0.00439      -0.54923       0.00059 p2_bpx_cei_ho_03_05_r2_grove
180      28.05656     -97.68961     401.73790       0.00426      -0.52410       0.00059 p2_bpx_cei_ip_03_01_r2_cone
181      28.24350      96.97979     401.98168       0.00426      -0.52391       0.00059 p2_bpx_cei_ho_03_01_r2_cone
182     -46.52758     -97.66691     415.99380       0.00420      -0.51303       0.00059 p2_bpx_cei_ip_03_01_r2_grove
183     -46.33874      97.09459     416.24238       0.00420      -0.51284       0.00059 p2_bpx_cei_ho_03_01_r2_grove
184     -27.58894     -97.69827     453.41660       0.00405      -0.48206       0.00059 p2_bpx_cei_ip_03_01_r2_flat
185     -27.40011      96.99053     453.66902       0.00405      -0.48184       0.00059 p2_bpx_cei_ho_03_01_r2_flat
186      55.40346      -0.01792     477.86766       0.00394      -0.46035       0.00059 p2_irl_cei_03_r1_front
187     -36.62526     209.89970     548.60760       0.00359      -0.39126       0.00059 p2_baz_cei_03_04_05_r1_cone
188      37.54670     209.74822     564.91808       0.00350      -0.37395       0.00059 p2_baz_cei_03_04_05_r1_flat
189      17.57314     209.76585     601.81129       0.00330      -0.33298       0.00059 p2_baz_cei_03_04_05_r1_grove
190      -7.45715     -36.10309     719.58514       0.00255      -0.18485       0.00059 p2_slm_cei_03_surf_r1
191     -37.35871      97.10054     811.88700       0.00190      -0.06243       0.00059 p2_bpx_cei_ho_03_05_r3_cone
192     -37.55912     -97.57186     811.94408       0.00190      -0.06236       0.00059 p2_bpx_cei_ip_03_05_r3_cone
193      38.50461      96.97860     815.47004       0.00187      -0.05811       0.00059 p2_bpx_cei_ho_03_05_r3_flat
194      38.29350     -97.60360     815.57312       0.00187      -0.05799       0.00059 p2_bpx_cei_ip_03_05_r3_flat
195      25.02410      96.94248     855.20236       0.00159      -0.01267       0.00059 p2_bpx_cei_ho_03_05_r3_grove
196      24.80119     -97.63442     855.29828       0.00159      -0.01257       0.00059 p2_bpx_cei_ip_03_05_r3_grove
197      27.82135      96.89583     891.99019       0.00133       0.02550       0.00059 p2_bpx_cei_ho_03_01_r3_cone
198      27.57154     -97.68307     892.08014       0.00133       0.02559       0.00059 p2_bpx_cei_ip_03_01_r3_cone
199     -46.90488      97.05459     905.47800       0.00123       0.03856       0.00059 p2_bpx_cei_ho_03_01_r3_grove
200     -47.16750     -97.65471     905.52703       0.00123       0.03860       0.00059 p2_bpx_cei_ip_03_01_r3_grove
201     -28.35968      96.94572     943.09207       0.00096       0.07230       0.00059 p2_bpx_cei_ho_03_01_r3_flat
202     -28.63870     -97.69298     943.15403       0.00096       0.07235       0.00059 p2_bpx_cei_ip_03_01_r3_flat
203      55.29073      -0.04332     950.20325       0.00091       0.07823       0.00059 p2_irc_cei_03_r1_front
204      55.28242       0.02950    1178.73577      -0.00075       0.19443       0.00059 p2_mid_cei_03_front
205     -36.83805     -97.68251    1240.93892      -0.00120       0.20414       0.00059 p2_bpx_cei_ip_03_05_r4_cone
206     -36.71414      97.10839    1240.98478      -0.00120       0.20415       0.00059 p2_bpx_cei_ho_03_05_r4_cone
207      39.11222      96.98164    1245.09050      -0.00123       0.20474       0.00059 p2_bpx_cei_ho_03_05_r4_flat
208      38.98620     -97.66256    1245.10403      -0.00123       0.20474       0.00059 p2_bpx_cei_ip_03_05_r4_flat
209      25.20718     -97.68571    1284.72852      -0.00150       0.21028       0.00059 p2_bpx_cei_ip_03_05_r4_grove
210      25.36639      96.95309    1284.72894      -0.00150       0.21028       0.00059 p2_bpx_cei_ho_03_05_r4_grove
211      40.78418      96.89223    1319.11947      -0.00173       0.21477       0.00059 p2_bpx_cei_ho_03_01_r4_cone
212      40.60187     -97.71787    1319.12960      -0.00173       0.21478       0.00059 p2_bpx_cei_ip_03_01_r4_cone
213     -34.22662     -97.71265    1332.04399      -0.00181       0.21639       0.00059 p2_bpx_cei_ip_03_01_r4_grove
214     -34.03232      97.02445    1332.09139      -0.00181       0.21640       0.00059 p2_bpx_cei_ho_03_01_r4_grove
215     -15.94398     -97.72953    1369.81854      -0.00205       0.22088       0.00059 p2_bpx_cei_ip_03_01_r4_flat
216     -15.72317      96.93707    1369.85219      -0.00205       0.22088       0.00059 p2_bpx_cei_ho_03_01_r4_flat
217      55.28024      -0.01726    1407.68670      -0.00228       0.22503       0.00059 p2_irc_cei_03_r2_front
218     -28.53426     172.52605    1465.55146      -0.00261       0.23071       0.00059 p2_baz_cei_03_04_02_r2_grove
219      41.85283     172.40013    1494.07880      -0.00277       0.23321       0.00059 p2_baz_cei_03_04_02_r2_cone
220     -32.93926     172.48714    1507.27907      -0.00284       0.23430       0.00059 p2_baz_cei_03_04_02_r2_flat
221     -27.30178     -97.62518    1666.07417      -0.00361       0.24412       0.00059 p2_bpx_cei_ip_03_05_r5_cone
222     -27.17079      97.08592    1666.16671      -0.00361       0.24412       0.00059 p2_bpx_cei_ho_03_05_r5_cone
223      48.53531     -97.62414    1670.19610      -0.00363       0.24429       0.00059 p2_bpx_cei_ip_03_05_r5_flat
224      48.67192      96.95626    1670.22934      -0.00363       0.24429       0.00059 p2_bpx_cei_ho_03_05_r5_flat
225      34.77610     -97.64878    1709.83217      -0.00379       0.24575       0.00059 p2_bpx_cei_ip_03_05_r5_grove
226      34.94480      96.96932    1709.87565      -0.00379       0.24575       0.00059 p2_bpx_cei_ho_03_05_r5_grove
227      46.82740     -97.69318    1758.91860      -0.00399       0.24703       0.00059 p2_bpx_cei_ip_03_01_r5_cone
228      47.02851      96.92722    1758.95113      -0.00399       0.24703       0.00059 p2_bpx_cei_ho_03_01_r5_cone
229     -27.99940     -97.68448    1771.86634      -0.00403       0.24727       0.00059 p2_bpx_cei_ip_03_01_r5_grove
230     -27.78551      97.05962    1771.96398      -0.00403       0.24727       0.00059 p2_bpx_cei_ho_03_01_r5_grove
231      -9.71144     -97.70215    1809.62504      -0.00417       0.24773       0.00059 p2_bpx_cei_ip_03_01_r5_flat
232      -9.46915      96.99575    1809.70521      -0.00417       0.24773       0.00059 p2_bpx_cei_ho_03_01_r5_flat
233      55.40393       0.01831    1879.76596      -0.00439       0.24769       0.00059 p2_irl_cei_03_r2_front
234     -13.34756     -41.41669    2020.96655      -0.00475       0.24398       0.00059 p2_gim_cei_03_surf_r1
235      52.22605      51.63901    2115.83064      -0.00492       0.23985       0.00059 p2_srg_cei_03_r2_45deg
236       0.07996      73.27714    2115.82324      -0.00492       0.23985       0.00059 p2_srg_cei_03_r2_90deg
237     -52.17805      51.92757    2115.81540      -0.00492       0.23985       0.00059 p2_srg_cei_03_r2_135deg
238     -52.27742     -52.25313    2115.86546      -0.00492       0.23985       0.00059 p2_srg_cei_03_r2_225deg
239      52.12338     -52.20069    2115.89270      -0.00492       0.23985       0.00059 p2_srg_cei_03_r2_315deg
240      -0.07094     -73.78466    2115.89968      -0.00492       0.23985       0.00059 p2_srg_cei_03_r2_270deg
241      55.45480       0.00081    2115.92346      -0.00492       0.23985       0.00059 p2_srg_cei_03_r2_front
242     -55.68180      -0.02763    2115.89960      -0.00492       0.23985       0.00059 p2_srg_cei_03_r2_rear
243     -34.40081     -97.68029    2206.34376      -0.00504       0.23702       0.00059 p2_bpx_cei_ip_03_05_r6_cone
244     -34.38923      97.09631    2206.48964      -0.00504       0.23701       0.00059 p2_bpx_cei_ho_03_05_r6_cone
245      41.42891     -97.67156    2210.50134      -0.00504       0.23692       0.00059 p2_bpx_cei_ip_03_05_r6_flat
246      41.44911      96.99384    2210.53582      -0.00504       0.23691       0.00059 p2_bpx_cei_ho_03_05_r6_flat
247      27.64993     -97.62355    2250.13215      -0.00508       0.23606       0.00059 p2_bpx_cei_ip_03_05_r6_grove
248      27.72523      97.06045    2250.19006      -0.00508       0.23606       0.00059 p2_bpx_cei_ho_03_05_r6_grove
249      39.77101     -97.53088    2332.22390      -0.00512       0.23501       0.00059 p2_bpx_cei_ip_03_01_r6_cone
250      39.96331      97.13482    2332.26304      -0.00512       0.23501       0.00059 p2_bpx_cei_ho_03_01_r6_cone
251     -35.06693     -97.50770    2345.13905      -0.00512       0.23493       0.00059 p2_bpx_cei_ip_03_01_r6_grove
252     -34.85615      97.25920    2345.28860      -0.00512       0.23493       0.00059 p2_bpx_cei_ho_03_01_r6_grove
253     -16.79310     -97.44800    2382.90505      -0.00513       0.23483       0.00059 p2_bpx_cei_ip_03_01_r6_flat
254     -16.52992      97.27360    2383.03221      -0.00513       0.23483       0.00059 p2_bpx_cei_ho_03_01_r6_flat
255       2.21806      -0.13879     739.80000       0.00000       0.00000       0.00000 p3_cei_03_par_1
256     141.98606      -1.11493    2041.34000      26.08587       0.00000       0.00000 p3_cei_03_par_2
257      89.82349      -0.39323    2382.00000    1523.82560      -0.33748       0.00065 p3_cei_03_par_3
258      -0.08370       0.00226      -0.01149      -0.00094      -0.04035       0.00435 p3_cei_03
259     -14.98739       0.00201      66.08727      -0.00081       0.09449   -3141.58826 p3_irm_cei_03_s1_fixed
260      14.98822       0.00004    2291.89415      -0.00083       0.07906       0.00435 p3_irm_cei_03_s2_fixed
261      15.01261       0.00188      66.09010      -0.00081       0.09449   -3141.58826 p3_irm_cei_03_l1_fixed
262     -15.01178       0.00017    2291.89178      -0.00083       0.07906       0.00435 p3_irm_cei_03_l2_fixed
263     -15.02704       0.00172     477.98802      -0.00051       0.09924       0.00435 p3_irl_cei_03_s1
264      14.98984       0.00051    1879.99017      -0.00155      -0.09006       0.00435 p3_irl_cei_03_s2
265      14.92523       0.00151     950.49131       0.00002       0.08270       0.00435 p3_irl_cei_03_l1
266     -15.06936       0.00138    1407.49224      -0.00128      -0.10976       0.00435 p3_irl_cei_03_l2
267     -15.07399       0.00164     941.18879       0.00003       0.08499       0.00435 p3_irc_cei_03_s1
268      14.93167       0.00124    1416.78892      -0.00131      -0.11231       0.00435 p3_irc_cei_03_s2
269      14.92963       0.00126    1398.18898      -0.00126      -0.10709       0.00435 p3_irc_cei_03_l1
270     -15.07553       0.00164     959.78888       0.00001       0.08029       0.00435 p3_irc_cei_03_l2
271       0.01885       0.00200      -0.01149      -0.00082       0.09440       0.00435 p3_irt_cei_03_r1
272      -0.01907       0.00170     396.98938      -0.00061       0.09774       0.00435 p3_irt_cei_03_r2
273      -0.05960       0.00157     793.98991      -0.00001       0.10571       0.00435 p3_irt_cei_03_r3
274      -0.08424       0.00152    1190.99033      -0.00058      -0.01697       0.00435 p3_irt_cei_03_r4
275      -0.04632       0.00105    1587.99088      -0.00159      -0.13821       0.00435 p3_irt_cei_03_r5
276      -0.00297       0.00042    1984.99182      -0.00137      -0.04429       0.00435 p3_irt_cei_03_r6
277      -0.01932       0.00003    2381.99339      -0.00080       0.08602       0.00435 p3_irt_cei_03_r7
278     -36.75391      97.17944      14.64276      -0.00082       0.09440       0.00435 p3_bpx_cei_ho_03_05_r1_cone
279     -36.90706     -97.75955      14.69478      -0.00082       0.09440       0.00435 p3_bpx_cei_ip_03_05_r1_cone
280      39.15648      97.12441      16.84203      -0.00082       0.09440       0.00435 p3_bpx_cei_ho_03_05_r1_flat
281      38.99663     -97.81829      16.90115      -0.00082       0.09440       0.00435 p3_bpx_cei_ip_03_05_r1_flat
282      26.41071      97.07804      56.81403      -0.00081       0.09446       0.00435 p3_bpx_cei_ho_03_05_r1_grove
283      26.25126     -97.75316      56.87526      -0.00081       0.09447       0.00435 p3_bpx_cei_ip_03_05_r1_grove
284      23.94009      97.03112      88.70529      -0.00081       0.09456       0.00435 p3_bpx_cei_ho_03_01_r1_cone
285      23.77984     -97.69728      88.76091      -0.00081       0.09456       0.00435 p3_bpx_cei_ip_03_01_r1_cone
286     -50.53501      97.08723     103.55318      -0.00080       0.09462       0.00435 p3_bpx_cei_ho_03_01_r1_grove
287     -50.69126     -97.61787     103.60871      -0.00080       0.09462       0.00435 p3_bpx_cei_ip_03_01_r1_grove
288     -31.29234      96.99202     140.83308      -0.00079       0.09482       0.00435 p3_bpx_cei_ho_03_01_r1_flat
289     -31.45229     -97.56668     140.88291      -0.00079       0.09482       0.00435 p3_bpx_cei_ip_03_01_r1_flat
290     -52.04321      51.80097     193.12958      -0.00077       0.09519       0.00435 p3_srg_cei_03_r1_135deg
291       0.20708      73.24694     193.18577      -0.00077       0.09519       0.00435 p3_srg_cei_03_r1_90deg
292     -55.48944       0.00208     193.18601      -0.00077       0.09519       0.00435 p3_srg_cei_03_r1_rear
293      52.36409      51.55221     193.20852      -0.00077       0.09519       0.00435 p3_srg_cei_03_r1_45deg
294     -52.22267     -52.23343     193.20098      -0.00077       0.09519       0.00435 p3_srg_cei_03_r1_225deg
295      -0.01626     -73.85406     193.24223      -0.00077       0.09519       0.00435 p3_srg_cei_03_r1_270deg
296      52.18933     -52.23779     193.27382      -0.00077       0.09519       0.00435 p3_srg_cei_03_r1_315deg
297      55.45705       0.00160     193.29427      -0.00077       0.09519       0.00435 p3_srg_cei_03_r1_front
298      50.26321     209.77448     248.35177      -0.00074       0.09570       0.00435 p3_baz_cei_03_02_01_r1_cone
299     -25.67525     209.88231     249.02191      -0.00074       0.09571       0.00435 p3_baz_cei_03_02_01_r1_grove
300     -13.72951     209.83673     289.24262      -0.00071       0.09617       0.00435 p3_baz_cei_03_02_01_r1_flat
301     -38.24855     -97.56999     324.50070      -0.00068       0.09663       0.00435 p3_bpx_cei_ip_03_05_r2_cone
302     -38.07183      97.18171     324.74984      -0.00068       0.09663       0.00435 p3_bpx_cei_ho_03_05_r2_cone
303      37.64198     -97.61302     327.30914      -0.00068       0.09667       0.00435 p3_bpx_cei_ip_03_05_r2_flat
304      37.82640      97.06618     327.54939      -0.00068       0.09667       0.00435 p3_bpx_cei_ho_03_05_r2_flat
305      24.57182     -97.63829     367.17306      -0.00064       0.09725       0.00435 p3_bpx_cei_ip_03_05_r2_grove
306      24.75614      97.02661     367.41460      -0.00064       0.09726       0.00435 p3_bpx_cei_ho_03_05_r2_grove
307      28.05535     -97.68833     401.73678      -0.00060       0.09782       0.00435 p3_bpx_cei_ip_03_01_r2_cone
308      28.24277      96.97787     401.97961      -0.00060       0.09782       0.00435 p3_bpx_cei_ho_03_01_r2_cone
309     -46.52905     -97.66671     415.99480      -0.00059       0.09806       0.00435 p3_bpx_cei_ip_03_01_r2_grove
310     -46.34133      97.09659     416.24333      -0.00059       0.09807       0.00435 p3_bpx_cei_ho_03_01_r2_grove
311     -27.58973     -97.69571     453.41810      -0.00054       0.09875       0.00435 p3_bpx_cei_ip_03_01_r2_flat
312     -27.40051      96.98959     453.67072      -0.00054       0.09876       0.00435 p3_bpx_cei_ho_03_01_r2_flat
313      55.40657      -0.01519     477.86811      -0.00051       0.09923       0.00435 p3_irl_cei_03_r1_front
314     -36.62439     209.90108     548.60541      -0.00042       0.10077       0.00435 p3_baz_cei_03_04_05_r1_cone
315      37.54756     209.74905     564.91852      -0.00039       0.10116       0.00435 p3_baz_cei_03_04_05_r1_flat
316      17.57401     209.76572     601.80925      -0.00034       0.10207       0.00435 p3_baz_cei_03_04_05_r1_grove
317      -7.75196     -36.10579     719.58391      -0.00013       0.10537       0.00435 p3_slm_cei_03_surf_r1
318     -37.35686      97.10293     811.88342       0.00001       0.10475       0.00435 p3_bpx_cei_ho_03_05_r3_cone
319     -37.55641     -97.56997     811.94050       0.00001       0.10475       0.00435 p3_bpx_cei_ip_03_05_r3_cone
320      38.50637      96.97290     815.47346       0.00002       0.10451       0.00435 p3_bpx_cei_ho_03_05_r3_flat
321      38.29551     -97.60280     815.57604       0.00002       0.10450       0.00435 p3_bpx_cei_ip_03_05_r3_flat
322      25.02388      96.94306     855.20119       0.00004       0.10064       0.00435 p3_bpx_cei_ho_03_05_r3_grove
323      24.80103     -97.63584     855.29808       0.00004       0.10063       0.00435 p3_bpx_cei_ip_03_05_r3_grove
324      27.82218      96.89375     891.98656       0.00005       0.09516       0.00435 p3_bpx_cei_ho_03_01_r3_cone
325      27.57262     -97.68135     892.07955       0.00005       0.09515       0.00435 p3_bpx_cei_ip_03_01_r3_cone
326     -46.90469      97.05138     905.47978       0.00005       0.09269       0.00435 p3_bpx_cei_ho_03_01_r3_grove
327     -47.16844     -97.65472     905.52796       0.00005       0.09269       0.00435 p3_bpx_cei_ip_03_01_r3_grove
328     -28.35643      96.94710     943.09327       0.00003       0.08453       0.00435 p3_bpx_cei_ho_03_01_r3_flat
329     -28.63748     -97.69200     943.15495       0.00003       0.08451       0.00435 p3_bpx_cei_ip_03_01_r3_flat
330      55.28945      -0.04497     950.20375       0.00002       0.08277       0.00435 p3_irc_cei_03_r1_front
331      55.28020       0.02809    1178.73506      -0.00053      -0.01001       0.00435 p3_mid_cei_03_front
332     -36.83862     -97.68115    1240.93773      -0.00077      -0.04405       0.00435 p3_bpx_cei_ip_03_05_r4_cone
333     -36.71467      97.10775    1240.98527      -0.00077      -0.04408       0.00435 p3_bpx_cei_ho_03_05_r4_cone
334      39.11221      96.97892    1245.09055      -0.00079      -0.04615       0.00435 p3_bpx_cei_ho_03_05_r4_flat
335      38.98607     -97.66448    1245.10601      -0.00079      -0.04616       0.00435 p3_bpx_cei_ip_03_05_r4_flat
336      25.20607     -97.68216    1284.72810      -0.00093      -0.06500       0.00435 p3_bpx_cei_ip_03_05_r4_grove
337      25.36572      96.95254    1284.73017      -0.00093      -0.06500       0.00435 p3_bpx_cei_ho_03_05_r4_grove
338      40.78301      96.89364    1319.11743      -0.00104      -0.07961       0.00435 p3_bpx_cei_ho_03_01_r4_cone
339      40.60037     -97.71626    1319.12894      -0.00104      -0.07962       0.00435 p3_bpx_cei_ip_03_01_r4_cone
340     -34.22697     -97.71535    1332.04558      -0.00108      -0.08469       0.00435 p3_bpx_cei_ip_03_01_r4_grove
341     -34.03322      97.02505    1332.09198      -0.00108      -0.08470       0.00435 p3_bpx_cei_ho_03_01_r4_grove
342     -15.94431     -97.72837    1369.81919      -0.00119      -0.09821       0.00435 p3_bpx_cei_ip_03_01_r4_flat
343     -15.72186      96.93603    1369.85350      -0.00119      -0.09822       0.00435 p3_bpx_cei_ho_03_01_r4_flat
344      55.27716      -0.01643    1407.68582      -0.00128      -0.10982       0.00435 p3_irc_cei_03_r2_front
345     -28.53401     172.52406    1465.55345      -0.00141      -0.12376       0.00435 p3_baz_cei_03_04_02_r2_grove
346      41.85270     172.40031    1494.07837      -0.00146      -0.12896       0.00435 p3_baz_cei_03_04_02_r2_cone
347     -32.94029     172.48652    1507.28061      -0.00149      -0.13098       0.00435 p3_baz_cei_03_04_02_r2_flat
348     -27.30215     -97.62546    1666.07380      -0.00164      -0.13673       0.00435 p3_bpx_cei_ip_03_05_r5_cone
349     -27.16979      97.08784    1666.16860      -0.00164      -0.13673       0.00435 p3_bpx_cei_ho_03_05_r5_cone
350      48.53431     -97.62579    1670.19545      -0.00165      -0.13642       0.00435 p3_bpx_cei_ip_03_05_r5_flat
351      48.67116      96.95751    1670.22925      -0.00165      -0.13642       0.00435 p3_bpx_cei_ho_03_05_r5_flat
352      34.77664     -97.64860    1709.83165      -0.00165      -0.13227       0.00435 p3_bpx_cei_ip_03_05_r5_grove
353      34.94610      96.96960    1709.87475      -0.00165      -0.13226       0.00435 p3_bpx_cei_ho_03_05_r5_grove
354      46.82755     -97.69223    1758.91745      -0.00165      -0.12415       0.00435 p3_bpx_cei_ip_03_01_r5_cone
355      47.02850      96.92787    1758.95124      -0.00165      -0.12414       0.00435 p3_bpx_cei_ho_03_01_r5_cone
356     -27.99946     -97.68523    1771.86719      -0.00164      -0.12146       0.00435 p3_bpx_cei_ip_03_01_r5_grove
357     -27.78430      97.06077    1771.96348      -0.00164      -0.12144       0.00435 p3_bpx_cei_ho_03_01_r5_grove
358      -9.71124     -97.70427    1809.62417      -0.00162      -0.11231       0.00435 p3_bpx_cei_ip_03_01_r5_flat
359      -9.47039      96.99533    1809.70466      -0.00162      -0.11228       0.00435 p3_bpx_cei_ho_03_01_r5_flat
360      55.40672       0.01764    1879.76463      -0.00155      -0.09014       0.00435 p3_irl_cei_03_r2_front
361     -13.37200     -41.41747    2020.96722      -0.00129      -0.02515       0.00435 p3_gim_cei_03_surf_r1
362     -52.17729      51.92669    2115.81569      -0.00107       0.02525       0.00435 p3_srg_cei_03_r2_135deg
363       0.08060      73.27776    2115.82234      -0.00107       0.02525       0.00435 p3_srg_cei_03_r2_90deg
364      52.22641      51.63724    2115.83023      -0.00107       0.02525       0.00435 p3_srg_cei_03_r2_45deg
365     -52.27595     -52.25371    2115.86588      -0.00107       0.02527       0.00435 p3_srg_cei_03_r2_225deg
366      52.12385     -52.19936    2115.89142      -0.00107       0.02528       0.00435 p3_srg_cei_03_r2_315deg
367     -55.68202      -0.02929    2115.89975      -0.00107       0.02529       0.00435 p3_srg_cei_03_r2_rear
368      -0.06974     -73.78644    2115.90188      -0.00107       0.02529       0.00435 p3_srg_cei_03_r2_270deg
369      55.45468       0.00002    2115.92216      -0.00107       0.02530       0.00435 p3_srg_cei_03_r2_front
370     -34.40059     -97.67988    2206.34287      -0.00092       0.05956       0.00435 p3_bpx_cei_ip_03_05_r6_cone
371     -34.38865      97.09712    2206.49044      -0.00092       0.05960       0.00435 p3_bpx_cei_ho_03_05_r6_cone
372      41.42826     -97.67321    2210.50005      -0.00091       0.06080       0.00435 p3_bpx_cei_ip_03_05_r6_flat
373      41.44891      96.98929    2210.53673      -0.00091       0.06081       0.00435 p3_bpx_cei_ho_03_05_r6_flat
374      27.65094     -97.62178    2250.13237      -0.00087       0.07111       0.00435 p3_bpx_cei_ip_03_05_r6_grove
375      27.72558      97.06072    2250.18964      -0.00087       0.07112       0.00435 p3_bpx_cei_ho_03_05_r6_grove
376      39.77090     -97.53141    2332.22281      -0.00081       0.08390       0.00435 p3_bpx_cei_ip_03_01_r6_cone
377      39.96274      97.13619    2332.26489      -0.00081       0.08390       0.00435 p3_bpx_cei_ho_03_01_r6_cone
378     -35.06569     -97.50469    2345.13846      -0.00081       0.08486       0.00435 p3_bpx_cei_ip_03_01_r6_grove
379     -34.85526      97.25881    2345.28964      -0.00081       0.08487       0.00435 p3_bpx_cei_ho_03_01_r6_grove
380     -16.79453     -97.44660    2382.90448      -0.00080       0.08602       0.00435 p3_bpx_cei_ip_03_01_r6_flat
381     -16.53109      97.27260    2383.03266      -0.00080       0.08602       0.00435 p3_bpx_cei_ho_03_01_r6_flat
382     -81.66554       4.72958     739.80000       0.00000       0.00000       0.00000 p4_cei_03_par_1
383     -85.91272      13.45393    2041.34000      26.08587       0.00000       0.00000 p4_cei_03_par_2
384      19.15667      -1.97817    2382.00000   -1042.52830       2.10794      -0.00018 p4_cei_03_par_3
385      -0.32706       0.00869      -0.02445      -0.00662      -0.15799      -0.05429 p4_cei_03
386     -14.93203      -0.00245      66.06677       0.01690       0.56558    3141.53840 p4_irm_cei_03_s1_fixed
387      15.04586      -0.00204    2291.87505       0.00864      -0.19318      -0.05429 p4_irm_cei_03_s2_fixed
388      15.06797      -0.00082      66.08373       0.01690       0.56558    3141.53840 p4_irm_cei_03_l1_fixed
389     -14.95414      -0.00367    2291.88085       0.00864      -0.19318      -0.05429 p4_irm_cei_03_l2_fixed
390     -15.13808       0.00296     477.96841       0.00679       0.39079      -0.05429 p4_irl_cei_03_s1
391      14.95978      -0.00488    1879.97272       0.00416      -0.22766      -0.05429 p4_irl_cei_03_s2
392      14.78229       0.00189     950.47323      -0.01659      -0.05541      -0.05429 p4_irl_cei_03_l1
393     -15.14699      -0.00605    1407.47784      -0.00715      -0.20887      -0.05429 p4_irl_cei_03_l2
394     -15.21819       0.00041     941.17479      -0.01640      -0.04862      -0.05429 p4_irc_cei_03_s1
395      14.85496      -0.00448    1416.77157      -0.00687      -0.21013      -0.05429 p4_irc_cei_03_s2
396      14.85107      -0.00435    1398.17157      -0.00744      -0.20757      -0.05429 p4_irc_cei_03_l1
397     -15.21716       0.00010     959.77500      -0.01675      -0.06203      -0.05429 p4_irc_cei_03_l2
398       0.10550      -0.00276      -0.02452       0.01710       0.56899      -0.05430 p4_irt_cei_03_r1
399      -0.10412       0.00309     396.97440       0.00998       0.44607      -0.05429 p4_irt_cei_03_r2
400      -0.21623       0.00329     793.97403      -0.01088       0.08260      -0.05429 p4_irt_cei_03_r3
401      -0.18829      -0.00292    1190.97430      -0.01442      -0.16942      -0.05429 p4_irt_cei_03_r4
402      -0.10745      -0.00605    1587.97516      -0.00210      -0.22695      -0.05429 p4_irt_cei_03_r5
403      -0.01672      -0.00517    1984.97655       0.00583      -0.21930      -0.05429 p4_irt_cei_03_r6
404       0.06318      -0.00207    2381.97841       0.00879      -0.19170      -0.05429 p4_irt_cei_03_r7
405     -36.74824      97.16889      14.65471       0.01709       0.56882      -0.05430 p4_bpx_cei_ho_03_05_r1_cone
406     -36.89617     -97.76592      14.67626       0.01709       0.56882      -0.05430 p4_bpx_cei_ip_03_05_r1_cone
407      39.15944      97.11885      16.85758       0.01708       0.56877      -0.05430 p4_bpx_cei_ho_03_05_r1_flat
408      39.00661     -97.82706      16.88762       0.01708       0.56877      -0.05430 p4_bpx_cei_ip_03_05_r1_flat
409      26.41474      97.07314      56.82746       0.01695       0.56647      -0.05430 p4_bpx_cei_ho_03_05_r1_grove
410      26.25980     -97.76307      56.86027       0.01695       0.56647      -0.05430 p4_bpx_cei_ip_03_05_r1_grove
411      23.93933      97.02504      88.71829       0.01674       0.56285      -0.05430 p4_bpx_cei_ho_03_01_r1_cone
412      23.78619     -97.70516      88.74507       0.01674       0.56285      -0.05430 p4_bpx_cei_ip_03_01_r1_cone
413     -50.53494      97.07845     103.56186       0.01661       0.56062      -0.05430 p4_bpx_cei_ho_03_01_r1_grove
414     -50.68648     -97.62506     103.58901       0.01661       0.56061      -0.05430 p4_bpx_cei_ip_03_01_r1_grove
415     -31.29430      96.98761     140.84300       0.01620       0.55351      -0.05430 p4_bpx_cei_ho_03_01_r1_flat
416     -31.44715     -97.57350     140.86707       0.01620       0.55350      -0.05430 p4_bpx_cei_ip_03_01_r1_flat
417     -52.04636      51.79491     193.13676       0.01541       0.53988      -0.05429 p4_srg_cei_03_r1_135deg
418      52.36075      51.55158     193.21983       0.01541       0.53987      -0.05429 p4_srg_cei_03_r1_45deg
419       0.20276      73.24585     193.19674       0.01541       0.53987      -0.05429 p4_srg_cei_03_r1_90deg
420     -55.49277      -0.00258     193.17330       0.01541       0.53987      -0.05429 p4_srg_cei_03_r1_rear
421     -52.22254     -52.23870     193.18337       0.01541       0.53987      -0.05429 p4_srg_cei_03_r1_225deg
422      -0.01697     -73.85597     193.22459       0.01541       0.53986      -0.05429 p4_srg_cei_03_r1_270deg
423      52.18896     -52.23813     193.26204       0.01541       0.53986      -0.05429 p4_srg_cei_03_r1_315deg
424      55.45390       0.00345     193.30480       0.01541       0.53985      -0.05429 p4_srg_cei_03_r1_front
425      50.24928     209.77509     248.36440       0.01431       0.52088      -0.05429 p4_baz_cei_03_02_01_r1_cone
426     -25.69170     209.88007     249.03545       0.01430       0.52060      -0.05429 p4_baz_cei_03_02_01_r1_grove
427     -13.74470     209.83428     289.25423       0.01332       0.50372      -0.05429 p4_baz_cei_03_02_01_r1_flat
428     -38.25077     -97.57250     324.48106       0.01234       0.48685      -0.05429 p4_bpx_cei_ip_03_05_r2_cone
429     -38.07958      97.18021     324.76134       0.01234       0.48671      -0.05429 p4_bpx_cei_ho_03_05_r2_cone
430      37.64109     -97.61184     327.29314       0.01226       0.48544      -0.05429 p4_bpx_cei_ip_03_05_r2_flat
431      37.81889      97.06757     327.56053       0.01225       0.48530      -0.05429 p4_bpx_cei_ho_03_05_r2_flat
432      24.56996     -97.63759     367.15407       0.01101       0.46385      -0.05429 p4_bpx_cei_ip_03_05_r2_grove
433      24.74867      97.02742     367.42590       0.01100       0.46369      -0.05429 p4_bpx_cei_ho_03_05_r2_grove
434      28.05309     -97.68544     401.71863       0.00981       0.44312      -0.05429 p4_bpx_cei_ip_03_01_r2_cone
435      28.23399      96.97977     401.99279       0.00980       0.44295      -0.05429 p4_bpx_cei_ho_03_01_r2_cone
436     -46.53089     -97.66725     415.97783       0.00929       0.43400      -0.05429 p4_bpx_cei_ip_03_01_r2_grove
437     -46.34699      97.09816     416.25581       0.00928       0.43382      -0.05429 p4_bpx_cei_ho_03_01_r2_grove
438     -27.58986     -97.69710     453.40045       0.00782       0.40863      -0.05429 p4_bpx_cei_ip_03_01_r2_flat
439     -27.40624      96.99311     453.68370       0.00781       0.40843      -0.05429 p4_bpx_cei_ho_03_01_r2_flat
440      55.40067      -0.00842     477.87108       0.00679       0.39088      -0.05429 p4_irl_cei_03_r1_front
441     -36.63434     209.90306     548.62105       0.00351       0.33421      -0.05429 p4_baz_cei_03_04_05_r1_cone
442      37.53825     209.75463     564.93096       0.00269       0.32007      -0.05429 p4_baz_cei_03_04_05_r1_flat
443      17.56635     209.76851     601.82385       0.00075       0.28649      -0.05429 p4_baz_cei_03_04_05_r1_grove
444      -7.89871     -36.10598     719.57635      -0.00627       0.16512      -0.05429 p4_slm_cei_03_surf_r1
445     -37.34632      97.10687     811.89689      -0.01182       0.06424      -0.05429 p4_bpx_cei_ho_03_05_r3_cone
446     -37.54795     -97.56714     811.91908      -0.01182       0.06422      -0.05429 p4_bpx_cei_ip_03_05_r3_cone
447      38.51566      96.97915     815.48794      -0.01200       0.06065      -0.05429 p4_bpx_cei_ho_03_05_r3_flat
448      38.30562     -97.59976     815.55859      -0.01200       0.06058      -0.05429 p4_bpx_cei_ip_03_05_r3_flat
449      25.03372      96.94621     855.21664      -0.01378       0.02260      -0.05429 p4_bpx_cei_ho_03_05_r3_grove
450      24.81008     -97.63411     855.27845      -0.01379       0.02254      -0.05429 p4_bpx_cei_ip_03_05_r3_grove
451      27.82980      96.89642     892.00393      -0.01511      -0.00973      -0.05429 p4_bpx_cei_ho_03_01_r3_cone
452      27.58026     -97.68279     892.05969      -0.01511      -0.00978      -0.05429 p4_bpx_cei_ip_03_01_r3_cone
453     -46.89601      97.05556     905.49613      -0.01552      -0.02090      -0.05429 p4_bpx_cei_ho_03_01_r3_grove
454     -47.16004     -97.65265     905.50941      -0.01552      -0.02091      -0.05429 p4_bpx_cei_ip_03_01_r3_grove
455     -28.34516      96.94917     943.11066      -0.01644      -0.05004      -0.05429 p4_bpx_cei_ho_03_01_r3_flat
456     -28.62819     -97.68955     943.13528      -0.01644      -0.05006      -0.05429 p4_bpx_cei_ip_03_01_r3_flat
457      55.29288      -0.03981     950.20870      -0.01658      -0.05522      -0.05429 p4_irc_cei_03_r1_front
458      55.27936       0.02587    1178.74285      -0.01485      -0.16649      -0.05429 p4_mid_cei_03_front
459     -36.84245     -97.68129    1240.91675      -0.01262      -0.18024      -0.05429 p4_bpx_cei_ip_03_05_r4_cone
460     -36.71221      97.10662    1241.00029      -0.01262      -0.18026      -0.05429 p4_bpx_cei_ho_03_05_r4_cone
461      38.98160     -97.66612    1245.08668      -0.01248      -0.18110      -0.05429 p4_bpx_cei_ip_03_05_r4_flat
462      39.11354      96.97818    1245.10778      -0.01248      -0.18110      -0.05429 p4_bpx_cei_ho_03_05_r4_flat
463      25.20034     -97.68744    1284.70848      -0.01111      -0.18888      -0.05429 p4_bpx_cei_ip_03_05_r4_grove
464      25.36298      96.95047    1284.74601      -0.01111      -0.18889      -0.05429 p4_bpx_cei_ho_03_05_r4_grove
465      40.59344     -97.72127    1319.11089      -0.00996      -0.19511      -0.05429 p4_bpx_cei_ip_03_01_r4_cone
466      40.78188      96.89044    1319.13499      -0.00996      -0.19512      -0.05429 p4_bpx_cei_ho_03_01_r4_cone
467     -34.23442     -97.71255    1332.02434      -0.00954      -0.19732      -0.05429 p4_bpx_cei_ip_03_01_r4_grove
468     -34.03498      97.02296    1332.10635      -0.00953      -0.19734      -0.05429 p4_bpx_cei_ho_03_01_r4_grove
469     -15.95405     -97.72830    1369.79742      -0.00832      -0.20340      -0.05429 p4_bpx_cei_ip_03_01_r4_flat
470     -15.72521      96.93731    1369.86779      -0.00832      -0.20341      -0.05429 p4_bpx_cei_ho_03_01_r4_flat
471      55.27056      -0.01483    1407.69433      -0.00715      -0.20890      -0.05429 p4_irc_cei_03_r2_front
472     -28.53690     172.52726    1465.57021      -0.00543      -0.21616      -0.05429 p4_baz_cei_03_04_02_r2_grove
473      41.85012     172.39994    1494.09700      -0.00461      -0.21923      -0.05429 p4_baz_cei_03_04_02_r2_cone
474     -32.94139     172.48412    1507.29781      -0.00424      -0.22053      -0.05429 p4_baz_cei_03_04_02_r2_flat
475     -27.31128     -97.62192    1666.05556      -0.00019      -0.23059      -0.05429 p4_bpx_cei_ip_03_05_r5_cone
476     -27.16792      97.08889    1666.18266      -0.00019      -0.23059      -0.05429 p4_bpx_cei_ho_03_05_r5_cone
477      48.52608     -97.62720    1670.17649      -0.00009      -0.23071      -0.05429 p4_bpx_cei_ip_03_05_r5_flat
478      48.67373      96.95740    1670.24257      -0.00009      -0.23072      -0.05429 p4_bpx_cei_ho_03_05_r5_flat
479      34.76894     -97.64934    1709.81235       0.00080      -0.23153      -0.05429 p4_bpx_cei_ip_03_05_r5_grove
480      34.94889      96.96617    1709.88775       0.00081      -0.23153      -0.05429 p4_bpx_cei_ho_03_05_r5_grove
481      46.82292     -97.69802    1758.89962       0.00186      -0.23164      -0.05429 p4_bpx_cei_ip_03_01_r5_cone
482      47.03566      96.92579    1758.96351       0.00186      -0.23164      -0.05429 p4_bpx_cei_ho_03_01_r5_cone
483     -28.00269     -97.67995    1771.85002       0.00212      -0.23151      -0.05429 p4_bpx_cei_ip_03_01_r5_grove
484     -27.77643      97.06416    1771.97916       0.00212      -0.23151      -0.05429 p4_bpx_cei_ho_03_01_r5_grove
485      -9.71236     -97.70277    1809.60689       0.00287      -0.23071      -0.05429 p4_bpx_cei_ip_03_01_r5_flat
486      -9.45760      96.99805    1809.71897       0.00287      -0.23071      -0.05429 p4_bpx_cei_ho_03_01_r5_flat
487      55.41383       0.01681    1879.77281       0.00416      -0.22767      -0.05429 p4_irl_cei_03_r2_front
488     -13.37035     -41.42577    2020.95644       0.00633      -0.21538      -0.05429 p4_gim_cei_03_surf_r1
489     -52.23651      51.89237    2115.82302       0.00745      -0.20466      -0.05429 p4_srg_cei_03_r2_135deg
490       0.07143      73.27181    2115.83516       0.00745      -0.20466      -0.05429 p4_srg_cei_03_r2_90deg
491     -52.28205     -52.23923    2115.84861       0.00745      -0.20466      -0.05429 p4_srg_cei_03_r2_225deg
492      52.23061      51.62824    2115.83304       0.00745      -0.20466      -0.05429 p4_srg_cei_03_r2_45deg
493     -55.67118      -0.01992    2115.88771       0.00745      -0.20465      -0.05429 p4_srg_cei_03_r2_rear
494      -0.06687     -73.78270    2115.88738       0.00745      -0.20465      -0.05429 p4_srg_cei_03_r2_270deg
495      52.10556     -52.21736    2115.88204       0.00745      -0.20465      -0.05429 p4_srg_cei_03_r2_315deg
496      55.46753      -0.00128    2115.93227       0.00746      -0.20465      -0.05429 p4_srg_cei_03_r2_front
497     -34.40422     -97.67415    2206.32403       0.00821      -0.19735      -0.05429 p4_bpx_cei_ip_03_05_r6_cone
498     -34.37356      97.10225    2206.50293       0.00821      -0.19733      -0.05429 p4_bpx_cei_ho_03_05_r6_cone
499      41.42360     -97.67380    2210.48760       0.00824      -0.19708      -0.05429 p4_bpx_cei_ip_03_05_r6_flat
500      41.46385      96.99100    2210.55529       0.00824      -0.19708      -0.05429 p4_bpx_cei_ho_03_05_r6_flat
501      27.64466     -97.62212    2250.11859       0.00846      -0.19488      -0.05429 p4_bpx_cei_ip_03_05_r6_grove
502      27.73751      97.06289    2250.20932       0.00846      -0.19488      -0.05429 p4_bpx_cei_ho_03_05_r6_grove
503      39.75893     -97.53105    2332.21078       0.00874      -0.19215      -0.05429 p4_bpx_cei_ip_03_01_r6_cone
504      39.97047      97.13866    2332.28273       0.00874      -0.19215      -0.05429 p4_bpx_cei_ho_03_01_r6_cone
505     -35.07880     -97.49470    2345.12032       0.00877      -0.19195      -0.05429 p4_bpx_cei_ip_03_01_r6_grove
506     -34.84954      97.27031    2345.30287       0.00877      -0.19195      -0.05429 p4_bpx_cei_ho_03_01_r6_grove
507     -16.80736     -97.43778    2382.88600       0.00879      -0.19170      -0.05429 p4_bpx_cei_ip_03_01_r6_flat
508     -16.52650      97.27844    2383.04714       0.00879      -0.19170      -0.05429 p4_bpx_cei_ho_03_01_r6_flat
509     -15.00000       0.00000      66.10000       0.00000      -0.00000       1.59270 p1_irm_cei_03_s1
510      15.00000       0.00000      66.10000       0.00000      -0.00000       1.59270 p1_irm_cei_03_l1
511      15.00000       0.00000    2291.90000       0.00000      -0.00000   -3140.00000 p1_irm_cei_03_s2
512     -15.00000       0.00000    2291.90000       0.00000      -0.00000   -3140.00000 p1_irm_cei_03_l2
513     -15.08237       0.00082      66.13989       0.00501      -0.67357       1.59329 p2_irm_cei_03_s1
514      14.91763       0.00081      66.11968       0.00501      -0.67357       1.59329 p2_irm_cei_03_l1
515      14.95654      -0.00006    2291.93856      -0.00510       0.23541   -3139.99941 p2_irm_cei_03_s2
516     -15.04346      -0.00004    2291.93150      -0.00510       0.23541   -3139.99941 p2_irm_cei_03_l2
517     -14.98739       0.00201      66.08727      -0.00081       0.09449       1.59705 p3_irm_cei_03_s1
518      15.01261       0.00188      66.09010      -0.00081       0.09449       1.59705 p3_irm_cei_03_l1
519      14.98822       0.00004    2291.89415      -0.00083       0.07906   -3139.99565 p3_irm_cei_03_s2
520     -15.01178       0.00017    2291.89178      -0.00083       0.07906   -3139.99565 p3_irm_cei_03_l2
521     -14.93203      -0.00245      66.06677       0.01690       0.56558       1.53840 p4_irm_cei_03_s1
522      15.06797      -0.00082      66.08373       0.01690       0.56558       1.53840 p4_irm_cei_03_l1
523      15.04586      -0.00204    2291.87505       0.00864      -0.19318   -3140.05429 p4_irm_cei_03_s2
524     -14.95414      -0.00367    2291.88085       0.00864      -0.19318   -3140.05429 p4_irm_cei_03_l2
