   1       0.00000       0.00000     580.80000       0.00000       0.00000       0.00000 p1_aei_06_par_1
   2       0.00000       0.00000    1710.90000      26.08587       0.00000       0.00000 p1_aei_06_par_2
   3       0.00000       0.00000    2382.00000       0.00000       0.00000       0.00000 p1_aei_06_par_3
   4       0.00000       0.00000       0.00000       0.00000       0.00000       0.00000 p1_aei_06
   5     -15.00000       0.00000      66.10000       0.00000      -0.00000   -3141.59261 p1_irm_aei_06_s1_fixed
   6      15.00000       0.00000    2291.90000       0.00000      -0.00000       0.00000 p1_irm_aei_06_s2_fixed
   7      15.00000       0.00000      66.10000       0.00000      -0.00000   -3141.59261 p1_irm_aei_06_l1_fixed
   8     -15.00000       0.00000    2291.90000       0.00000      -0.00000       0.00000 p1_irm_aei_06_l2_fixed
   9     -15.00000       0.00000     478.00000       0.00000      -0.00000       0.00000 p1_irl_aei_06_s1
  10      15.00000       0.00000    1880.00000       0.00000      -0.00000       0.00000 p1_irl_aei_06_s2
  11      15.00000       0.00000     950.50000       0.00000      -0.00000       0.00000 p1_irl_aei_06_l1
  12     -15.00000       0.00000    1407.50000       0.00000      -0.00000       0.00000 p1_irl_aei_06_l2
  13     -15.00000       0.00000     941.20000       0.00000      -0.00000       0.00000 p1_irc_aei_06_s1
  14      15.00000       0.00000    1416.80000       0.00000      -0.00000       0.00000 p1_irc_aei_06_s2
  15      15.00000       0.00000    1398.20000       0.00000      -0.00000       0.00000 p1_irc_aei_06_l1
  16     -15.00000       0.00000     959.80000       0.00000      -0.00000       0.00000 p1_irc_aei_06_l2
  17       0.00000       0.00000       0.00000       0.00000      -0.00000       0.00000 p1_irt_aei_06_r1
  18       0.00000       0.00000     397.00000       0.00000      -0.00000       0.00000 p1_irt_aei_06_r2
  19       0.00000       0.00000     794.00000       0.00000      -0.00000       0.00000 p1_irt_aei_06_r3
  20       0.00000       0.00000    1191.00000       0.00000      -0.00000       0.00000 p1_irt_aei_06_r4
  21       0.00000       0.00000    1588.00000       0.00000      -0.00000       0.00000 p1_irt_aei_06_r5
  22       0.00000       0.00000    1985.00000       0.00000      -0.00000       0.00000 p1_irt_aei_06_r6
  23       0.00000       0.00000    2382.00000       0.00000      -0.00000       0.00000 p1_irt_aei_06_r7
  24     -33.93140     -97.87970      18.99000       0.00000      -0.00000       0.00000 p1_bpx_aei_ip_06_08_r1_cone
  25     -34.19650      96.65410      19.09780       0.00000      -0.00000       0.00000 p1_bpx_aei_ho_06_08_r1_cone
  26      41.26900     -97.77010      29.57000       0.00000      -0.00000       0.00000 p1_bpx_aei_ip_06_08_r1_flat
  27      41.00390      96.71240      29.65480       0.00000      -0.00000       0.00000 p1_bpx_aei_ho_06_08_r1_flat
  28      24.18510     -97.78850      67.87900       0.00000      -0.00000       0.00000 p1_bpx_aei_ip_06_08_r1_grove
  29      23.92680      96.69880      67.96880       0.00000      -0.00000       0.00000 p1_bpx_aei_ho_06_08_r1_grove
  30      35.23880     -97.77570     109.35280       0.00000      -0.00000       0.00000 p1_bpx_aei_ip_06_04_r1_cone
  31      34.99000      96.71230     109.43940       0.00000      -0.00000       0.00000 p1_bpx_aei_ho_06_04_r1_cone
  32     -40.42370     -97.89100     115.88470       0.00000      -0.00000       0.00000 p1_bpx_aei_ip_06_04_r1_grove
  33     -40.65800      96.66740     115.99880       0.00000      -0.00000       0.00000 p1_bpx_aei_ho_06_04_r1_grove
  34     -25.41210     -97.85500     155.05350       0.00000      -0.00000       0.00000 p1_bpx_aei_ip_06_04_r1_flat
  35     -25.63900      96.64070     155.16230       0.00000      -0.00000       0.00000 p1_bpx_aei_ho_06_04_r1_flat
  36      37.49060    -173.02290     194.97270       0.00000      -0.00000       0.00000 p1_baz_aei_06_07_r1_flat
  36      37.49060    -173.02290     194.97270       0.00000      -0.00000       0.00000 p1_baz_aei_06_05_r1_flat
  37     -32.52350    -173.12480     224.40310       0.00000      -0.00000       0.00000 p1_baz_aei_06_07_r1_cone
  37     -32.52350    -173.12480     224.40310       0.00000      -0.00000       0.00000 p1_baz_aei_06_05_r1_cone
  38      42.42860    -173.02150     236.63090       0.00000      -0.00000       0.00000  p1_baz_aei_06_07_r1_grove
  38      42.42860    -173.02150     236.63090       0.00000      -0.00000       0.00000  p1_baz_aei_06_05_r1_grove
  39     -55.37760       0.00000     282.53620       0.00000      -0.00000       0.00000 p1_srg_aei_06_r1_rear
  40     -52.20040     -52.29500     282.53780       0.00000      -0.00000       0.00000 p1_srg_aei_06_r1_225deg
  41       0.04520     -73.90780     282.53940       0.00000      -0.00000       0.00000 p1_srg_aei_06_r1_270deg
  42      52.27010     -52.26580     282.57770       0.00000      -0.00000       0.00000 p1_srg_aei_06_r1_315deg
  43      55.45650       0.00000     282.60000       0.00000      -0.00000       0.00000 p1_srg_aei_06_r1_front
  44     -51.89890      51.63770     282.62800       0.00000      -0.00000       0.00000 p1_srg_aei_06_r1_135deg
  45       0.37190      72.92240     282.68890       0.00000      -0.00000       0.00000 p1_srg_aei_06_r1_90deg
  46      52.48420      51.10760     282.75930       0.00000      -0.00000       0.00000 p1_srg_aei_06_r1_45deg
  47     -27.86070     -97.70420     335.96870       0.00000      -0.00000       0.00000 p1_bpx_aei_ip_06_08_r2_cone
  48     -27.96350      96.93740     336.71810       0.00000      -0.00000       0.00000 p1_bpx_aei_ho_06_08_r2_cone
  49      47.42310     -97.61440     345.89300       0.00000      -0.00000       0.00000 p1_bpx_aei_ip_06_08_r2_flat
  50      47.32030      96.87320     346.63090       0.00000      -0.00000       0.00000 p1_bpx_aei_ho_06_08_r2_flat
  51      30.66650     -97.67780     384.35330       0.00000      -0.00000       0.00000 p1_bpx_aei_ip_06_08_r2_grove
  52      30.56590      96.78720     385.08770       0.00000      -0.00000       0.00000 p1_bpx_aei_ho_06_08_r2_grove
  53      46.54980     -97.74010     430.02970       0.00000      -0.00000       0.00000 p1_bpx_aei_ip_06_04_r2_cone
  54      46.46330      96.67910     430.75870       0.00000      -0.00000       0.00000 p1_bpx_aei_ho_06_04_r2_cone
  55     -29.04040     -97.83560     437.21390       0.00000      -0.00000       0.00000 p1_bpx_aei_ip_06_04_r2_grove
  56     -29.12440      96.68350     437.95920       0.00000      -0.00000       0.00000 p1_bpx_aei_ho_06_04_r2_grove
  57     -13.70220     -97.85570     476.26090       0.00000      -0.00000       0.00000 p1_bpx_aei_ip_06_04_r2_flat
  58     -13.78100      96.56260     476.99780       0.00000      -0.00000       0.00000 p1_bpx_aei_ho_06_04_r2_flat
  59      -0.58490     -45.54030     560.63960       0.00000      -0.00000       0.00000 p1_slm_aei_06_surf_r2
  60      55.42920       0.09430     747.51710       0.00000      -0.00000       0.00000 p1_srg_aei_06_r2_front
  61     -52.21610     -52.28510     747.53080       0.00000      -0.00000       0.00000 p1_srg_aei_06_r2_225deg
  62     -55.63880      -0.06110     747.54120       0.00000      -0.00000       0.00000 p1_srg_aei_06_r2_rear
  63       0.01490     -73.77310     747.55060       0.00000      -0.00000       0.00000 p1_srg_aei_06_r2_270deg
  64      52.18770     -52.13070     747.56650       0.00000      -0.00000       0.00000 p1_srg_aei_06_r2_315deg
  65     -52.40100      51.48260     747.58490       0.00000      -0.00000       0.00000 p1_srg_aei_06_r2_135deg
  66      -0.29620      73.09720     747.59100       0.00000      -0.00000       0.00000 p1_srg_aei_06_r2_90deg
  67      51.99510      51.68200     747.59560       0.00000      -0.00000       0.00000 p1_srg_aei_06_r2_45deg
  68     193.61950     -32.47720     928.98410       0.00000      -0.00000       0.00000 p1_bpl_aei_06_r1_grove
  69     195.83630      40.48050     949.92260       0.00000      -0.00000       0.00000 p1_bpl_aei_06_r1_cone
  70     198.08880     -32.53110     970.66780       0.00000      -0.00000       0.00000 p1_bpl_aei_06_r1_flat
  71     -47.22460     -97.70330    1034.43330       0.00000      -0.00000       0.00000 p1_bpx_aei_ip_06_08_r3_cone
  72     -47.42930      96.75920    1034.75430       0.00000      -0.00000       0.00000 p1_bpx_aei_ho_06_08_r3_cone
  73      28.00520     -97.61010    1044.76320       0.00000      -0.00000       0.00000 p1_bpx_aei_ip_06_08_r3_flat
  74      27.79830      96.77940    1045.13540       0.00000      -0.00000       0.00000 p1_bpx_aei_ho_06_08_r3_flat
  75      11.03950     -97.71850    1083.13240       0.00000      -0.00000       0.00000 p1_bpx_aei_ip_06_08_r3_grove
  76      10.80620      96.70950    1083.49460       0.00000      -0.00000       0.00000 p1_bpx_aei_ho_06_08_r3_grove
  77      28.93480     -97.78070    1117.82690       0.00000      -0.00000       0.00000 p1_bpx_aei_ip_06_04_r3_cone
  78      28.67610      96.67010    1118.20090       0.00000      -0.00000       0.00000 p1_bpx_aei_ho_06_04_r3_cone
  79     -46.70000     -97.89510    1124.59860       0.00000      -0.00000       0.00000 p1_bpx_aei_ip_06_04_r3_grove
  80     -46.95980      96.63020    1124.91770       0.00000      -0.00000       0.00000 p1_bpx_aei_ho_06_04_r3_grove
  81     -31.56440     -97.95320    1163.72310       0.00000      -0.00000       0.00000 p1_bpx_aei_ip_06_04_r3_flat
  82     -31.85620      96.55740    1164.05600       0.00000      -0.00000       0.00000 p1_bpx_aei_ho_06_04_r3_flat
  83      55.27510      -0.09160    1179.26860       0.00000      -0.00000       0.00000 p1_mid_aei_06_front
  84     -44.33820     -97.81480    1367.57550       0.00000      -0.00000       0.00000 p1_bpx_aei_ip_06_08_r4_cone
  85     -44.54570      96.77970    1367.98730       0.00000      -0.00000       0.00000 p1_bpx_aei_ho_06_08_r4_cone
  86      30.92860     -97.69670    1377.70260       0.00000      -0.00000       0.00000 p1_bpx_aei_ip_06_08_r4_flat
  87      30.72150      96.77290    1378.04800       0.00000      -0.00000       0.00000 p1_bpx_aei_ho_06_08_r4_flat
  88      14.07200     -97.68660    1416.11450       0.00000      -0.00000       0.00000 p1_bpx_aei_ip_06_08_r4_grove
  89      13.90130      96.76140    1416.48020       0.00000      -0.00000       0.00000 p1_bpx_aei_ho_06_08_r4_grove
  90      45.52450     -97.63520    1445.12860       0.00000      -0.00000       0.00000 p1_bpx_aei_ip_06_04_r4_cone
  91      45.37200      96.77700    1445.46590       0.00000      -0.00000       0.00000 p1_bpx_aei_ho_06_04_r4_cone
  92     -30.09070     -97.73420    1452.11290       0.00000      -0.00000       0.00000 p1_bpx_aei_ip_06_04_r4_grove
  93     -30.22800      96.76330    1452.50980       0.00000      -0.00000       0.00000 p1_bpx_aei_ho_06_04_r4_grove
  94     -14.86380     -97.69340    1491.20220       0.00000      -0.00000       0.00000 p1_bpx_aei_ip_06_04_r4_flat
  95     -14.95300      96.73850    1491.57950       0.00000      -0.00000       0.00000 p1_bpx_aei_ho_06_04_r4_flat
  96      33.06410    -210.36870    1532.16120       0.00000      -0.00000       0.00000 p1_baz_aei_06_05_r2_flat
  96      33.06410    -210.36870    1532.16120       0.00000      -0.00000       0.00000 p1_baz_aei_06_04_r2_flat
  97     -42.87520    -210.47770    1532.68630       0.00000      -0.00000       0.00000 p1_baz_aei_06_05_r2_cone
  97     -42.87520    -210.47770    1532.68630       0.00000      -0.00000       0.00000 p1_baz_aei_06_04_r2_cone
  98      21.76110    -210.36310    1572.54880       0.00000      -0.00000       0.00000  p1_baz_aei_06_05_r2_grove
  98      21.76110    -210.36310    1572.54880       0.00000      -0.00000       0.00000  p1_baz_aei_06_04_r2_grove
  99     -37.09470     -22.45200    1690.79960       0.00000      -0.00000       0.00000 p1_gim_aei_06_surf_r2
 100       0.18640     -73.91590    1825.38930       0.00000      -0.00000       0.00000 p1_srg_aei_06_r3_270deg
 101      52.28730     -52.19030    1825.40360       0.00000      -0.00000       0.00000 p1_srg_aei_06_r3_315deg
 102     -52.12010     -52.47530    1825.48000       0.00000      -0.00000       0.00000 p1_srg_aei_06_r3_225deg
 103      55.45650       0.00000    1825.49170       0.00000      -0.00000       0.00000 p1_srg_aei_06_r3_front
 104      52.27920      51.21710    1825.54250       0.00000      -0.00000       0.00000 p1_srg_aei_06_r3_45deg
 105     -55.55870      -0.24640    1825.57780       0.00000      -0.00000       0.00000 p1_srg_aei_06_r3_rear
 106       0.02600      72.90450    1825.58390       0.00000      -0.00000       0.00000 p1_srg_aei_06_r3_90deg
 107     -52.09610      51.52490    1825.62260       0.00000      -0.00000       0.00000 p1_srg_aei_06_r3_135deg
 108      29.88330     -97.73270    1894.13490       0.00000      -0.00000       0.00000 p1_bpx_aei_ip_06_04_r5_cone
 109      29.58570      96.81550    1894.89780       0.00000      -0.00000       0.00000 p1_bpx_aei_ho_06_04_r5_cone
 110     -45.98160     -97.80030    1897.51480       0.00000      -0.00000       0.00000 p1_bpx_aei_ip_06_04_r5_grove
 111     -46.27710      96.68390    1898.29100       0.00000      -0.00000       0.00000 p1_bpx_aei_ho_06_04_r5_grove
 112     -32.60740     -97.87890    1937.28270       0.00000      -0.00000       0.00000 p1_bpx_aei_ip_06_04_r5_flat
 113     -32.89920      96.57340    1938.04950       0.00000      -0.00000       0.00000 p1_bpx_aei_ho_06_04_r5_flat
 114     -43.85540     -97.98630    1978.15460       0.00000      -0.00000       0.00000 p1_bpx_aei_ip_06_08_r5_cone
 115     -44.13570      96.42590    1978.91830       0.00000      -0.00000       0.00000 p1_bpx_aei_ho_06_08_r5_cone
 116      30.84050     -97.96500    1991.83550       0.00000      -0.00000       0.00000 p1_bpx_aei_ip_06_08_r5_flat
 117      30.55510      96.51310    1992.59240       0.00000      -0.00000       0.00000 p1_bpx_aei_ho_06_08_r5_flat
 118      12.18440     -98.05640    2029.40790       0.00000      -0.00000       0.00000 p1_bpx_aei_ip_06_08_r5_grove
 119      11.91130      96.34820    2030.17050       0.00000      -0.00000       0.00000 p1_bpx_aei_ho_06_08_r5_grove
 120      44.60380    -210.71960    2055.41360       0.00000      -0.00000       0.00000 p1_baz_aei_06_07_r2_cone
 120      44.60380    -210.71960    2055.41360       0.00000      -0.00000       0.00000 p1_baz_aei_06_08_r2_cone
 121     -29.27180    -210.80120    2072.95840       0.00000      -0.00000       0.00000  p1_baz_aei_06_07_r2_grove
 121     -29.27180    -210.80120    2072.95840       0.00000      -0.00000       0.00000  p1_baz_aei_06_08_r2_grove
 122      -8.69210    -210.76940    2109.50480       0.00000      -0.00000       0.00000 p1_baz_aei_06_07_r2_flat
 122      -8.69210    -210.76940    2109.50480       0.00000      -0.00000       0.00000 p1_baz_aei_06_08_r2_flat
 123     -84.45710     -98.05040    2208.47690       0.00000      -0.00000       0.00000 p1_bpx_aei_ip_06_08_r6_cone
 124     -84.59510      96.67450    2208.87590       0.00000      -0.00000       0.00000 p1_bpx_aei_ho_06_08_r6_cone
 125      -9.29810     -97.95450    2219.27520       0.00000      -0.00000       0.00000 p1_bpx_aei_ip_06_08_r6_flat
 126      -9.48250      96.63930    2219.69110       0.00000      -0.00000       0.00000 p1_bpx_aei_ho_06_08_r6_flat
 127      85.40270     -97.88400    2236.27830       0.00000      -0.00000       0.00000 p1_bpx_aei_ip_06_04_r6_cone
 128      85.22300      96.67360    2236.68250       0.00000      -0.00000       0.00000 p1_bpx_aei_ho_06_04_r6_cone
 129       9.72090     -97.92160    2242.58180       0.00000      -0.00000       0.00000 p1_bpx_aei_ip_06_04_r6_grove
 130       9.54250      96.62250    2242.97130       0.00000      -0.00000       0.00000 p1_bpx_aei_ho_06_04_r6_grove
 131     -26.48940     -97.98340    2257.54360       0.00000      -0.00000       0.00000 p1_bpx_aei_ip_06_08_r6_grove
 132     -26.64360      96.60440    2257.91170       0.00000      -0.00000       0.00000 p1_bpx_aei_ho_06_08_r6_grove
 133      24.60450     -97.90600    2281.79970       0.00000      -0.00000       0.00000 p1_bpx_aei_ip_06_04_r6_flat
 134      24.37570      96.58510    2282.25590       0.00000      -0.00000       0.00000 p1_bpx_aei_ho_06_04_r6_flat
 135    -109.97460     -74.05440    2299.38710       0.00000      -0.00000       0.00000 p1_bbi_aei_06_05_flat
 136    -113.60740    -149.84710    2299.43440       0.00000      -0.00000       0.00000 p1_bbi_aei_06_05_cone
 137     -70.20850     -87.56590    2301.11830       0.00000      -0.00000       0.00000 p1_bbi_aei_06_05_grove
 138     -41.83390     -89.07520    2302.33930       0.00000      -0.00000       0.00000 p1_bbi_aei_06_07_grove
 139      -2.16560     -75.58260    2304.01220       0.00000      -0.00000       0.00000 p1_bbi_aei_06_07_flat
 140       1.40320    -151.48650    2304.33660       0.00000      -0.00000       0.00000 p1_bbi_aei_06_07_cone
 141     484.46000    -107.37840    2318.86560       0.00000      -0.00000       0.00000 p1_bpl_aei_06_r2_grove
 142    -506.24080     -96.57510    2336.47560       0.00000      -0.00000       0.00000 p1_bbe_aei_06_05_flat
 143    -484.70540     -23.74810    2336.83250       0.00000      -0.00000       0.00000 p1_bbe_aei_06_05_cone
 144    -464.32760     -96.88630    2338.23730       0.00000      -0.00000       0.00000 p1_bbe_aei_06_05_grove
 145     449.27970    -115.08290    2340.32540       0.00000      -0.00000       0.00000 p1_bpl_aei_06_r2_flat
 146     468.55580     -43.49340    2356.71100       0.00000      -0.00000       0.00000 p1_bpl_aei_06_r2_cone
 147     325.87000     -97.00000    2372.60490       0.00000      -0.00000       0.00000 p1_bbe_aei_06_07_flat
 148     346.34930     -23.88140    2372.94860       0.00000      -0.00000       0.00000 p1_bbe_aei_06_07_cone
 149     367.76700     -96.71550    2374.52220       0.00000      -0.00000       0.00000 p1_bbe_aei_06_07_grove
 150       0.39206      -0.01087     580.80000       0.00000       0.00000       0.00000 p2_aei_06_par_1
 151       0.26679      -0.01069    1710.90000      26.08587       0.00000       0.00000 p2_aei_06_par_2
 152       0.01854      -0.00168    2382.00000    2614.81287      -1.33847       0.00042 p2_aei_06_par_3
 153       0.10912      -0.00248       0.01395       0.00293       0.06392       0.01553 p2_aei_06
 154     -15.08035       0.00163      66.11972      -0.00612      -0.36461   -3141.57708 p2_irm_aei_06_s1_fixed
 155      14.97762       0.00297    2291.91838       0.00160       0.04321       0.01553 p2_irm_aei_06_s2_fixed
 156      14.91965       0.00117      66.10878      -0.00612      -0.36461   -3141.57708 p2_irm_aei_06_l1_fixed
 157     -15.02238       0.00343    2291.91709       0.00160       0.04321       0.01553 p2_irm_aei_06_l2_fixed
 158     -14.94631      -0.00044     478.01919      -0.00235      -0.22866       0.01553 p2_irl_aei_06_s1
 159      14.99450       0.00239    1880.01804       0.00092       0.03579       0.01553 p2_irl_aei_06_s2
 160      15.05931       0.00061     950.51858       0.00576       0.12109       0.01553 p2_irl_aei_06_l1
 161     -14.98947       0.00276    1407.51632       0.00101       0.06183       0.01553 p2_irl_aei_06_l2
 162     -14.93957       0.00102     941.21496       0.00578       0.11952       0.01553 p2_irc_aei_06_s1
 163      15.00996       0.00231    1416.81815       0.00091       0.05959       0.01553 p2_irc_aei_06_s2
 164      15.01111       0.00229    1398.21820       0.00111       0.06409       0.01553 p2_irc_aei_06_l1
 165     -14.94182       0.00113     959.81494       0.00573       0.12249       0.01553 p2_irc_aei_06_l2
 166      -0.10447       0.00180       0.01394      -0.00613      -0.36497       0.01553 p2_irt_aei_06_r1
 167       0.03267      -0.00042     397.01551      -0.00397      -0.28688       0.01553 p2_irt_aei_06_r2
 168       0.07487      -0.00005     794.01650       0.00527       0.06783       0.01553 p2_irt_aei_06_r3
 169       0.02959       0.00203    1191.01706       0.00370       0.11223       0.01553 p2_irt_aei_06_r4
 170       0.00280       0.00257    1588.01736      -0.00029       0.02787       0.01553 p2_irt_aei_06_r5
 171      -0.00947       0.00274    1985.01756       0.00126       0.03956       0.01553 p2_irt_aei_06_r6
 172      -0.02628       0.00334    2382.01780       0.00160       0.04325       0.01553 p2_irt_aei_06_r7
 173     -33.92877     -97.88099      18.99118      -0.00613      -0.36496       0.01553 p2_bpx_aei_ip_06_08_r1_cone
 174     -34.19441      96.66532      19.09567      -0.00613      -0.36496       0.01553 p2_bpx_aei_ho_06_08_r1_cone
 175      41.27320     -97.76882      29.57368      -0.00613      -0.36494       0.01553 p2_bpx_aei_ip_06_08_r1_flat
 176      41.00435      96.71598      29.65288      -0.00613      -0.36494       0.01553 p2_bpx_aei_ho_06_08_r1_flat
 177      24.18718     -97.79009      67.88141      -0.00612      -0.36458       0.01553 p2_bpx_aei_ip_06_08_r1_grove
 178      23.92543      96.69911      67.97010      -0.00612      -0.36458       0.01553 p2_bpx_aei_ho_06_08_r1_grove
 179      35.24038     -97.77411     109.35532      -0.00609      -0.36334       0.01553 p2_bpx_aei_ip_06_04_r1_cone
 180      34.98893      96.71339     109.43879      -0.00609      -0.36333       0.01553 p2_bpx_aei_ho_06_04_r1_cone
 181     -40.42437     -97.88998     115.88413      -0.00608      -0.36303       0.01553 p2_bpx_aei_ip_06_04_r1_grove
 182     -40.66021      96.66812     115.99249      -0.00608      -0.36302       0.01553 p2_bpx_aei_ho_06_04_r1_grove
 183     -25.41179     -97.86005     155.05729      -0.00600      -0.36032       0.01553 p2_bpx_aei_ip_06_04_r1_flat
 184     -25.64054      96.64415     155.15614      -0.00600      -0.36031       0.01553 p2_bpx_aei_ho_06_04_r1_flat
 185      37.49035    -173.02766     194.97373      -0.00588      -0.35572       0.01553 p2_baz_aei_06_07_r1_flat
 185      37.49035    -173.02766     194.97373      -0.00588      -0.35572       0.01553 p2_baz_aei_06_05_r1_flat
 186     -32.52436    -173.12765     224.40252      -0.00574      -0.35087       0.01553 p2_baz_aei_06_07_r1_cone
 186     -32.52436    -173.12765     224.40252      -0.00574      -0.35087       0.01553 p2_baz_aei_06_05_r1_cone
 187      42.42843    -173.02398     236.63308      -0.00567      -0.34843       0.01553  p2_baz_aei_06_07_r1_grove
 187      42.42843    -173.02398     236.63308      -0.00567      -0.34843       0.01553  p2_baz_aei_06_05_r1_grove
 188     -55.38195       0.00099     282.54028      -0.00535      -0.33683       0.01553 p2_srg_aei_06_r1_rear
 189     -52.20197     -52.29386     282.54173      -0.00535      -0.33683       0.01553 p2_srg_aei_06_r1_225deg
 190       0.04271     -73.90997     282.54012      -0.00535      -0.33682       0.01553 p2_srg_aei_06_r1_270deg
 191      52.26786     -52.26309     282.58044      -0.00535      -0.33681       0.01553 p2_srg_aei_06_r1_315deg
 192     -51.90162      51.63533     282.62748      -0.00535      -0.33680       0.01553 p2_srg_aei_06_r1_135deg
 193      55.45318      -0.00074     282.59645      -0.00535      -0.33680       0.01553 p2_srg_aei_06_r1_front
 194       0.36783      72.92352     282.68839      -0.00535      -0.33678       0.01553 p2_srg_aei_06_r1_90deg
 195      52.48033      51.11371     282.75583      -0.00535      -0.33675       0.01553 p2_srg_aei_06_r1_45deg
 196     -27.86015     -97.70611     335.97380      -0.00482      -0.31765       0.01553 p2_bpx_aei_ip_06_08_r2_cone
 197     -27.96890      96.93838     336.71696      -0.00481      -0.31733       0.01553 p2_bpx_aei_ho_06_08_r2_cone
 198      47.42229     -97.61073     345.89094      -0.00470      -0.31332       0.01553 p2_bpx_aei_ip_06_08_r2_flat
 199      47.31764      96.87157     346.62810      -0.00469      -0.31299       0.01553 p2_bpx_aei_ho_06_08_r2_flat
 200      30.66738     -97.68284     384.35446      -0.00417      -0.29411       0.01553 p2_bpx_aei_ip_06_08_r2_grove
 201      30.56331      96.78466     385.08401      -0.00416      -0.29370       0.01553 p2_bpx_aei_ho_06_08_r2_grove
 202      46.55179     -97.74236     430.03363      -0.00338      -0.26572       0.01553 p2_bpx_aei_ip_06_04_r2_cone
 203      46.45900      96.68134     430.75943      -0.00337      -0.26521       0.01553 p2_bpx_aei_ho_06_04_r2_cone
 204     -29.03813     -97.83591     437.21640      -0.00324      -0.26067       0.01553 p2_bpx_aei_ip_06_04_r2_grove
 205     -29.12642      96.68829     437.95404      -0.00322      -0.26015       0.01553 p2_bpx_aei_ho_06_04_r2_grove
 206     -13.70103     -97.85686     476.26288      -0.00239      -0.23015       0.01553 p2_bpx_aei_ip_06_04_r2_flat
 207     -13.78294      96.56464     476.99986      -0.00238      -0.22953       0.01553 p2_bpx_aei_ho_06_04_r2_flat
 208      -0.51549     -45.54137     560.63987      -0.00003      -0.14505       0.01553 p2_slm_aei_06_surf_r2
 209      55.43299       0.09256     747.51690       0.00470       0.03949       0.01553 p2_srg_aei_06_r2_front
 210     -52.21112     -52.28357     747.53259       0.00470       0.03950       0.01553 p2_srg_aei_06_r2_225deg
 211     -55.62941      -0.05901     747.54341       0.00470       0.03951       0.01553 p2_srg_aei_06_r2_rear
 212       0.02135     -73.77138     747.55656       0.00470       0.03951       0.01553 p2_srg_aei_06_r2_270deg
 213      52.19138     -52.13579     747.57192       0.00470       0.03952       0.01553 p2_srg_aei_06_r2_315deg
 214     -52.39811      51.48284     747.58220       0.00470       0.03953       0.01553 p2_srg_aei_06_r2_135deg
 215      52.00209      51.67821     747.59202       0.00470       0.03954       0.01553 p2_srg_aei_06_r2_45deg
 216      -0.28438      73.08993     747.59455       0.00470       0.03954       0.01553 p2_srg_aei_06_r2_90deg
 217     193.61187     -32.48039     928.98550       0.00580       0.11717       0.01553 p2_bpl_aei_06_r1_grove
 218     195.83931      40.47790     949.91742       0.00576       0.12099       0.01553 p2_bpl_aei_06_r1_cone
 219     198.08634     -32.53162     970.67022       0.00569       0.12390       0.01553 p2_bpl_aei_06_r1_flat
 220     -47.21924     -97.69906    1034.43446       0.00532       0.12780       0.01553 p2_bpx_aei_ip_06_08_r3_cone
 221     -47.42756      96.75955    1034.75160       0.00532       0.12780       0.01553 p2_bpx_aei_ho_06_08_r3_cone
 222      28.01054     -97.60887    1044.76468       0.00524       0.12778       0.01553 p2_bpx_aei_ip_06_08_r3_flat
 223      27.79951      96.77973    1045.13124       0.00524       0.12777       0.01553 p2_bpx_aei_ho_06_08_r3_flat
 224      11.04556     -97.71591    1083.13411       0.00490       0.12628       0.01553 p2_bpx_aei_ip_06_08_r3_grove
 225      10.80763      96.70569    1083.49203       0.00490       0.12626       0.01553 p2_bpx_aei_ho_06_08_r3_grove
 226      28.93882     -97.78103    1117.82829       0.00455       0.12319       0.01553 p2_bpx_aei_ip_06_04_r3_cone
 227      28.67620      96.66968    1118.19797       0.00455       0.12315       0.01553 p2_bpx_aei_ho_06_04_r3_cone
 228     -46.69551     -97.89572    1124.60071       0.00448       0.12242       0.01553 p2_bpx_aei_ip_06_04_r3_grove
 229     -46.95823      96.62758    1124.91721       0.00448       0.12238       0.01553 p2_bpx_aei_ho_06_04_r3_grove
 230     -31.56040     -97.95059    1163.72284       0.00403       0.11694       0.01553 p2_bpx_aei_ip_06_04_r3_flat
 231     -31.85312      96.55592    1164.05432       0.00403       0.11689       0.01553 p2_bpx_aei_ho_06_04_r3_flat
 232      55.27032      -0.09428    1179.26927       0.00385       0.11434       0.01553 p2_mid_aei_06_front
 233     -44.34023     -97.81353    1367.57089       0.00147       0.07165       0.01553 p2_bpx_aei_ip_06_08_r4_cone
 234     -44.55073      96.78507    1367.98479       0.00146       0.07155       0.01553 p2_bpx_aei_ho_06_08_r4_cone
 235      30.92636     -97.69768    1377.70130       0.00135       0.06914       0.01553 p2_bpx_aei_ip_06_08_r4_flat
 236      30.71586      96.77442    1378.04542       0.00135       0.06905       0.01553 p2_bpx_aei_ho_06_08_r4_flat
 237      14.07039     -97.68678    1416.11609       0.00092       0.05976       0.01553 p2_bpx_aei_ip_06_08_r4_grove
 238      13.89649      96.76392    1416.47860       0.00092       0.05968       0.01553 p2_bpx_aei_ho_06_08_r4_grove
 239      45.52285     -97.63675    1445.13365       0.00062       0.05299       0.01553 p2_bpx_aei_ip_06_04_r4_cone
 240      45.36766      96.77646    1445.46562       0.00062       0.05291       0.01553 p2_bpx_aei_ho_06_04_r4_cone
 241     -30.09151     -97.73547    1452.11169       0.00056       0.05141       0.01553 p2_bpx_aei_ip_06_04_r4_grove
 242     -30.23081      96.76173    1452.50927       0.00055       0.05132       0.01553 p2_bpx_aei_ho_06_04_r4_grove
 243     -14.86646     -97.69949    1491.20529       0.00022       0.04311       0.01553 p2_bpx_aei_ip_06_04_r4_flat
 244     -14.95865      96.74181    1491.57984       0.00022       0.04303       0.01553 p2_bpx_aei_ho_06_04_r4_flat
 245      33.06189    -210.36553    1532.16610      -0.00006       0.03558       0.01553 p2_baz_aei_06_05_r2_flat
 245      33.06189    -210.36553    1532.16610      -0.00006       0.03558       0.01553 p2_baz_aei_06_04_r2_flat
 246     -42.87643    -210.47155    1532.68690      -0.00006       0.03549       0.01553 p2_baz_aei_06_05_r2_cone
 246     -42.87643    -210.47155    1532.68690      -0.00006       0.03549       0.01553 p2_baz_aei_06_04_r2_cone
 247      21.75798    -210.36546    1572.55055      -0.00024       0.02967       0.01553  p2_baz_aei_06_05_r2_grove
 247      21.75798    -210.36546    1572.55055      -0.00024       0.02967       0.01553  p2_baz_aei_06_04_r2_grove
 248     -37.09459     -22.44908    1690.80242      -0.00015       0.02417       0.01553 p2_gim_aei_06_surf_r2
 249       0.18704     -73.91902    1825.38884       0.00068       0.03307       0.01553 p2_srg_aei_06_r3_270deg
 250      52.30127     -52.18423    1825.40295       0.00068       0.03307       0.01553 p2_srg_aei_06_r3_315deg
 251     -52.11803     -52.47081    1825.48349       0.00068       0.03308       0.01553 p2_srg_aei_06_r3_225deg
 252      55.45288       0.00172    1825.48922       0.00068       0.03308       0.01553 p2_srg_aei_06_r3_front
 253      52.28317      51.21897    1825.53818       0.00068       0.03308       0.01553 p2_srg_aei_06_r3_45deg
 254     -55.55733      -0.24576    1825.58004       0.00068       0.03308       0.01553 p2_srg_aei_06_r3_rear
 255       0.03601      72.89678    1825.58833       0.00068       0.03308       0.01553 p2_srg_aei_06_r3_90deg
 256     -52.09832      51.52289    1825.61862       0.00068       0.03309       0.01553 p2_srg_aei_06_r3_135deg
 257      29.88487     -97.73173    1894.13670       0.00098       0.03640       0.01553 p2_bpx_aei_ip_06_04_r5_cone
 258      29.58407      96.81488    1894.89660       0.00098       0.03643       0.01553 p2_bpx_aei_ho_06_04_r5_cone
 259     -45.97905     -97.79574    1897.51693       0.00099       0.03654       0.01553 p2_bpx_aei_ip_06_04_r5_grove
 260     -46.27696      96.68136    1898.29083       0.00099       0.03657       0.01553 p2_bpx_aei_ho_06_04_r5_grove
 261     -32.60494     -97.87551    1937.28550       0.00113       0.03806       0.01553 p2_bpx_aei_ip_06_04_r5_flat
 262     -32.89775      96.57250    1938.04707       0.00113       0.03809       0.01553 p2_bpx_aei_ho_06_04_r5_flat
 263     -43.85332     -97.98459    1978.15805       0.00125       0.03937       0.01553 p2_bpx_aei_ip_06_08_r5_cone
 264     -44.13673      96.42302    1978.91640       0.00125       0.03939       0.01553 p2_bpx_aei_ho_06_08_r5_cone
 265      30.84274     -97.96413    1991.83961       0.00128       0.03975       0.01553 p2_bpx_aei_ip_06_08_r5_flat
 266      30.55513      96.51458    1992.59095       0.00128       0.03977       0.01553 p2_bpx_aei_ho_06_08_r5_flat
 267      12.18783     -98.05669    2029.41111       0.00136       0.04067       0.01553 p2_bpx_aei_ip_06_08_r5_grove
 268      11.91061      96.34612    2030.16723       0.00137       0.04068       0.01553 p2_bpx_aei_ho_06_08_r5_grove
 269      44.60581    -210.71716    2055.41633       0.00141       0.04120       0.01553 p2_baz_aei_06_07_r2_cone
 269      44.60581    -210.71716    2055.41633       0.00141       0.04120       0.01553 p2_baz_aei_06_08_r2_cone
 270     -29.27051    -210.80218    2072.96189       0.00144       0.04151       0.01553  p2_baz_aei_06_07_r2_grove
 270     -29.27051    -210.80218    2072.96189       0.00144       0.04151       0.01553  p2_baz_aei_06_08_r2_grove
 271      -8.69434    -210.77325    2109.50197       0.00149       0.04206       0.01553 p2_baz_aei_06_07_r2_flat
 271      -8.69434    -210.77325    2109.50197       0.00149       0.04206       0.01553 p2_baz_aei_06_08_r2_flat
 272     -84.46060     -98.05662    2208.47641       0.00157       0.04295       0.01553 p2_bpx_aei_ip_06_08_r6_cone
 273     -84.59270      96.68478    2208.86980       0.00157       0.04295       0.01553 p2_bpx_aei_ho_06_08_r6_cone
 274      -9.29897     -97.95217    2219.27684       0.00158       0.04300       0.01553 p2_bpx_aei_ip_06_08_r6_flat
 275      -9.48436      96.63313    2219.68713       0.00158       0.04300       0.01553 p2_bpx_aei_ho_06_08_r6_flat
 276      85.40300     -97.88402    2236.28063       0.00158       0.04307       0.01553 p2_bpx_aei_ip_06_04_r6_cone
 277      85.22291      96.67719    2236.68092       0.00158       0.04307       0.01553 p2_bpx_aei_ho_06_04_r6_cone
 278       9.72213     -97.92483    2242.58238       0.00158       0.04309       0.01553 p2_bpx_aei_ip_06_04_r6_grove
 279       9.53983      96.61637    2242.97066       0.00158       0.04310       0.01553 p2_bpx_aei_ho_06_04_r6_grove
 280     -26.48742     -97.97684    2257.54663       0.00159       0.04314       0.01553 p2_bpx_aei_ip_06_08_r6_grove
 281     -26.64201      96.59606    2257.91061       0.00159       0.04314       0.01553 p2_bpx_aei_ho_06_08_r6_grove
 282      24.60664     -97.89850    2281.80295       0.00159       0.04319       0.01553 p2_bpx_aei_ip_06_04_r6_flat
 283      24.37644      96.58440    2282.25223       0.00159       0.04320       0.01553 p2_bpx_aei_ho_06_04_r6_flat
 284    -109.97335     -74.05588    2299.39041       0.00160       0.04322       0.01553 p2_bbi_aei_06_05_flat
 285    -113.60673    -149.84893    2299.43607       0.00160       0.04322       0.01553 p2_bbi_aei_06_05_cone
 286     -70.21034     -87.56350    2301.12235       0.00160       0.04322       0.01553 p2_bbi_aei_06_05_grove
 287     -41.83281     -89.07614    2302.33868       0.00160       0.04322       0.01553 p2_bbi_aei_06_07_grove
 288      -2.16398     -75.58555    2304.01117       0.00160       0.04323       0.01553 p2_bbi_aei_06_07_flat
 289       1.40163    -151.48920    2304.33745       0.00160       0.04323       0.01553 p2_bbi_aei_06_07_cone
 290     484.45919    -107.37838    2318.86918       0.00160       0.04324       0.01553 p2_bpl_aei_06_r2_grove
 291    -506.23931     -96.57037    2336.47033       0.00160       0.04325       0.01553 p2_bbe_aei_06_05_flat
 292    -484.70329     -23.74730    2336.82515       0.00160       0.04325       0.01553 p2_bbe_aei_06_05_cone
 293    -464.32639     -96.88672    2338.23465       0.00160       0.04325       0.01553 p2_bbe_aei_06_05_grove
 294     449.27934    -115.08480    2340.32379       0.00160       0.04325       0.01553 p2_bpl_aei_06_r2_flat
 295     468.55464     -43.49537    2356.71372       0.00160       0.04325       0.01553 p2_bpl_aei_06_r2_cone
 296     325.87023     -97.00083    2372.60615       0.00160       0.04325       0.01553 p2_bbe_aei_06_07_flat
 297     346.35055     -23.88265    2372.94732       0.00160       0.04325       0.01553 p2_bbe_aei_06_07_cone
 298     367.76895     -96.71758    2374.52406       0.00160       0.04325       0.01553 p2_bbe_aei_06_07_grove
 299      -0.00042      -0.01190     580.80000       0.00000       0.00000       0.00000 p3_aei_06_par_1
 300       0.17750      -0.01321    1710.90000      26.08587       0.00000       0.00000 p3_aei_06_par_2
 301       0.26707      -0.00107    2382.00000      11.97594       0.15612      -0.00031 p3_aei_06_par_3
 302      -0.00741      -0.00211      -0.00371       0.00518      -0.01803       0.04755 p3_aei_06
 303     -15.01228       0.00175      66.09669      -0.00236      -0.02972   -3141.54506 p3_irm_aei_06_s1_fixed
 304      14.79490       0.00585    2291.90287       0.00000       0.46690       0.04755 p3_irm_aei_06_s2_fixed
 305      14.98772       0.00032      66.09580      -0.00236      -0.02972   -3141.54506 p3_irm_aei_06_l1_fixed
 306     -15.20510       0.00728    2291.88886       0.00000       0.46690       0.04755 p3_irm_aei_06_l2_fixed
 307     -15.00002       0.00127     477.99661       0.00176      -0.02987       0.04755 p3_irl_aei_06_s1
 308      14.97399       0.00591    1880.00164      -0.00043       0.35997       0.04755 p3_irl_aei_06_s2
 309      15.01916       0.00341     950.49529       0.00955      -0.06331       0.04755 p3_irl_aei_06_l1
 310     -14.95310       0.00755    1407.49661       0.00157      -0.01874       0.04755 p3_irl_aei_06_l2
 311     -14.98142       0.00474     941.19718       0.00963      -0.06235       0.04755 p3_irc_aei_06_s1
 312      15.04706       0.00613    1416.79611       0.00141      -0.01480       0.04755 p3_irc_aei_06_s2
 313      15.04671       0.00610    1398.19599       0.00174      -0.02251       0.04755 p3_irc_aei_06_l1
 314     -14.98024       0.00492     959.79721       0.00947      -0.06424       0.04755 p3_irc_aei_06_l2
 315      -0.01424       0.00119      -0.00371      -0.00238      -0.02972       0.04755 p3_irt_aei_06_r1
 316      -0.00244       0.00049     396.99616      -0.00001      -0.02981       0.04755 p3_irt_aei_06_r2
 317       0.01064       0.00258     793.99621       0.00970      -0.04521       0.04755 p3_irt_aei_06_r3
 318       0.03603       0.00603    1190.99630       0.00589      -0.06963       0.04755 p3_irt_aei_06_r4
 319       0.04151       0.00687    1587.99633      -0.00083       0.09048       0.04755 p3_irt_aei_06_r5
 320      -0.06688       0.00659    1984.99617      -0.00021       0.41433       0.04755 p3_irt_aei_06_r6
 321      -0.24721       0.00657    2381.99573       0.00000       0.46752       0.04755 p3_irt_aei_06_r7
 322     -33.92983     -97.87714      18.99205      -0.00238      -0.02972       0.04755 p3_bpx_aei_ip_06_08_r1_cone
 323     -34.19768      96.66487      19.09412      -0.00238      -0.02972       0.04755 p3_bpx_aei_ho_06_08_r1_cone
 324      41.27099     -97.77064      29.57081      -0.00237      -0.02972       0.04755 p3_bpx_aei_ip_06_08_r1_flat
 325      41.00114      96.71367      29.64918      -0.00237      -0.02972       0.04755 p3_bpx_aei_ho_06_08_r1_flat
 326      24.18772     -97.78742      67.88150      -0.00236      -0.02972       0.04755 p3_bpx_aei_ip_06_08_r1_grove
 327      23.92347      96.69789      67.96927      -0.00236      -0.02972       0.04755 p3_bpx_aei_ho_06_08_r1_grove
 328      35.24146     -97.77484     109.35435      -0.00233      -0.02973       0.04755 p3_bpx_aei_ip_06_04_r1_cone
 329      34.98871      96.71197     109.43581      -0.00233      -0.02973       0.04755 p3_bpx_aei_ho_06_04_r1_cone
 330     -40.42195     -97.88706     115.88450      -0.00232      -0.02973       0.04755 p3_bpx_aei_ip_06_04_r1_grove
 331     -40.66150      96.66655     115.99096      -0.00232      -0.02973       0.04755 p3_bpx_aei_ho_06_04_r1_grove
 332     -25.40939     -97.85436     155.05615      -0.00223      -0.02973       0.04755 p3_bpx_aei_ip_06_04_r1_flat
 333     -25.64184      96.64205     155.15479      -0.00223      -0.02973       0.04755 p3_bpx_aei_ho_06_04_r1_flat
 334      37.49282    -173.02264     194.97542      -0.00210      -0.02973       0.04755 p3_baz_aei_06_07_r1_flat
 334      37.49282    -173.02264     194.97542      -0.00210      -0.02973       0.04755 p3_baz_aei_06_05_r1_flat
 335     -32.52341    -173.12637     224.40542      -0.00195      -0.02974       0.04755 p3_baz_aei_06_07_r1_cone
 335     -32.52341    -173.12637     224.40542      -0.00195      -0.02974       0.04755 p3_baz_aei_06_05_r1_cone
 336      42.43036    -173.01986     236.63390      -0.00187      -0.02974       0.04755  p3_baz_aei_06_07_r1_grove
 336      42.43036    -173.01986     236.63390      -0.00187      -0.02974       0.04755  p3_baz_aei_06_05_r1_grove
 337     -55.38324       0.00322     282.53722      -0.00152      -0.02975       0.04755 p3_srg_aei_06_r1_rear
 338     -52.20323     -52.29444     282.54035      -0.00152      -0.02975       0.04755 p3_srg_aei_06_r1_225deg
 339       0.04474     -73.91162     282.54046      -0.00152      -0.02975       0.04755 p3_srg_aei_06_r1_270deg
 340      52.26917     -52.26620     282.58054      -0.00152      -0.02975       0.04755 p3_srg_aei_06_r1_315deg
 341      55.45066      -0.00205     282.59453      -0.00152      -0.02975       0.04755 p3_srg_aei_06_r1_front
 342     -51.90109      51.63345     282.62640      -0.00152      -0.02975       0.04755 p3_srg_aei_06_r1_135deg
 343       0.36703      72.91916     282.68598      -0.00152      -0.02975       0.04755 p3_srg_aei_06_r1_90deg
 344      52.47999      51.11189     282.75439      -0.00152      -0.02975       0.04755 p3_srg_aei_06_r1_45deg
 345     -27.85790     -97.70756     335.97131      -0.00094      -0.02977       0.04755 p3_bpx_aei_ip_06_08_r2_cone
 346     -27.96622      96.93505     336.71699      -0.00093      -0.02978       0.04755 p3_bpx_aei_ho_06_08_r2_cone
 347      47.42750     -97.61275     345.89468      -0.00081      -0.02978       0.04755 p3_bpx_aei_ip_06_08_r2_flat
 348      47.31757      96.87076     346.62974      -0.00080      -0.02978       0.04755 p3_bpx_aei_ho_06_08_r2_flat
 349      30.66904     -97.68097     384.35653      -0.00023      -0.02980       0.04755 p3_bpx_aei_ip_06_08_r2_grove
 350      30.56371      96.78773     385.08497      -0.00021      -0.02980       0.04755 p3_bpx_aei_ho_06_08_r2_grove
 351      46.55090     -97.73972     430.03294       0.00064      -0.02983       0.04755 p3_bpx_aei_ip_06_04_r2_cone
 352      46.45937      96.67599     430.75671       0.00065      -0.02983       0.04755 p3_bpx_aei_ho_06_04_r2_cone
 353     -29.03929     -97.83572     437.21701       0.00079      -0.02984       0.04755 p3_bpx_aei_ip_06_04_r2_grove
 354     -29.12682      96.68259     437.95475       0.00081      -0.02984       0.04755 p3_bpx_aei_ho_06_04_r2_grove
 355     -13.70062     -97.85830     476.26554       0.00172      -0.02987       0.04755 p3_bpx_aei_ip_06_04_r2_flat
 356     -13.78446      96.56021     476.99911       0.00173      -0.02987       0.04755 p3_bpx_aei_ho_06_04_r2_flat
 357      -0.58471     -45.53958     560.64108       0.00430      -0.02996       0.04755 p3_slm_aei_06_surf_r2
 358      55.42707       0.09390     747.51488       0.00923      -0.04008       0.04755 p3_srg_aei_06_r2_front
 359     -52.21822     -52.28598     747.53327       0.00923      -0.04008       0.04755 p3_srg_aei_06_r2_225deg
 360     -55.63824      -0.06411     747.54253       0.00923      -0.04008       0.04755 p3_srg_aei_06_r2_rear
 361       0.01315     -73.77476     747.55608       0.00923      -0.04008       0.04755 p3_srg_aei_06_r2_270deg
 362      52.18538     -52.13264     747.57029       0.00923      -0.04008       0.04755 p3_srg_aei_06_r2_315deg
 363     -52.40299      51.47853     747.58362       0.00923      -0.04009       0.04755 p3_srg_aei_06_r2_135deg
 364      51.99292      51.67937     747.59254       0.00923      -0.04009       0.04755 p3_srg_aei_06_r2_45deg
 365      -0.29356      73.08855     747.59503       0.00923      -0.04009       0.04755 p3_srg_aei_06_r2_90deg
 366     193.61458     -32.48049     928.98173       0.00971      -0.06105       0.04755 p3_bpl_aei_06_r1_grove
 367     195.83435      40.47790     949.91617       0.00956      -0.06326       0.04755 p3_bpl_aei_06_r1_cone
 368     198.08751     -32.53111     970.66352       0.00937      -0.06529       0.04755 p3_bpl_aei_06_r1_flat
 369     -47.22195     -97.70047    1034.43432       0.00861      -0.07026       0.04755 p3_bpx_aei_ip_06_08_r3_cone
 370     -47.42938      96.75984    1034.75297       0.00861      -0.07028       0.04755 p3_bpx_aei_ho_06_08_r3_cone
 371      28.00748     -97.60736    1044.76501       0.00847      -0.07085       0.04755 p3_bpx_aei_ip_06_08_r3_flat
 372      27.79935      96.77846    1045.13558       0.00846      -0.07087       0.04755 p3_bpx_aei_ho_06_08_r3_flat
 373      11.04343     -97.71654    1083.13445       0.00787      -0.07235       0.04755 p3_bpx_aei_ip_06_08_r3_grove
 374      10.80790      96.70678    1083.49233       0.00787      -0.07236       0.04755 p3_bpx_aei_ho_06_08_r3_grove
 375      28.93914     -97.77962    1117.82839       0.00728      -0.07270       0.04755 p3_bpx_aei_ip_06_04_r3_cone
 376      28.67752      96.67139    1118.19940       0.00727      -0.07270       0.04755 p3_bpx_aei_ho_06_04_r3_cone
 377     -46.69467     -97.89378    1124.60218       0.00715      -0.07265       0.04755 p3_bpx_aei_ip_06_04_r3_grove
 378     -46.95760      96.62674    1124.91791       0.00715      -0.07264       0.04755 p3_bpx_aei_ho_06_04_r3_grove
 379     -31.56005     -97.95033    1163.72438       0.00642      -0.07144       0.04755 p3_bpx_aei_ip_06_04_r3_flat
 380     -31.85418      96.56078    1164.05725       0.00641      -0.07142       0.04755 p3_bpx_aei_ho_06_04_r3_flat
 381      55.27621      -0.09136    1179.27010       0.00612      -0.07051       0.04755 p3_mid_aei_06_front
 382     -44.34091     -97.82003    1367.57665       0.00232      -0.03381       0.04755 p3_bpx_aei_ip_06_08_r4_cone
 383     -44.54584      96.78748    1367.98690       0.00231      -0.03367       0.04755 p3_bpx_aei_ho_06_08_r4_cone
 384      30.92652     -97.69999    1377.70020       0.00212      -0.03026       0.04755 p3_bpx_aei_ip_06_08_r4_flat
 385      30.71778      96.77482    1378.04760       0.00212      -0.03014       0.04755 p3_bpx_aei_ho_06_08_r4_flat
 386      14.07100     -97.68562    1416.11626       0.00142      -0.01509       0.04755 p3_bpx_aei_ip_06_08_r4_grove
 387      13.89745      96.76309    1416.47979       0.00141      -0.01493       0.04755 p3_bpx_aei_ho_06_08_r4_grove
 388      45.52475     -97.63918    1445.13754       0.00092      -0.00174       0.04755 p3_bpx_aei_ip_06_04_r4_cone
 389      45.36750      96.77532    1445.46807       0.00092      -0.00158       0.04755 p3_bpx_aei_ho_06_04_r4_cone
 390     -30.09095     -97.73358    1452.10956       0.00081       0.00171       0.04755 p3_bpx_aei_ip_06_04_r4_grove
 391     -30.23131      96.76633    1452.50779       0.00080       0.00191       0.04755 p3_bpx_aei_ho_06_04_r4_grove
 392     -14.86713     -97.70309    1491.20641       0.00022       0.02299       0.04755 p3_bpx_aei_ip_06_04_r4_flat
 393     -14.96059      96.74202    1491.57706       0.00021       0.02321       0.04755 p3_bpx_aei_ho_06_04_r4_flat
 394      33.06176    -210.36757    1532.16408      -0.00030       0.04887       0.04755 p3_baz_aei_06_05_r2_flat
 394      33.06176    -210.36757    1532.16408      -0.00030       0.04887       0.04755 p3_baz_aei_06_04_r2_flat
 395     -42.87617    -210.47366    1532.68985      -0.00031       0.04923       0.04755 p3_baz_aei_06_05_r2_cone
 395     -42.87617    -210.47366    1532.68985      -0.00031       0.04923       0.04755 p3_baz_aei_06_04_r2_cone
 396      21.75741    -210.36465    1572.55108      -0.00071       0.07821       0.04755  p3_baz_aei_06_05_r2_grove
 396      21.75741    -210.36465    1572.55108      -0.00071       0.07821       0.04755  p3_baz_aei_06_04_r2_grove
 397     -37.06754     -22.44367    1690.80181      -0.00111       0.18807       0.04755 p3_gim_aei_06_surf_r2
 398      52.30684     -52.17484    1825.39802      -0.00059       0.32091       0.04755 p3_srg_aei_06_r3_315deg
 399       0.18430     -73.91376    1825.38808      -0.00059       0.32091       0.04755 p3_srg_aei_06_r3_270deg
 400      55.44909       0.00401    1825.48936      -0.00059       0.32098       0.04755 p3_srg_aei_06_r3_front
 401     -52.12282     -52.47327    1825.48290      -0.00059       0.32100       0.04755 p3_srg_aei_06_r3_225deg
 402      52.28141      51.21236    1825.53478      -0.00059       0.32101       0.04755 p3_srg_aei_06_r3_45deg
 403       0.03342      72.89995    1825.58542      -0.00059       0.32107       0.04755 p3_srg_aei_06_r3_90deg
 404     -55.56026      -0.24661    1825.57713      -0.00059       0.32108       0.04755 p3_srg_aei_06_r3_rear
 405     -52.10022      51.52373    1825.61857      -0.00059       0.32111       0.04755 p3_srg_aei_06_r3_135deg
 406      29.88019     -97.73291    1894.13712      -0.00040       0.36880       0.04755 p3_bpx_aei_ip_06_04_r5_cone
 407      29.58406      96.82271    1894.89110      -0.00039       0.36925       0.04755 p3_bpx_aei_ho_06_04_r5_cone
 408     -45.98237     -97.79470    1897.51865      -0.00039       0.37085       0.04755 p3_bpx_aei_ip_06_04_r5_grove
 409     -46.28001      96.68851    1898.28839      -0.00039       0.37131       0.04755 p3_bpx_aei_ho_06_04_r5_grove
 410     -32.60737     -97.87945    1937.28469      -0.00030       0.39276       0.04755 p3_bpx_aei_ip_06_04_r5_flat
 411     -32.89982      96.57606    1938.04492      -0.00030       0.39314       0.04755 p3_bpx_aei_ho_06_04_r5_flat
 412     -43.85653     -97.98673    1978.15613      -0.00022       0.41154       0.04755 p3_bpx_aei_ip_06_08_r5_cone
 413     -44.13820      96.42318    1978.91355      -0.00022       0.41185       0.04755 p3_bpx_aei_ho_06_08_r5_cone
 414      30.84162     -97.96598    1991.84064      -0.00020       0.41703       0.04755 p3_bpx_aei_ip_06_08_r5_flat
 415      30.55385      96.51493    1992.58777      -0.00020       0.41732       0.04755 p3_bpx_aei_ho_06_08_r5_flat
 416      12.18708     -98.05470    2029.41411      -0.00015       0.43026       0.04755 p3_bpx_aei_ip_06_08_r5_grove
 417      11.90810      96.34761    2030.16472      -0.00015       0.43049       0.04755 p3_bpx_aei_ho_06_08_r5_grove
 418      44.60614    -210.71775    2055.41647      -0.00012       0.43790       0.04755 p3_baz_aei_06_07_r2_cone
 418      44.60614    -210.71775    2055.41647      -0.00012       0.43790       0.04755 p3_baz_aei_06_08_r2_cone
 419     -29.27190    -210.80694    2072.96128      -0.00010       0.44243       0.04755  p3_baz_aei_06_07_r2_grove
 419     -29.27190    -210.80694    2072.96128      -0.00010       0.44243       0.04755  p3_baz_aei_06_08_r2_grove
 420      -8.69111    -210.77072    2109.50260      -0.00007       0.45032       0.04755 p3_baz_aei_06_07_r2_flat
 420      -8.69111    -210.77072    2109.50260      -0.00007       0.45032       0.04755 p3_baz_aei_06_08_r2_flat
 421     -84.45896     -98.05682    2208.47723      -0.00001       0.46308       0.04755 p3_bpx_aei_ip_06_08_r6_cone
 422     -84.59438      96.68658    2208.86707      -0.00001       0.46311       0.04755 p3_bpx_aei_ho_06_08_r6_cone
 423      -9.29675     -97.95230    2219.27842      -0.00001       0.46386       0.04755 p3_bpx_aei_ip_06_08_r6_flat
 424      -9.48368      96.63641    2219.68543      -0.00001       0.46389       0.04755 p3_bpx_aei_ho_06_08_r6_flat
 425      85.40488     -97.88130    2236.28232      -0.00001       0.46489       0.04755 p3_bpx_aei_ip_06_04_r6_cone
 426      85.22365      96.67891    2236.67704      -0.00001       0.46491       0.04755 p3_bpx_aei_ho_06_04_r6_cone
 427       9.72263     -97.92200    2242.58433      -0.00000       0.46522       0.04755 p3_bpx_aei_ip_06_04_r6_grove
 428       9.54090      96.61591    2242.96895      -0.00000       0.46524       0.04755 p3_bpx_aei_ho_06_04_r6_grove
 429     -26.48675     -97.97948    2257.54785      -0.00000       0.46589       0.04755 p3_bpx_aei_ip_06_08_r6_grove
 430     -26.64276      96.59893    2257.90598      -0.00000       0.46590       0.04755 p3_bpx_aei_ho_06_08_r6_grove
 431      24.60806     -97.90631    2281.80755       0.00000       0.46667       0.04755 p3_bpx_aei_ip_06_04_r6_flat
 432      24.37820      96.58830    2282.24935       0.00000       0.46668       0.04755 p3_bpx_aei_ho_06_04_r6_flat
 433    -109.97515     -74.05401    2299.38789       0.00000       0.46705       0.04755 p3_bbi_aei_06_05_flat
 434    -113.60417    -149.84864    2299.42959       0.00000       0.46705       0.04755 p3_bbi_aei_06_05_cone
 435     -70.20759     -87.56610    2301.12246       0.00000       0.46707       0.04755 p3_bbi_aei_06_05_grove
 436     -41.83082     -89.07605    2302.33671       0.00000       0.46709       0.04755 p3_bbi_aei_06_07_grove
 437      -2.16466     -75.58834    2304.01943       0.00000       0.46712       0.04755 p3_bbi_aei_06_07_flat
 438       1.40409    -151.49011    2304.33020       0.00000       0.46713       0.04755 p3_bbi_aei_06_07_cone
 439     484.45870    -107.38048    2318.86862       0.00000       0.46731       0.04755 p3_bpl_aei_06_r2_grove
 440    -506.23714     -96.57207    2336.47447       0.00000       0.46744       0.04755 p3_bbe_aei_06_05_flat
 441    -484.70113     -23.74690    2336.82643       0.00000       0.46745       0.04755 p3_bbe_aei_06_05_cone
 442    -464.32507     -96.88676    2338.23445       0.00000       0.46745       0.04755 p3_bbe_aei_06_05_grove
 443     449.28010    -115.08801    2340.33082       0.00000       0.46746       0.04755 p3_bpl_aei_06_r2_flat
 444     468.55484     -43.49802    2356.71843       0.00000       0.46751       0.04755 p3_bpl_aei_06_r2_cone
 445     325.87014     -97.00294    2372.60511       0.00000       0.46752       0.04755 p3_bbe_aei_06_07_flat
 446     346.34866     -23.88211    2372.95008       0.00000       0.46752       0.04755 p3_bbe_aei_06_07_cone
 447     367.76657     -96.71913    2374.52500       0.00000       0.46752       0.04755 p3_bbe_aei_06_07_grove
 448      -0.26706       0.02300     580.80000       0.00000       0.00000       0.00000 p4_aei_06_par_1
 449      -0.28179       0.02108    1710.90000      26.08587       0.00000       0.00000 p4_aei_06_par_2
 450      -0.56625      -0.00640    2382.00000    2397.32036       2.50989       0.00088 p4_aei_06_par_3
 451      -0.17687       0.00013      -0.03025      -0.00210      -0.04018       0.00452 p4_aei_06
 452     -14.87632      -0.00448      66.06100       0.01074       0.58530   -3141.58809 p4_irm_aei_06_s1_fixed
 453      15.57957       0.00977    2291.86390       0.02466      -1.33958       0.00452 p4_irm_aei_06_s2_fixed
 454      15.12368      -0.00461      66.07856       0.01074       0.58530   -3141.58809 p4_irm_aei_06_l1_fixed
 455     -14.42043       0.00991    2291.90409       0.02466      -1.33958       0.00452 p4_irm_aei_06_l2_fixed
 456     -15.10642      -0.00100     477.96286       0.00276       0.49270       0.00452 p4_irl_aei_06_s1
 457      15.05584      -0.00007    1879.96159       0.02210      -1.11285       0.00452 p4_irl_aei_06_s2
 458      14.74069      -0.00519     950.47403      -0.01268       0.16816       0.00452 p4_irl_aei_06_l1
 459     -15.25628      -0.00725    1407.47750       0.00571      -0.23616       0.00452 p4_irl_aei_06_l2
 460     -15.25772      -0.00493     941.16886      -0.01282       0.17391       0.00452 p4_irc_aei_06_s1
 461      14.74597      -0.00733    1416.77029       0.00618      -0.24872       0.00452 p4_irc_aei_06_s2
 462      14.74158      -0.00744    1398.17053       0.00524      -0.22384       0.00452 p4_irc_aei_06_l1
 463     -15.26085      -0.00517     959.76911      -0.01253       0.16239       0.00452 p4_irc_aei_06_l2
 464       0.16238      -0.00526      -0.03026       0.01076       0.58555       0.00452 p4_irt_aei_06_r1
 465      -0.06481      -0.00144     396.97013       0.00618       0.53235       0.00452 p4_irt_aei_06_r2
 466      -0.22550      -0.00306     793.97098      -0.01282       0.26430       0.00452 p4_irt_aei_06_r3
 467      -0.28031      -0.00738    1190.97261      -0.00495      -0.00312       0.00452 p4_irt_aei_06_r4
 468      -0.18888      -0.00550    1587.97536       0.01422      -0.52853       0.00452 p4_irt_aei_06_r5
 469       0.17921       0.00239    1984.97955       0.02340      -1.22810       0.00452 p4_irt_aei_06_r6
 470       0.70036       0.01206    2381.98552       0.02468      -1.34090       0.00452 p4_irt_aei_06_r7
 471     -33.92971     -97.88510      18.98075       0.01076       0.58554       0.00452 p4_bpx_aei_ip_06_08_r1_cone
 472     -34.19930      96.65050      19.10440       0.01076       0.58554       0.00452 p4_bpx_aei_ho_06_08_r1_cone
 473      41.26942     -97.77302      29.56299       0.01076       0.58553       0.00452 p4_bpx_aei_ip_06_08_r1_flat
 474      41.00414      96.70428      29.66504       0.01076       0.58553       0.00452 p4_bpx_aei_ho_06_08_r1_flat
 475      24.18479     -97.78914      67.87372       0.01074       0.58528       0.00452 p4_bpx_aei_ip_06_08_r1_grove
 476      23.92390      96.68627      67.98018       0.01074       0.58528       0.00452 p4_bpx_aei_ho_06_08_r1_grove
 477      35.24044     -97.77264     109.34530       0.01067       0.58444       0.00452 p4_bpx_aei_ip_06_04_r1_cone
 478      34.99025      96.70586     109.44978       0.01067       0.58443       0.00452 p4_bpx_aei_ho_06_04_r1_cone
 479     -40.42281     -97.89233     115.87369       0.01065       0.58423       0.00452 p4_bpx_aei_ip_06_04_r1_grove
 480     -40.66371      96.66447     116.00168       0.01065       0.58422       0.00452 p4_bpx_aei_ho_06_04_r1_grove
 481     -25.40815     -97.85658     155.04614       0.01049       0.58238       0.00452 p4_bpx_aei_ip_06_04_r1_flat
 482     -25.64225      96.63442     155.16467       0.01049       0.58237       0.00452 p4_bpx_aei_ho_06_04_r1_flat
 483      37.49424    -173.02305     194.96535       0.01022       0.57925       0.00452 p4_baz_aei_06_07_r1_flat
 483      37.49424    -173.02305     194.96535       0.01022       0.57925       0.00452 p4_baz_aei_06_05_r1_flat
 484     -32.52019    -173.12644     224.39299       0.00993       0.57594       0.00452 p4_baz_aei_06_07_r1_cone
 484     -32.52019    -173.12644     224.39299       0.00993       0.57594       0.00452 p4_baz_aei_06_05_r1_cone
 485      42.42871    -173.01966     236.62248       0.00979       0.57429       0.00452  p4_baz_aei_06_07_r1_grove
 485      42.42871    -173.01966     236.62248       0.00979       0.57429       0.00452  p4_baz_aei_06_05_r1_grove
 486       0.04785     -73.91083     282.52778       0.00911       0.56637       0.00452 p4_srg_aei_06_r1_270deg
 487      52.27134     -52.26187     282.56406       0.00911       0.56637       0.00452 p4_srg_aei_06_r1_315deg
 488     -55.38183      -0.00208     282.51742       0.00911       0.56637       0.00452 p4_srg_aei_06_r1_rear
 489     -52.19877     -52.29530     282.52300       0.00911       0.56637       0.00452 p4_srg_aei_06_r1_225deg
 490      55.45476      -0.00258     282.60139       0.00911       0.56636       0.00452 p4_srg_aei_06_r1_front
 491     -51.90337      51.62850     282.63652       0.00911       0.56634       0.00452 p4_srg_aei_06_r1_135deg
 492       0.36732      72.91797     282.69443       0.00911       0.56634       0.00452 p4_srg_aei_06_r1_90deg
 493      52.48199      51.11173     282.76514       0.00911       0.56633       0.00452 p4_srg_aei_06_r1_45deg
 494     -27.85380     -97.70405     335.95783       0.00798       0.55330       0.00452 p4_bpx_aei_ip_06_08_r2_cone
 495     -27.96825      96.93716     336.72922       0.00797       0.55308       0.00452 p4_bpx_aei_ho_06_08_r2_cone
 496      47.42665     -97.60881     345.88524       0.00773       0.55037       0.00452 p4_bpx_aei_ip_06_08_r2_flat
 497      47.31781      96.87200     346.64396       0.00771       0.55014       0.00452 p4_bpx_aei_ho_06_08_r2_flat
 498      30.66852     -97.67236     384.34376       0.00660       0.53728       0.00452 p4_bpx_aei_ip_06_08_r2_grove
 499      30.56099      96.78515     385.09992       0.00658       0.53699       0.00452 p4_bpx_aei_ho_06_08_r2_grove
 500      46.55190     -97.73497     430.02071       0.00494       0.51794       0.00452 p4_bpx_aei_ip_06_04_r2_cone
 501      46.45829      96.67894     430.77069       0.00491       0.51759       0.00452 p4_bpx_aei_ho_06_04_r2_cone
 502     -29.03603     -97.83219     437.20405       0.00464       0.51448       0.00452 p4_bpx_aei_ip_06_04_r2_grove
 503     -29.13074      96.67891     437.96751       0.00461       0.51411       0.00452 p4_bpx_aei_ho_06_04_r2_grove
 504     -13.69782     -97.85201     476.25282       0.00285       0.49369       0.00452 p4_bpx_aei_ip_06_04_r2_flat
 505     -13.78721      96.56349     477.01003       0.00281       0.49325       0.00452 p4_bpx_aei_ho_06_04_r2_flat
 506      -0.73262     -45.54053     560.63025      -0.00214       0.43572       0.00452 p4_slm_aei_06_surf_r2
 507      55.43618       0.09806     747.52352      -0.01184       0.29427       0.00452 p4_srg_aei_06_r2_front
 508     -52.21467     -52.28945     747.51522      -0.01184       0.29426       0.00452 p4_srg_aei_06_r2_225deg
 509      52.18803     -52.12962     747.55194      -0.01184       0.29425       0.00452 p4_srg_aei_06_r2_315deg
 510       0.01663     -73.77439     747.53814      -0.01184       0.29425       0.00452 p4_srg_aei_06_r2_270deg
 511     -55.63084      -0.06204     747.53024      -0.01184       0.29425       0.00452 p4_srg_aei_06_r2_rear
 512      51.99218      51.68028     747.60581      -0.01184       0.29422       0.00452 p4_srg_aei_06_r2_45deg
 513      -0.26622      73.09151     747.60019      -0.01184       0.29421       0.00452 p4_srg_aei_06_r2_90deg
 514     -52.46962      51.43815     747.59218      -0.01184       0.29421       0.00452 p4_srg_aei_06_r2_135deg
 515     193.60730     -32.47182     928.99498      -0.01298       0.18141       0.00452 p4_bpl_aei_06_r1_grove
 516     195.83127      40.48570     949.93296      -0.01269       0.16852       0.00452 p4_bpl_aei_06_r1_cone
 517     198.08788     -32.52537     970.67135      -0.01233       0.15560       0.00452 p4_bpl_aei_06_r1_flat
 518     -47.21304     -97.70380    1034.41512      -0.01080       0.11445       0.00452 p4_bpx_aei_ip_06_08_r3_cone
 519     -47.43681      96.75270    1034.76721      -0.01079       0.11422       0.00452 p4_bpx_aei_ho_06_08_r3_cone
 520      28.01261     -97.60705    1044.75001      -0.01050       0.10752       0.00452 p4_bpx_aei_ip_06_08_r3_flat
 521      27.79185      96.77725    1045.15082      -0.01049       0.10725       0.00452 p4_bpx_aei_ho_06_08_r3_flat
 522      11.04869     -97.71315    1083.11888      -0.00926       0.08093       0.00452 p4_bpx_aei_ip_06_08_r3_grove
 523      10.80154      96.70434    1083.50846      -0.00925       0.08066       0.00452 p4_bpx_aei_ho_06_08_r3_grove
 524      28.94252     -97.77503    1117.81508      -0.00800       0.05556       0.00452 p4_bpx_aei_ip_06_04_r3_cone
 525      28.67097      96.66976    1118.21321      -0.00798       0.05526       0.00452 p4_bpx_aei_ho_06_04_r3_cone
 526     -46.68924     -97.89555    1124.58697      -0.00774       0.05044       0.00452 p4_bpx_aei_ip_06_04_r3_grove
 527     -46.96788      96.62325    1124.93487      -0.00772       0.05017       0.00452 p4_bpx_aei_ho_06_04_r3_grove
 528     -31.55432     -97.94729    1163.70875      -0.00614       0.01966       0.00452 p4_bpx_aei_ip_06_04_r3_flat
 529     -31.86345      96.55521    1164.07195      -0.00613       0.01936       0.00452 p4_bpx_aei_ho_06_04_r3_flat
 530      55.27622      -0.08667    1179.27813      -0.00547       0.00679       0.00452 p4_mid_aei_06_front
 531     -44.32652     -97.81911    1367.55339       0.00368      -0.18492       0.00452 p4_bpx_aei_ip_06_08_r4_cone
 532     -44.55045      96.77939    1368.00014       0.00370      -0.18547       0.00452 p4_bpx_aei_ho_06_08_r4_cone
 533      30.93583     -97.70051    1377.68899       0.00420      -0.19754       0.00452 p4_bpx_aei_ip_06_08_r4_flat
 534      30.71458      96.76819    1378.06411       0.00422      -0.19802       0.00452 p4_bpx_aei_ho_06_08_r4_flat
 535      14.07797     -97.68703    1416.10376       0.00615      -0.24781       0.00452 p4_bpx_aei_ip_06_08_r4_grove
 536      13.89114      96.75757    1416.49441       0.00617      -0.24835       0.00452 p4_bpx_aei_ho_06_08_r4_grove
 537      45.52835     -97.64378    1445.12216       0.00761      -0.28857       0.00452 p4_bpx_aei_ip_06_04_r4_cone
 538      45.36513      96.77103    1445.48360       0.00763      -0.28910       0.00452 p4_bpx_aei_ho_06_04_r4_cone
 539     -30.08371     -97.73818    1452.09807       0.00795      -0.29871       0.00452 p4_bpx_aei_ip_06_04_r4_grove
 540     -30.23791      96.75642    1452.52638       0.00798      -0.29934       0.00452 p4_bpx_aei_ho_06_04_r4_grove
 541     -14.85988     -97.70330    1491.19478       0.00987      -0.35849       0.00452 p4_bpx_aei_ip_06_04_r4_flat
 542     -14.96056      96.73260    1491.59361       0.00989      -0.35912       0.00452 p4_bpx_aei_ho_06_04_r4_flat
 543      33.06987    -210.37047    1532.15058       0.01179      -0.42647       0.00452 p4_baz_aei_06_05_r2_flat
 543      33.06987    -210.37047    1532.15058       0.01179      -0.42647       0.00452 p4_baz_aei_06_04_r2_flat
 544     -42.86602    -210.48272    1532.67021       0.01181      -0.42732       0.00452 p4_baz_aei_06_05_r2_cone
 544     -42.86602    -210.48272    1532.67021       0.01181      -0.42732       0.00452 p4_baz_aei_06_04_r2_cone
 545      21.76284    -210.36631    1572.53623       0.01358      -0.49918       0.00452  p4_baz_aei_06_05_r2_grove
 545      21.76284    -210.36631    1572.53623       0.01358      -0.49918       0.00452  p4_baz_aei_06_04_r2_grove
 546     -37.21925     -22.45497    1690.78524       0.01794      -0.74793       0.00452 p4_gim_aei_06_surf_r2
 547       0.18152     -73.91859    1825.37785       0.02117      -1.03005       0.00452 p4_srg_aei_06_r3_270deg
 548     -52.12724     -52.47285    1825.47088       0.02117      -1.03011       0.00452 p4_srg_aei_06_r3_225deg
 549      52.23238     -52.23872    1825.38787       0.02117      -1.03015       0.00452 p4_srg_aei_06_r3_315deg
 550     -55.56120      -0.25063    1825.57032       0.02117      -1.03027       0.00452 p4_srg_aei_06_r3_rear
 551      55.45394      -0.00143    1825.49924       0.02117      -1.03035       0.00452 p4_srg_aei_06_r3_front
 552     -52.10719      51.51666    1825.63877       0.02117      -1.03040       0.00452 p4_srg_aei_06_r3_135deg
 553       0.05892      72.89482    1825.59977       0.02117      -1.03042       0.00452 p4_srg_aei_06_r3_90deg
 554      52.20683      51.25679    1825.55559       0.02117      -1.03044       0.00452 p4_srg_aei_06_r3_45deg
 555      29.88501     -97.72982    1894.12399       0.02231      -1.13163       0.00452 p4_bpx_aei_ip_06_04_r5_cone
 556      29.57919      96.81930    1894.91588       0.02233      -1.13265       0.00452 p4_bpx_aei_ho_06_04_r5_cone
 557     -45.97706     -97.79661    1897.49858       0.02236      -1.13583       0.00452 p4_bpx_aei_ip_06_04_r5_grove
 558     -46.28506      96.68791    1898.30934       0.02237      -1.13686       0.00452 p4_bpx_aei_ho_06_04_r5_grove
 559     -32.60682     -97.87537    1937.26950       0.02289      -1.18231       0.00452 p4_bpx_aei_ip_06_04_r5_flat
 560     -32.90640      96.57075    1938.06884       0.02290      -1.18317       0.00452 p4_bpx_aei_ho_06_04_r5_flat
 561     -43.85098     -97.98197    1978.14295       0.02334      -1.22213       0.00452 p4_bpx_aei_ip_06_08_r5_cone
 562     -44.14162      96.42215    1978.94111       0.02334      -1.22283       0.00452 p4_bpx_aei_ho_06_08_r5_cone
 563      30.84174     -97.96038    1991.82732       0.02347      -1.23387       0.00452 p4_bpx_aei_ip_06_08_r5_flat
 564      30.55248      96.51363    1992.60850       0.02348      -1.23451       0.00452 p4_bpx_aei_ho_06_08_r5_flat
 565      12.19091     -98.05471    2029.39607       0.02379      -1.26189       0.00452 p4_bpx_aei_ip_06_08_r5_grove
 566      11.91289      96.34791    2030.18670       0.02379      -1.26243       0.00452 p4_bpx_aei_ho_06_08_r5_grove
 567      44.60418    -210.71504    2055.40206       0.02397      -1.27814       0.00452 p4_baz_aei_06_07_r2_cone
 567      44.60418    -210.71504    2055.40206       0.02397      -1.27814       0.00452 p4_baz_aei_06_08_r2_cone
 568     -29.27073    -210.79648    2072.94895       0.02408      -1.28768       0.00452  p4_baz_aei_06_07_r2_grove
 568     -29.27073    -210.79648    2072.94895       0.02408      -1.28768       0.00452  p4_baz_aei_06_08_r2_grove
 569      -8.69102    -210.76749    2109.48671       0.02427      -1.30442       0.00452 p4_baz_aei_06_07_r2_flat
 569      -8.69102    -210.76749    2109.48671       0.02427      -1.30442       0.00452 p4_baz_aei_06_08_r2_flat
 570     -84.45200     -98.04553    2208.46555       0.02457      -1.33146       0.00452 p4_bpx_aei_ip_06_08_r6_cone
 571     -84.59575      96.68508    2208.88947       0.02457      -1.33153       0.00452 p4_bpx_aei_ho_06_08_r6_cone
 572      -9.28868     -97.94391    2219.26567       0.02459      -1.33313       0.00452 p4_bpx_aei_ip_06_08_r6_flat
 573      -9.48002      96.64081    2219.69465       0.02459      -1.33319       0.00452 p4_bpx_aei_ho_06_08_r6_flat
 574      85.40607     -97.86831    2236.26644       0.02462      -1.33534       0.00452 p4_bpx_aei_ip_06_04_r6_cone
 575      85.22872      96.67270    2236.69249       0.02462      -1.33538       0.00452 p4_bpx_aei_ho_06_04_r6_cone
 576       9.72846     -97.91312    2242.57150       0.02462      -1.33602       0.00452 p4_bpx_aei_ip_06_04_r6_grove
 577       9.54529      96.61869    2242.97936       0.02462      -1.33606       0.00452 p4_bpx_aei_ho_06_04_r6_grove
 578     -26.47800     -97.96809    2257.53578       0.02464      -1.33742       0.00452 p4_bpx_aei_ip_06_08_r6_grove
 579     -26.64030      96.60332    2257.92141       0.02464      -1.33746       0.00452 p4_bpx_aei_ho_06_08_r6_grove
 580      24.61496     -97.88472    2281.79774       0.02466      -1.33909       0.00452 p4_bpx_aei_ip_06_04_r6_flat
 581      24.38108      96.58150    2282.27137       0.02466      -1.33912       0.00452 p4_bpx_aei_ho_06_04_r6_flat
 582    -109.97650     -74.05408    2299.39319       0.02467      -1.33988       0.00452 p4_bbi_aei_06_05_flat
 583    -113.61039    -149.84716    2299.43853       0.02467      -1.33988       0.00452 p4_bbi_aei_06_05_cone
 584     -70.21286     -87.56601    2301.13178       0.02467      -1.33994       0.00452 p4_bbi_aei_06_05_grove
 585     -41.83631     -89.06861    2302.32912       0.02467      -1.33999       0.00452 p4_bbi_aei_06_07_grove
 586      -2.16854     -75.59495    2304.00496       0.02467      -1.34005       0.00452 p4_bbi_aei_06_07_flat
 587       1.39946    -151.48276    2304.32896       0.02467      -1.34006       0.00452 p4_bbi_aei_06_07_cone
 588     484.44829    -107.39096    2318.86784       0.02467      -1.34046       0.00452 p4_bpl_aei_06_r2_grove
 589    -506.24008     -96.56459    2336.47839       0.02468      -1.34072       0.00452 p4_bbe_aei_06_05_flat
 590    -484.70634     -23.73678    2336.83103       0.02468      -1.34073       0.00452 p4_bbe_aei_06_05_cone
 591    -464.32745     -96.87963    2338.23815       0.02468      -1.34074       0.00452 p4_bbe_aei_06_05_grove
 592     449.26786    -115.09378    2340.32555       0.02468      -1.34078       0.00452 p4_bpl_aei_06_r2_flat
 593     468.54758     -43.50266    2356.70910       0.02468      -1.34087       0.00452 p4_bpl_aei_06_r2_cone
 594     325.86361     -97.00463    2372.60723       0.02468      -1.34090       0.00452 p4_bbe_aei_06_07_flat
 595     346.34863     -23.88661    2372.94347       0.02468      -1.34090       0.00452 p4_bbe_aei_06_07_cone
 596     367.76065     -96.72297    2374.52508       0.02468      -1.34090       0.00452 p4_bbe_aei_06_07_grove
 597     -15.00000       0.00000      66.10000       0.00000      -0.00000       1.59270 p1_irm_aei_06_s1
 598      15.00000       0.00000      66.10000       0.00000      -0.00000       1.59270 p1_irm_aei_06_l1
 599      15.00000       0.00000    2291.90000       0.00000      -0.00000   -3140.00000 p1_irm_aei_06_s2
 600     -15.00000       0.00000    2291.90000       0.00000      -0.00000   -3140.00000 p1_irm_aei_06_l2
 601     -15.08035       0.00163      66.11972      -0.00612      -0.36461       1.60823 p2_irm_aei_06_s1
 602      14.91965       0.00117      66.10878      -0.00612      -0.36461       1.60823 p2_irm_aei_06_l1
 603      14.97762       0.00297    2291.91838       0.00160       0.04321   -3139.98447 p2_irm_aei_06_s2
 604     -15.02238       0.00343    2291.91709       0.00160       0.04321   -3139.98447 p2_irm_aei_06_l2
 605     -15.01228       0.00175      66.09669      -0.00236      -0.02972       1.64025 p3_irm_aei_06_s1
 606      14.98772       0.00032      66.09580      -0.00236      -0.02972       1.64025 p3_irm_aei_06_l1
 607      14.79490       0.00585    2291.90287       0.00000       0.46690   -3139.95245 p3_irm_aei_06_s2
 608     -15.20510       0.00728    2291.88886       0.00000       0.46690   -3139.95245 p3_irm_aei_06_l2
 609     -14.87632      -0.00448      66.06100       0.01074       0.58530       1.59722 p4_irm_aei_06_s1
 610      15.12368      -0.00461      66.07856       0.01074       0.58530       1.59722 p4_irm_aei_06_l1
 611      15.57957       0.00977    2291.86390       0.02466      -1.33958   -3139.99548 p4_irm_aei_06_s2
 612     -14.42043       0.00991    2291.90409       0.02466      -1.33958   -3139.99548 p4_irm_aei_06_l2
