   1       0.00000       0.00000     739.80000       0.00000       0.00000       0.00000 p1_cei_15_par_1
   2       0.00000       0.00000    2041.34000      26.08587       0.00000       0.00000 p1_cei_15_par_2
   3       0.00000       0.00000    2382.00000       0.00000       0.00000       0.00000 p1_cei_15_par_3
   4       0.00000       0.00000       0.00000       0.00000       0.00000       0.00000 p1_cei_15
   5     -15.00000       0.00000      66.10000       0.00000      -0.00000   -3141.59261 p1_irm_cei_15_s1_fixed
   6      15.00000       0.00000    2291.90000       0.00000      -0.00000       0.00000 p1_irm_cei_15_s2_fixed
   7      15.00000       0.00000      66.10000       0.00000      -0.00000   -3141.59261 p1_irm_cei_15_l1_fixed
   8     -15.00000       0.00000    2291.90000       0.00000      -0.00000       0.00000 p1_irm_cei_15_l2_fixed
   9     -15.00000       0.00000     478.00000       0.00000      -0.00000       0.00000 p1_irl_cei_15_s1
  10      15.00000       0.00000    1880.00000       0.00000      -0.00000       0.00000 p1_irl_cei_15_s2
  11      15.00000       0.00000     950.50000       0.00000      -0.00000       0.00000 p1_irl_cei_15_l1
  12     -15.00000       0.00000    1407.50000       0.00000      -0.00000       0.00000 p1_irl_cei_15_l2
  13     -15.00000       0.00000     941.20000       0.00000      -0.00000       0.00000 p1_irc_cei_15_s1
  14      15.00000       0.00000    1416.80000       0.00000      -0.00000       0.00000 p1_irc_cei_15_s2
  15      15.00000       0.00000    1398.20000       0.00000      -0.00000       0.00000 p1_irc_cei_15_l1
  16     -15.00000       0.00000     959.80000       0.00000      -0.00000       0.00000 p1_irc_cei_15_l2
  17       0.00000       0.00000       0.00000       0.00000      -0.00000       0.00000 p1_irt_cei_15_r1
  18       0.00000       0.00000     397.00000       0.00000      -0.00000       0.00000 p1_irt_cei_15_r2
  19       0.00000       0.00000     794.00000       0.00000      -0.00000       0.00000 p1_irt_cei_15_r3
  20       0.00000       0.00000    1191.00000       0.00000      -0.00000       0.00000 p1_irt_cei_15_r4
  21       0.00000       0.00000    1588.00000       0.00000      -0.00000       0.00000 p1_irt_cei_15_r5
  22       0.00000       0.00000    1985.00000       0.00000      -0.00000       0.00000 p1_irt_cei_15_r6
  23       0.00000       0.00000    2382.00000       0.00000      -0.00000       0.00000 p1_irt_cei_15_r7
  24     -36.73680     -97.68420      14.75510       0.00000      -0.00000       0.00000 p1_bpx_cei_ip_15_01_r1_cone
  25     -36.93100      97.17810      15.21150       0.00000      -0.00000       0.00000 p1_bpx_cei_ho_15_01_r1_cone
  26      39.17270     -97.59150      16.93620       0.00000      -0.00000       0.00000 p1_bpx_cei_ip_15_01_r1_flat
  27      38.97800      97.22180      17.39080       0.00000      -0.00000       0.00000 p1_bpx_cei_ho_15_01_r1_flat
  28      26.44850     -97.61190      56.90840       0.00000      -0.00000       0.00000 p1_bpx_cei_ip_15_01_r1_grove
  29      26.23800      97.12350      57.36620       0.00000      -0.00000       0.00000 p1_bpx_cei_ho_15_01_r1_grove
  30      23.98370     -97.60180      88.80360       0.00000      -0.00000       0.00000 p1_bpx_cei_ip_15_13_r1_cone
  31      23.77090      97.04580      89.25430       0.00000      -0.00000       0.00000 p1_bpx_cei_ho_15_13_r1_cone
  32     -50.48900     -97.70770     103.67830       0.00000      -0.00000       0.00000 p1_bpx_cei_ip_15_13_r1_grove
  33     -50.69780      96.97620     104.12220       0.00000      -0.00000       0.00000 p1_bpx_cei_ho_15_13_r1_grove
  34     -31.23470     -97.66150     140.94270       0.00000      -0.00000       0.00000 p1_bpx_cei_ip_15_13_r1_flat
  35     -31.45470      96.87890     141.39350       0.00000      -0.00000       0.00000 p1_bpx_cei_ho_15_13_r1_flat
  36     -55.51510       0.00000     193.13010       0.00000      -0.00000       0.00000 p1_srg_cei_15_r1_rear
  37     -51.79570      52.07040     193.17860       0.00000      -0.00000       0.00000 p1_srg_cei_15_r1_135deg
  38       0.57010      73.22220     193.18540       0.00000      -0.00000       0.00000 p1_srg_cei_15_r1_90deg
  39     -52.24100     -52.23620     193.19540       0.00000      -0.00000       0.00000 p1_srg_cei_15_r1_225deg
  40      52.62560      51.24100     193.22710       0.00000      -0.00000       0.00000 p1_srg_cei_15_r1_45deg
  41      -0.00550     -73.85090     193.26950       0.00000      -0.00000       0.00000 p1_srg_cei_15_r1_270deg
  42      55.45650       0.00000     193.30000       0.00000      -0.00000       0.00000 p1_srg_cei_15_r1_front
  43      52.18840     -52.21740     193.33360       0.00000      -0.00000       0.00000 p1_srg_cei_15_r1_315deg
  44      49.82850     209.82990     248.34210       0.00000      -0.00000       0.00000 p1_baz_cei_15_14_13_r1_cone
  45     -26.10490     209.79250     249.06800       0.00000      -0.00000       0.00000 p1_baz_cei_15_14_13_r1_grove
  46     -14.12920     209.76020     289.27990       0.00000      -0.00000       0.00000 p1_baz_cei_15_14_13_r1_flat
  47     -38.31660      97.09780     324.67230       0.00000      -0.00000       0.00000 p1_bpx_cei_ho_15_01_r2_cone
  48     -38.12610     -97.59960     324.70260       0.00000      -0.00000       0.00000 p1_bpx_cei_ip_15_01_r2_cone
  49      37.58200      97.14210     327.44950       0.00000      -0.00000       0.00000 p1_bpx_cei_ho_15_01_r2_flat
  50      37.76840     -97.51150     327.46960       0.00000      -0.00000       0.00000 p1_bpx_cei_ip_15_01_r2_flat
  51      24.52100      97.04680     367.32210       0.00000      -0.00000       0.00000 p1_bpx_cei_ho_15_01_r2_grove
  52      24.71760     -97.57170     367.35180       0.00000      -0.00000       0.00000 p1_bpx_cei_ip_15_01_r2_grove
  53      28.01280      96.99300     401.88670       0.00000      -0.00000       0.00000 p1_bpx_cei_ho_15_13_r2_cone
  54      28.22360     -97.60690     401.91140       0.00000      -0.00000       0.00000 p1_bpx_cei_ip_15_13_r2_cone
  55     -46.56970      96.89850     416.16700       0.00000      -0.00000       0.00000 p1_bpx_cei_ho_15_13_r2_grove
  56     -46.35900     -97.72850     416.19890       0.00000      -0.00000       0.00000 p1_bpx_cei_ip_15_13_r2_grove
  57     -27.62090      96.81620     453.58850       0.00000      -0.00000       0.00000 p1_bpx_cei_ho_15_13_r2_flat
  58     -27.40340     -97.73630     453.61910       0.00000      -0.00000       0.00000 p1_bpx_cei_ip_15_13_r2_flat
  59      55.40330       0.23720     477.78850       0.00000      -0.00000       0.00000 p1_irl_cei_15_r1_front
  60     -37.11130     209.77170     548.93080       0.00000      -0.00000       0.00000 p1_baz_cei_15_16_01_r1_cone
  61      37.07660     209.79780     565.18800       0.00000      -0.00000       0.00000 p1_baz_cei_15_16_01_r1_flat
  62      17.12370     209.78810     602.09520       0.00000      -0.00000       0.00000 p1_baz_cei_15_16_01_r1_grove
  63      -7.69780     -36.10680     719.81460       0.00000      -0.00000       0.00000 p1_slm_cei_15_surf_r1
  64     -37.21650     -97.63160     811.51820       0.00000      -0.00000       0.00000 p1_bpx_cei_ip_15_01_r3_cone
  65     -37.47230      97.07190     812.00650       0.00000      -0.00000       0.00000 p1_bpx_cei_ho_15_01_r3_cone
  66      38.63730     -97.50290     815.16270       0.00000      -0.00000       0.00000 p1_bpx_cei_ip_15_01_r3_flat
  67      38.38260      97.11270     815.65590       0.00000      -0.00000       0.00000 p1_bpx_cei_ho_15_01_r3_flat
  68      25.13480     -97.57020     854.88070       0.00000      -0.00000       0.00000 p1_bpx_cei_ip_15_01_r3_grove
  69      24.87400      97.03230     855.36990       0.00000      -0.00000       0.00000 p1_bpx_cei_ho_15_01_r3_grove
  70      27.90210     -97.62080     891.66380       0.00000      -0.00000       0.00000 p1_bpx_cei_ip_15_13_r3_cone
  71      27.63680      96.98390     892.15730       0.00000      -0.00000       0.00000 p1_bpx_cei_ho_15_13_r3_cone
  72     -46.83900     -97.73650     905.10000       0.00000      -0.00000       0.00000 p1_bpx_cei_ip_15_13_r3_grove
  73     -47.10440      96.88960     905.59260       0.00000      -0.00000       0.00000 p1_bpx_cei_ho_15_13_r3_grove
  74     -28.30850     -97.74740     942.73070       0.00000      -0.00000       0.00000 p1_bpx_cei_ip_15_13_r3_flat
  75     -28.58450      96.82810     943.21770       0.00000      -0.00000       0.00000 p1_bpx_cei_ho_15_13_r3_flat
  76      55.36130       0.11760     950.34190       0.00000      -0.00000       0.00000 p1_irc_cei_15_r1_front
  77      55.33580       0.08630    1178.99950       0.00000      -0.00000       0.00000 p1_mid_cei_15_front
  78     -36.62560     -97.67180    1240.99360       0.00000      -0.00000       0.00000 p1_bpx_cei_ip_15_01_r4_cone
  79     -36.89150      96.96860    1241.14350       0.00000      -0.00000       0.00000 p1_bpx_cei_ho_15_01_r4_cone
  80      39.20090     -97.53470    1245.11350       0.00000      -0.00000       0.00000 p1_bpx_cei_ip_15_01_r4_flat
  81      38.93760      97.02510    1245.24570       0.00000      -0.00000       0.00000 p1_bpx_cei_ho_15_01_r4_flat
  82      25.45040     -97.59160    1284.74650       0.00000      -0.00000       0.00000 p1_bpx_cei_ip_15_01_r4_grove
  83      25.19040      97.02160    1284.88350       0.00000      -0.00000       0.00000 p1_bpx_cei_ho_15_01_r4_grove
  84      40.86820     -97.61400    1319.13930       0.00000      -0.00000       0.00000 p1_bpx_cei_ip_15_13_r4_cone
  85      40.61370      97.05120    1319.27260       0.00000      -0.00000       0.00000 p1_bpx_cei_ho_15_13_r4_cone
  86     -33.95840     -97.75120    1332.09500       0.00000      -0.00000       0.00000 p1_bpx_cei_ip_15_13_r4_grove
  87     -34.20810      96.98400    1332.25240       0.00000      -0.00000       0.00000 p1_bpx_cei_ho_15_13_r4_grove
  88     -15.64250     -97.76290    1369.85330       0.00000      -0.00000       0.00000 p1_bpx_cei_ip_15_13_r4_flat
  89     -15.89700      96.99490    1370.01160       0.00000      -0.00000       0.00000 p1_bpx_cei_ho_15_13_r4_flat
  90      55.49380      -0.05860    1407.62030       0.00000      -0.00000       0.00000 p1_irc_cei_15_r2_front
  91     -28.73890     172.43540    1465.28910       0.00000      -0.00000       0.00000 p1_baz_cei_15_16_14_r2_grove
  92      41.62660     172.46760    1493.85480       0.00000      -0.00000       0.00000 p1_baz_cei_15_16_14_r2_cone
  93     -33.16750     172.41210    1507.00970       0.00000      -0.00000       0.00000 p1_baz_cei_15_16_14_r2_flat
  94     -27.31230      97.01580    1665.84810       0.00000      -0.00000       0.00000 p1_bpx_cei_ho_15_01_r5_cone
  95     -27.07100     -97.71960    1666.08330       0.00000      -0.00000       0.00000 p1_bpx_cei_ip_15_01_r5_cone
  96      48.52390      97.06140    1669.95430       0.00000      -0.00000       0.00000 p1_bpx_cei_ho_15_01_r5_flat
  97      48.76880     -97.59350    1670.22750       0.00000      -0.00000       0.00000 p1_bpx_cei_ip_15_01_r5_flat
  98      34.77140      97.00880    1709.59080       0.00000      -0.00000       0.00000 p1_bpx_cei_ho_15_01_r5_grove
  99      34.99700     -97.62440    1709.85440       0.00000      -0.00000       0.00000 p1_bpx_cei_ip_15_01_r5_grove
 100      46.82760      96.96830    1758.67130       0.00000      -0.00000       0.00000 p1_bpx_cei_ho_15_13_r5_cone
 101      47.03540     -97.63890    1758.94350       0.00000      -0.00000       0.00000 p1_bpx_cei_ip_15_13_r5_cone
 102     -27.99710      96.90810    1771.63540       0.00000      -0.00000       0.00000 p1_bpx_cei_ho_15_13_r5_grove
 103     -27.80120     -97.75550    1771.87500       0.00000      -0.00000       0.00000 p1_bpx_cei_ip_15_13_r5_grove
 104      -9.70290      96.87410    1809.38690       0.00000      -0.00000       0.00000 p1_bpx_cei_ho_15_13_r5_flat
 105      -9.51860     -97.73620    1809.63310       0.00000      -0.00000       0.00000 p1_bpx_cei_ip_15_13_r5_flat
 106      55.39960      -0.09010    1879.93110       0.00000      -0.00000       0.00000 p1_irl_cei_15_r2_front
 107     -13.36690     -41.42020    2020.73570       0.00000      -0.00000       0.00000 p1_gim_cei_15_surf_r1
 108      55.45650       0.00000    2115.43120       0.00000      -0.00000       0.00000 p1_srg_cei_15_r2_front
 109     -55.71740      -0.17900    2115.44860       0.00000      -0.00000       0.00000 p1_srg_cei_15_r2_rear
 110      52.15930     -52.20780    2115.45610       0.00000      -0.00000       0.00000 p1_srg_cei_15_r2_315deg
 111     -52.21740     -52.39440    2115.48600       0.00000      -0.00000       0.00000 p1_srg_cei_15_r2_225deg
 112      52.26100      51.53870    2115.48850       0.00000      -0.00000       0.00000 p1_srg_cei_15_r2_45deg
 113       0.00260     -73.86080    2115.51420       0.00000      -0.00000       0.00000 p1_srg_cei_15_r2_270deg
 114     -52.16630      51.85290    2115.52010       0.00000      -0.00000       0.00000 p1_srg_cei_15_r2_135deg
 115       0.04760      73.17010    2115.52710       0.00000      -0.00000       0.00000 p1_srg_cei_15_r2_90deg
 116     -34.59790      96.86440    2206.21230       0.00000      -0.00000       0.00000 p1_bpx_cei_ho_15_01_r6_cone
 117     -34.15670     -97.91670    2206.25420       0.00000      -0.00000       0.00000 p1_bpx_cei_ip_15_01_r6_cone
 118      41.23470      96.92210    2210.32180       0.00000      -0.00000       0.00000 p1_bpx_cei_ho_15_01_r6_flat
 119      41.66610     -97.72190    2210.48530       0.00000      -0.00000       0.00000 p1_bpx_cei_ip_15_01_r6_flat
 120      27.47670      96.93130    2249.96110       0.00000      -0.00000       0.00000 p1_bpx_cei_ho_15_01_r6_grove
 121      27.84960     -97.72260    2250.09150       0.00000      -0.00000       0.00000 p1_bpx_cei_ip_15_01_r6_grove
 122      39.64250      97.00260    2332.04520       0.00000      -0.00000       0.00000 p1_bpx_cei_ho_15_13_r6_cone
 123      39.88780     -97.62910    2332.20490       0.00000      -0.00000       0.00000 p1_bpx_cei_ip_15_13_r6_cone
 124     -35.18810      96.94560    2345.00920       0.00000      -0.00000       0.00000 p1_bpx_cei_ho_15_13_r6_grove
 125     -34.95480     -97.75610    2345.04710       0.00000      -0.00000       0.00000 p1_bpx_cei_ip_15_13_r6_grove
 126     -16.89580      96.97440    2382.76780       0.00000      -0.00000       0.00000 p1_bpx_cei_ho_15_13_r6_flat
 127     -16.72190     -97.66950    2382.82780       0.00000      -0.00000       0.00000 p1_bpx_cei_ip_15_13_r6_flat
 128      99.39641       1.03093     739.80000       0.00000       0.00000       0.00000 p2_cei_15_par_1
 129     135.40765       4.00618    2041.34000      26.08587       0.00000       0.00000 p2_cei_15_par_2
 130      -5.40494       1.56841    2382.00000    5507.90083      -0.42824       0.00037 p2_cei_15_par_3
 131       0.37117       0.00297       0.02753      -0.00127       0.17610       0.00743 p2_cei_15
 132     -15.08362       0.00040      66.13789       0.00451      -0.66759   -3141.58517 p2_irm_cei_15_s1_fixed
 133      14.95170      -0.00055    2291.94361      -0.00389       0.23722       0.00743 p2_irm_cei_15_s2_fixed
 134      14.91638       0.00018      66.11786       0.00451      -0.66759   -3141.58517 p2_irm_cei_15_l1_fixed
 135     -15.04830      -0.00033    2291.93649      -0.00389       0.23722       0.00743 p2_irm_cei_15_l2_fixed
 136     -14.84140       0.00192     478.03719       0.00230      -0.45484       0.00743 p2_irl_cei_15_s1
 137      15.05118       0.00051    1880.04131      -0.00093       0.24574       0.00743 p2_irl_cei_15_s2
 138      15.24615       0.00150     950.53410      -0.00272       0.08169       0.00743 p2_irl_cei_15_l1
 139     -14.83624       0.00086    1407.53182      -0.00046       0.22299       0.00743 p2_irl_cei_15_l2
 140     -14.75313       0.00175     941.23172      -0.00268       0.07398       0.00743 p2_irc_cei_15_s1
 141      15.16169       0.00063    1416.83857      -0.00042       0.22389       0.00743 p2_irc_cei_15_s2
 142      15.16583       0.00064    1398.23845      -0.00050       0.22208       0.00743 p2_irc_cei_15_l1
 143     -14.75465       0.00170     959.83159      -0.00274       0.08915       0.00743 p2_irc_cei_15_l2
 144      -0.12793      -0.00001       0.02744       0.00455      -0.67173       0.00743 p2_irt_cei_15_r1
 145       0.11895       0.00159     397.02990       0.00300      -0.52212       0.00743 p2_irt_cei_15_r2
 146       0.24716       0.00196     794.03207      -0.00154      -0.08017       0.00743 p2_irt_cei_15_r3
 147       0.20940       0.00099    1191.03408      -0.00197       0.19694       0.00743 p2_irt_cei_15_r4
 148       0.12213       0.00071    1588.03608      -0.00003       0.23721       0.00743 p2_irt_cei_15_r5
 149       0.02543       0.00048    1985.03822      -0.00173       0.24444       0.00743 p2_irt_cei_15_r6
 150      -0.06965      -0.00080    2382.04063      -0.00401       0.23680       0.00743 p2_irt_cei_15_r7
 151     -36.73709     -97.68297      14.75458       0.00455      -0.67153       0.00743 p2_bpx_cei_ip_15_01_r1_cone
 152     -36.93363      97.17223      15.21292       0.00455      -0.67151       0.00743 p2_bpx_cei_ho_15_01_r1_cone
 153      39.17112     -97.58893      16.93462       0.00455      -0.67146       0.00743 p2_bpx_cei_ip_15_01_r1_flat
 154      38.97497      97.22158      17.39127       0.00455      -0.67145       0.00743 p2_bpx_cei_ho_15_01_r1_flat
 155      26.44751     -97.60875      56.90681       0.00452      -0.66866       0.00743 p2_bpx_cei_ip_15_01_r1_grove
 156      26.23786      97.11895      57.36758       0.00452      -0.66861       0.00743 p2_bpx_cei_ho_15_01_r1_grove
 157      23.98217     -97.60109      88.80169       0.00447      -0.66425       0.00743 p2_bpx_cei_ip_15_13_r1_cone
 158      23.76902      97.04342      89.25636       0.00447      -0.66417       0.00743 p2_bpx_cei_ho_15_13_r1_cone
 159     -50.48642     -97.69907     103.67801       0.00445      -0.66154       0.00743 p2_bpx_cei_ip_15_13_r1_grove
 160     -50.69977      96.97343     104.12529       0.00445      -0.66145       0.00743 p2_bpx_cei_ho_15_13_r1_grove
 161     -31.23250     -97.65935     140.94245       0.00436      -0.65289       0.00743 p2_bpx_cei_ip_15_13_r1_flat
 162     -31.45406      96.87346     141.39555       0.00436      -0.65277       0.00743 p2_bpx_cei_ho_15_13_r1_flat
 163     -55.51443       0.00126     193.12821       0.00419      -0.63635       0.00743 p2_srg_cei_15_r1_rear
 164     -51.79441      52.06833     193.17922       0.00419      -0.63633       0.00743 p2_srg_cei_15_r1_135deg
 165     -52.23797     -52.23637     193.19754       0.00419      -0.63632       0.00743 p2_srg_cei_15_r1_225deg
 166       0.57108      73.21814     193.18641       0.00419      -0.63632       0.00743 p2_srg_cei_15_r1_90deg
 167      52.62597      51.23995     193.22689       0.00419      -0.63629       0.00743 p2_srg_cei_15_r1_45deg
 168      -0.00266     -73.85086     193.27080       0.00419      -0.63628       0.00743 p2_srg_cei_15_r1_270deg
 169      55.45614       0.00043     193.29340       0.00418      -0.63626       0.00743 p2_srg_cei_15_r1_front
 170      52.19017     -52.21534     193.33310       0.00418      -0.63625       0.00743 p2_srg_cei_15_r1_315deg
 171      49.82981     209.82750     248.34196       0.00395      -0.61319       0.00743 p2_baz_cei_15_14_13_r1_cone
 172     -26.10378     209.79167     249.06972       0.00394      -0.61286       0.00743 p2_baz_cei_15_14_13_r1_grove
 173     -14.12984     209.75893     289.27939       0.00373      -0.59232       0.00743 p2_baz_cei_15_14_13_r1_flat
 174     -38.31508      97.09584     324.67479       0.00352      -0.57170       0.00743 p2_bpx_cei_ho_15_01_r2_cone
 175     -38.12441     -97.59366     324.70306       0.00352      -0.57168       0.00743 p2_bpx_cei_ip_15_01_r2_cone
 176      37.58254      97.13969     327.44928       0.00350      -0.56995       0.00743 p2_bpx_cei_ho_15_01_r2_flat
 177      37.76950     -97.50762     327.46786       0.00350      -0.56994       0.00743 p2_bpx_cei_ip_15_01_r2_flat
 178      24.52324      97.04562     367.32274       0.00323      -0.54366       0.00743 p2_bpx_cei_ho_15_01_r2_grove
 179      24.72011     -97.57048     367.35166       0.00322      -0.54364       0.00743 p2_bpx_cei_ip_15_01_r2_grove
 180      28.01591      96.99200     401.88928       0.00296      -0.51842       0.00743 p2_bpx_cei_ho_15_13_r2_cone
 181      28.22597     -97.60450     401.91105       0.00296      -0.51841       0.00743 p2_bpx_cei_ip_15_13_r2_cone
 182     -46.56740      96.89529     416.16723       0.00285      -0.50736       0.00743 p2_bpx_cei_ho_15_13_r2_grove
 183     -46.35763     -97.72561     416.19678       0.00285      -0.50734       0.00743 p2_bpx_cei_ip_15_13_r2_grove
 184     -27.61977      96.81415     453.58781       0.00253      -0.47646       0.00743 p2_bpx_cei_ho_15_13_r2_flat
 185     -27.40161     -97.73585     453.61780       0.00253      -0.47644       0.00743 p2_bpx_cei_ip_15_13_r2_flat
 186      55.40861       0.23660     477.78943       0.00231      -0.45503       0.00743 p2_irl_cei_15_r1_front
 187     -37.11130     209.77042     548.93252       0.00159      -0.38574       0.00743 p2_baz_cei_15_16_01_r1_cone
 188      37.07475     209.79500     565.18777       0.00141      -0.36852       0.00743 p2_baz_cei_15_16_01_r1_flat
 189      17.12400     209.78839     602.09541       0.00099      -0.32763       0.00743 p2_baz_cei_15_16_01_r1_grove
 190      -7.46020     -36.10460     719.81395      -0.00054      -0.17993       0.00743 p2_slm_cei_15_surf_r1
 191     -37.21906     -97.62829     811.52269      -0.00174      -0.05868       0.00743 p2_bpx_cei_ip_15_01_r3_cone
 192     -37.47488      97.07091     812.00713      -0.00174      -0.05810       0.00743 p2_bpx_cei_ho_15_01_r3_cone
 193      38.63465     -97.50386     815.16223      -0.00178      -0.05432       0.00743 p2_bpx_cei_ip_15_01_r3_flat
 194      38.38153      97.11394     815.65311      -0.00178      -0.05373       0.00743 p2_bpx_cei_ho_15_01_r3_flat
 195      25.13210     -97.56674     854.88245      -0.00215      -0.00910       0.00743 p2_bpx_cei_ip_15_01_r3_grove
 196      24.87405      97.03457     855.36939      -0.00216      -0.00857       0.00743 p2_bpx_cei_ho_15_01_r3_grove
 197      27.90142     -97.61834     891.66524      -0.00243       0.02884       0.00743 p2_bpx_cei_ip_15_13_r3_cone
 198      27.63525      96.97966     892.15892      -0.00243       0.02932       0.00743 p2_bpx_cei_ho_15_13_r3_cone
 199     -46.84056     -97.73602     905.10123      -0.00251       0.04176       0.00743 p2_bpx_cei_ip_15_13_r3_grove
 200     -47.10663      96.89198     905.59089      -0.00251       0.04222       0.00743 p2_bpx_cei_ho_15_13_r3_grove
 201     -28.31087     -97.74535     942.72833      -0.00269       0.07524       0.00743 p2_bpx_cei_ip_15_13_r3_flat
 202     -28.58976      96.82735     943.21492      -0.00269       0.07565       0.00743 p2_bpx_cei_ho_15_13_r3_flat
 203      55.35946       0.11700     950.34227      -0.00272       0.08153       0.00743 p2_irc_cei_15_r1_front
 204      55.34026       0.08570    1178.99877      -0.00208       0.19502       0.00743 p2_mid_cei_15_front
 205     -36.62514     -97.66853    1240.99617      -0.00153       0.20383       0.00743 p2_bpx_cei_ip_15_01_r4_cone
 206     -36.89052      96.96658    1241.14182      -0.00153       0.20384       0.00743 p2_bpx_cei_ho_15_01_r4_cone
 207      39.20222     -97.53250    1245.11258      -0.00149       0.20437       0.00743 p2_bpx_cei_ip_15_01_r4_flat
 208      38.93964      97.02611    1245.24351      -0.00149       0.20438       0.00743 p2_bpx_cei_ho_15_01_r4_flat
 209      25.45122     -97.58835    1284.74862      -0.00118       0.20942       0.00743 p2_bpx_cei_ip_15_01_r4_grove
 210      25.19334      97.02156    1284.88150      -0.00118       0.20944       0.00743 p2_bpx_cei_ho_15_01_r4_grove
 211      40.86845     -97.60990    1319.14121      -0.00095       0.21354       0.00743 p2_bpx_cei_ip_15_13_r4_cone
 212      40.61406      97.05040    1319.27004      -0.00094       0.21356       0.00743 p2_bpx_cei_ho_15_13_r4_cone
 213     -33.95713     -97.75065    1332.09746      -0.00086       0.21503       0.00743 p2_bpx_cei_ip_15_13_r4_grove
 214     -34.20692      96.97865    1332.25107      -0.00086       0.21505       0.00743 p2_bpx_cei_ho_15_13_r4_grove
 215     -15.64103     -97.76412    1369.85484      -0.00064       0.21917       0.00743 p2_bpx_cei_ip_15_13_r4_flat
 216     -15.89632      96.99628    1370.00971      -0.00064       0.21918       0.00743 p2_bpx_cei_ho_15_13_r4_flat
 217      55.49495      -0.06007    1407.62060      -0.00046       0.22300       0.00743 p2_irc_cei_15_r2_front
 218     -28.73669     172.43354    1465.28740      -0.00024       0.22828       0.00743 p2_baz_cei_15_16_14_r2_grove
 219      41.62726     172.46591    1493.85329      -0.00016       0.23064       0.00743 p2_baz_cei_15_16_14_r2_cone
 220     -33.16709     172.40936    1507.00697      -0.00013       0.23167       0.00743 p2_baz_cei_15_16_14_r2_flat
 221     -27.31427      97.01131    1665.84668      -0.00007       0.24123       0.00743 p2_bpx_cei_ho_15_01_r5_cone
 222     -27.07108     -97.71899    1666.08512      -0.00007       0.24124       0.00743 p2_bpx_cei_ip_15_01_r5_cone
 223      48.52394      97.06015    1669.95370      -0.00008       0.24140       0.00743 p2_bpx_cei_ho_15_01_r5_flat
 224      48.76893     -97.59275    1670.22935      -0.00008       0.24141       0.00743 p2_bpx_cei_ip_15_01_r5_flat
 225      34.77144      97.00745    1709.58925      -0.00016       0.24293       0.00743 p2_bpx_cei_ho_15_01_r5_grove
 226      34.99673     -97.62216    1709.85578      -0.00016       0.24294       0.00743 p2_bpx_cei_ip_15_01_r5_grove
 227      46.82708      96.96804    1758.67083      -0.00031       0.24436       0.00743 p2_bpx_cei_ho_15_13_r5_cone
 228      47.03486     -97.63836    1758.94702      -0.00031       0.24437       0.00743 p2_bpx_cei_ip_15_13_r5_cone
 229     -27.99789      96.90940    1771.63301      -0.00036       0.24466       0.00743 p2_bpx_cei_ho_15_13_r5_grove
 230     -27.80140     -97.75571    1771.87649      -0.00036       0.24466       0.00743 p2_bpx_cei_ip_15_13_r5_grove
 231      -9.70234      96.87274    1809.38500      -0.00053       0.24532       0.00743 p2_bpx_cei_ho_15_13_r5_flat
 232      -9.52005     -97.73576    1809.63404      -0.00053       0.24532       0.00743 p2_bpx_cei_ip_15_13_r5_flat
 233      55.40181      -0.09139    1879.93043      -0.00093       0.24574       0.00743 p2_irl_cei_15_r2_front
 234     -13.34939     -41.41929    2020.73648      -0.00207       0.24348       0.00743 p2_gim_cei_15_surf_r1
 235      55.45031      -0.00024    2115.42491      -0.00294       0.24047       0.00743 p2_srg_cei_15_r2_front
 236      52.15972     -52.20591    2115.45256      -0.00295       0.24047       0.00743 p2_srg_cei_15_r2_315deg
 237     -55.71830      -0.18091    2115.44887      -0.00295       0.24047       0.00743 p2_srg_cei_15_r2_rear
 238      52.26208      51.53559    2115.48779      -0.00295       0.24047       0.00743 p2_srg_cei_15_r2_45deg
 239     -52.21749     -52.39454    2115.48306      -0.00295       0.24047       0.00743 p2_srg_cei_15_r2_225deg
 240       0.00234     -73.85912    2115.51306      -0.00295       0.24047       0.00743 p2_srg_cei_15_r2_270deg
 241       0.04773      73.16948    2115.52610      -0.00295       0.24047       0.00743 p2_srg_cei_15_r2_90deg
 242     -52.16723      51.85226    2115.51758      -0.00295       0.24047       0.00743 p2_srg_cei_15_r2_135deg
 243     -34.59800      96.86394    2206.21162      -0.00355       0.23840       0.00743 p2_bpx_cei_ho_15_01_r6_cone
 244     -34.15716     -97.91827    2206.25433      -0.00355       0.23840       0.00743 p2_bpx_cei_ip_15_01_r6_cone
 245      41.23632      96.92346    2210.32172      -0.00357       0.23833       0.00743 p2_bpx_cei_ho_15_01_r6_flat
 246      41.66514     -97.71975    2210.48563      -0.00357       0.23832       0.00743 p2_bpx_cei_ip_15_01_r6_flat
 247      27.47739      96.93112    2249.95919      -0.00375       0.23771       0.00743 p2_bpx_cei_ho_15_01_r6_grove
 248      27.84801     -97.72219    2250.09115      -0.00375       0.23770       0.00743 p2_bpx_cei_ip_15_01_r6_grove
 249      39.64291      97.00131    2332.04370      -0.00397       0.23693       0.00743 p2_bpx_cei_ho_15_13_r6_cone
 250      39.88783     -97.62730    2332.20488      -0.00397       0.23693       0.00743 p2_bpx_cei_ip_15_13_r6_cone
 251     -35.18726      96.94481    2345.01066      -0.00399       0.23688       0.00743 p2_bpx_cei_ho_15_13_r6_grove
 252     -34.95622     -97.75849    2345.04733      -0.00399       0.23688       0.00743 p2_bpx_cei_ip_15_13_r6_grove
 253     -16.89520      96.97582    2382.76794      -0.00401       0.23680       0.00743 p2_bpx_cei_ho_15_13_r6_flat
 254     -16.72166     -97.67158    2382.82780      -0.00401       0.23680       0.00743 p2_bpx_cei_ip_15_13_r6_flat
 255       2.78192       1.00887     739.80000       0.00000       0.00000       0.00000 p3_cei_15_par_1
 256     145.02953       7.23883    2041.34000      26.08587       0.00000       0.00000 p3_cei_15_par_2
 257      91.45789       4.08672    2382.00000    5748.74675      -0.48274       0.00026 p3_cei_15_par_3
 258      -0.08545       0.00074      -0.01336      -0.00009      -0.04090       0.00374 p3_cei_15
 259     -14.99011       0.00033      66.08571       0.00247       0.09140   -3141.58887 p3_irm_cei_15_s1_fixed
 260      14.98713      -0.00085    2291.90055      -0.00703       0.08153       0.00374 p3_irm_cei_15_s2_fixed
 261      15.00989       0.00022      66.08845       0.00247       0.09140   -3141.58887 p3_irm_cei_15_l1_fixed
 262     -15.01287      -0.00074    2291.89811      -0.00703       0.08153       0.00374 p3_irm_cei_15_l2_fixed
 263     -15.02868       0.00102     477.98816       0.00031       0.09735       0.00374 p3_irl_cei_15_s1
 264      14.98921       0.00064    1879.99570       0.00073      -0.09070       0.00374 p3_irl_cei_15_s2
 265      14.92379      -0.00016     950.49348      -0.00397       0.08341       0.00374 p3_irl_cei_15_l1
 266     -15.07070      -0.00052    1407.49627       0.00250      -0.11125       0.00374 p3_irl_cei_15_l2
 267     -15.07542      -0.00001     941.19090      -0.00399       0.08570       0.00374 p3_irc_cei_15_s1
 268      14.93035      -0.00061    1416.79295       0.00259      -0.11384       0.00374 p3_irc_cei_15_s2
 269      14.92828      -0.00065    1398.19293       0.00241      -0.10855       0.00374 p3_irc_cei_15_l1
 270     -15.07697      -0.00008     959.79107      -0.00394       0.08101       0.00374 p3_irc_cei_15_l2
 271       0.01592       0.00011      -0.01336       0.00251       0.09128       0.00374 p3_irt_cei_15_r1
 272      -0.02087       0.00091     396.98914       0.00100       0.09547       0.00374 p3_irt_cei_15_r2
 273      -0.06095       0.00050     793.99139      -0.00341       0.10592       0.00374 p3_irt_cei_15_r3
 274      -0.08577      -0.00079    1190.99349      -0.00096      -0.01720       0.00374 p3_irt_cei_15_r4
 275      -0.04734      -0.00002    1587.99553       0.00334      -0.13996       0.00374 p3_irt_cei_15_r5
 276      -0.00358       0.00066    1984.99762      -0.00141      -0.04407       0.00374 p3_irt_cei_15_r6
 277      -0.02064      -0.00144    2381.99986      -0.00735       0.08862       0.00374 p3_irt_cei_15_r7
 278     -36.73749     -97.68312      14.75473       0.00251       0.09129       0.00374 p3_bpx_cei_ip_15_01_r1_cone
 279     -36.93020      97.17618      15.21072       0.00251       0.09129       0.00374 p3_bpx_cei_ho_15_01_r1_cone
 280      39.17241     -97.58910      16.93627       0.00251       0.09129       0.00374 p3_bpx_cei_ip_15_01_r1_flat
 281      38.97600      97.21971      17.39137       0.00251       0.09129       0.00374 p3_bpx_cei_ho_15_01_r1_flat
 282      26.44756     -97.60725      56.90888       0.00248       0.09137       0.00374 p3_bpx_cei_ip_15_01_r1_grove
 283      26.23875      97.12025      57.36658       0.00248       0.09137       0.00374 p3_bpx_cei_ho_15_01_r1_grove
 284      23.98214     -97.59936      88.80366       0.00244       0.09149       0.00374 p3_bpx_cei_ip_15_13_r1_cone
 285      23.76853      97.04384      89.25527       0.00244       0.09149       0.00374 p3_bpx_cei_ho_15_13_r1_cone
 286     -50.48752     -97.69755     103.67733       0.00241       0.09157       0.00374 p3_bpx_cei_ip_15_13_r1_grove
 287     -50.69813      96.97276     104.12385       0.00241       0.09157       0.00374 p3_bpx_cei_ho_15_13_r1_grove
 288     -31.23303     -97.66093     140.94412       0.00232       0.09181       0.00374 p3_bpx_cei_ip_15_13_r1_flat
 289     -31.45485      96.87467     141.39375       0.00232       0.09181       0.00374 p3_bpx_cei_ho_15_13_r1_flat
 290     -55.51467       0.00078     193.12887       0.00215       0.09227       0.00374 p3_srg_cei_15_r1_rear
 291     -51.79528      52.06886     193.17900       0.00215       0.09227       0.00374 p3_srg_cei_15_r1_135deg
 292       0.56850      73.22007     193.18619       0.00215       0.09227       0.00374 p3_srg_cei_15_r1_90deg
 293     -52.24057     -52.23583     193.19599       0.00215       0.09228       0.00374 p3_srg_cei_15_r1_225deg
 294      52.62401      51.24067     193.22654       0.00215       0.09228       0.00374 p3_srg_cei_15_r1_45deg
 295      -0.00606     -73.85153     193.26895       0.00215       0.09228       0.00374 p3_srg_cei_15_r1_270deg
 296      55.45471       0.00036     193.29301       0.00215       0.09228       0.00374 p3_srg_cei_15_r1_front
 297      52.18871     -52.21482     193.33212       0.00215       0.09228       0.00374 p3_srg_cei_15_r1_315deg
 298      49.82950     209.82780     248.34197       0.00192       0.09292       0.00374 p3_baz_cei_15_14_13_r1_cone
 299     -26.10327     209.79408     249.06942       0.00192       0.09293       0.00374 p3_baz_cei_15_14_13_r1_grove
 300     -14.12992     209.75781     289.27961       0.00171       0.09351       0.00374 p3_baz_cei_15_14_13_r1_flat
 301     -38.31566      97.09516     324.67166       0.00150       0.09408       0.00374 p3_bpx_cei_ho_15_01_r2_cone
 302     -38.12489     -97.59524     324.70247       0.00150       0.09408       0.00374 p3_bpx_cei_ip_15_01_r2_cone
 303      37.58118      97.13828     327.44902       0.00148       0.09413       0.00374 p3_bpx_cei_ho_15_01_r2_flat
 304      37.76845     -97.50792     327.47003       0.00148       0.09413       0.00374 p3_bpx_cei_ip_15_01_r2_flat
 305      24.52082      97.04328     367.32307       0.00121       0.09487       0.00374 p3_bpx_cei_ho_15_01_r2_grove
 306      24.71918     -97.56902     367.35223       0.00121       0.09487       0.00374 p3_bpx_cei_ip_15_01_r2_grove
 307      28.01252      96.99041     401.88676       0.00096       0.09557       0.00374 p3_bpx_cei_ho_15_13_r2_cone
 308      28.22419     -97.60580     401.91096       0.00096       0.09558       0.00374 p3_bpx_cei_ip_15_13_r2_cone
 309     -46.56784      96.89750     416.16761       0.00085       0.09589       0.00374 p3_bpx_cei_ho_15_13_r2_grove
 310     -46.35828     -97.72680     416.19950       0.00085       0.09589       0.00374 p3_bpx_cei_ip_15_13_r2_grove
 311     -27.62105      96.81495     453.58865       0.00053       0.09675       0.00374 p3_bpx_cei_ho_15_13_r2_flat
 312     -27.40158     -97.73745     453.62018       0.00053       0.09675       0.00374 p3_bpx_cei_ip_15_13_r2_flat
 313      55.40824       0.23795     477.78861       0.00031       0.09735       0.00374 p3_irl_cei_15_r1_front
 314     -37.11167     209.76920     548.93083      -0.00039       0.09929       0.00374 p3_baz_cei_15_16_01_r1_cone
 315      37.07472     209.79531     565.18834      -0.00056       0.09977       0.00374 p3_baz_cei_15_16_01_r1_flat
 316      17.12371     209.78906     602.09447      -0.00098       0.10092       0.00374 p3_baz_cei_15_16_01_r1_grove
 317      -7.75162     -36.10585     719.81389      -0.00248       0.10505       0.00374 p3_slm_cei_15_surf_r1
 318     -37.21587     -97.62862     811.51813      -0.00357       0.10509       0.00374 p3_bpx_cei_ip_15_01_r3_cone
 319     -37.47339      97.07108     812.00471      -0.00358       0.10506       0.00374 p3_bpx_cei_ho_15_01_r3_cone
 320      38.63715     -97.50212     815.16461      -0.00360       0.10486       0.00374 p3_bpx_cei_ip_15_01_r3_flat
 321      38.38233      97.11098     815.65569      -0.00361       0.10483       0.00374 p3_bpx_cei_ho_15_01_r3_flat
 322      25.13435     -97.56802     854.88260      -0.00386       0.10119       0.00374 p3_bpx_cei_ip_15_01_r3_grove
 323      24.87423      97.03278     855.36852      -0.00387       0.10113       0.00374 p3_bpx_cei_ho_15_01_r3_grove
 324      27.90032     -97.61857     891.66511      -0.00399       0.09585       0.00374 p3_bpx_cei_ip_15_13_r3_cone
 325      27.63630      96.98173     892.15706      -0.00399       0.09576       0.00374 p3_bpx_cei_ho_15_13_r3_cone
 326     -46.84045     -97.73235     905.09913      -0.00401       0.09343       0.00374 p3_bpx_cei_ip_15_13_r3_grove
 327     -47.10517      96.88815     905.59159      -0.00401       0.09333       0.00374 p3_bpx_cei_ho_15_13_r3_grove
 328     -28.30952     -97.74487     942.73199      -0.00399       0.08533       0.00374 p3_bpx_cei_ip_15_13_r3_flat
 329     -28.58683      96.83033     943.21615      -0.00399       0.08521       0.00374 p3_bpx_cei_ho_15_13_r3_flat
 330      55.36080       0.11669     950.34036      -0.00397       0.08345       0.00374 p3_irc_cei_15_r1_front
 331      55.33516       0.08552    1178.99736      -0.00122      -0.01028       0.00374 p3_mid_cei_15_front
 332     -36.62468     -97.66958    1240.99559       0.00008      -0.04469       0.00374 p3_bpx_cei_ip_15_01_r4_cone
 333     -36.89104      96.96933    1241.14139       0.00008      -0.04477       0.00374 p3_bpx_cei_ho_15_01_r4_cone
 334      39.20181     -97.53356    1245.11525       0.00016      -0.04681       0.00374 p3_bpx_cei_ip_15_01_r4_flat
 335      38.93854      97.02494    1245.24433       0.00016      -0.04687       0.00374 p3_bpx_cei_ho_15_01_r4_flat
 336      25.45045     -97.58949    1284.74868       0.00087      -0.06591       0.00374 p3_bpx_cei_ip_15_01_r4_grove
 337      25.18949      97.01931    1284.88112       0.00087      -0.06597       0.00374 p3_bpx_cei_ho_15_01_r4_grove
 338      40.86798     -97.61280    1319.14118       0.00142      -0.08072       0.00374 p3_bpx_cei_ip_15_13_r4_cone
 339      40.61372      97.05180    1319.26793       0.00142      -0.08078       0.00374 p3_bpx_cei_ho_15_13_r4_cone
 340     -33.95804     -97.75021    1332.09889       0.00160      -0.08588       0.00374 p3_bpx_cei_ip_15_13_r4_grove
 341     -34.20700      96.98240    1332.25140       0.00161      -0.08594       0.00374 p3_bpx_cei_ho_15_13_r4_grove
 342     -15.64074     -97.76180    1369.85627       0.00210      -0.09957       0.00374 p3_bpx_cei_ip_15_13_r4_flat
 343     -15.89439      96.99720    1370.01049       0.00210      -0.09962       0.00374 p3_bpx_cei_ho_15_13_r4_flat
 344      55.49672      -0.06048    1407.61782       0.00251      -0.11129       0.00374 p3_irc_cei_15_r2_front
 345     -28.73789     172.43269    1465.28668       0.00298      -0.12536       0.00374 p3_baz_cei_15_16_14_r2_grove
 346      41.62647     172.46382    1493.85236       0.00314      -0.13063       0.00374 p3_baz_cei_15_16_14_r2_cone
 347     -33.16720     172.40774    1507.00966       0.00320      -0.13267       0.00374 p3_baz_cei_15_16_14_r2_flat
 348     -27.31419      97.01134    1665.84631       0.00312      -0.13839       0.00374 p3_bpx_cei_ho_15_01_r5_cone
 349     -27.06979     -97.71706    1666.08418       0.00312      -0.13837       0.00374 p3_bpx_cei_ip_15_01_r5_cone
 350      48.52308      97.05777    1669.95295       0.00310      -0.13807       0.00374 p3_bpx_cei_ho_15_01_r5_flat
 351      48.76919     -97.59213    1670.22822       0.00310      -0.13805       0.00374 p3_bpx_cei_ip_15_01_r5_flat
 352      34.77127      97.00583    1709.58973       0.00284      -0.13382       0.00374 p3_bpx_cei_ho_15_01_r5_grove
 353      34.99628     -97.62247    1709.85556       0.00284      -0.13378       0.00374 p3_bpx_cei_ip_15_01_r5_grove
 354      46.82705      96.96822    1758.67031       0.00241      -0.12553       0.00374 p3_bpx_cei_ho_15_13_r5_cone
 355      47.03456     -97.63998    1758.94635       0.00240      -0.12547       0.00374 p3_bpx_cei_ip_15_13_r5_cone
 356     -27.99664      96.90833    1771.63390       0.00227      -0.12278       0.00374 p3_bpx_cei_ho_15_13_r5_grove
 357     -27.80084     -97.75387    1771.87592       0.00226      -0.12273       0.00374 p3_bpx_cei_ip_15_13_r5_grove
 358      -9.70348      96.87534    1809.38371       0.00181      -0.11345       0.00374 p3_bpx_cei_ho_15_13_r5_flat
 359      -9.51938     -97.73476    1809.63434       0.00180      -0.11339       0.00374 p3_bpx_cei_ip_15_13_r5_flat
 360      55.40170      -0.09011    1879.93053       0.00073      -0.09072       0.00374 p3_irl_cei_15_r2_front
 361     -13.36900     -41.41885    2020.73625      -0.00228      -0.02470       0.00374 p3_gim_cei_15_surf_r1
 362      55.45397       0.00006    2115.42491      -0.00457       0.02656       0.00374 p3_srg_cei_15_r2_front
 363     -55.71803      -0.17982    2115.44955      -0.00457       0.02657       0.00374 p3_srg_cei_15_r2_rear
 364      52.16007     -52.20763    2115.45438      -0.00457       0.02657       0.00374 p3_srg_cei_15_r2_315deg
 365     -52.21693     -52.39414    2115.48361      -0.00457       0.02658       0.00374 p3_srg_cei_15_r2_225deg
 366      52.26236      51.53417    2115.48786      -0.00457       0.02658       0.00374 p3_srg_cei_15_r2_45deg
 367       0.00369     -73.85833    2115.51290      -0.00457       0.02660       0.00374 p3_srg_cei_15_r2_270deg
 368     -52.16574      51.85086    2115.51728      -0.00457       0.02660       0.00374 p3_srg_cei_15_r2_135deg
 369       0.04804      73.16867    2115.52607      -0.00458       0.02660       0.00374 p3_srg_cei_15_r2_90deg
 370     -34.59798      96.86351    2206.21171      -0.00614       0.06163       0.00374 p3_bpx_cei_ho_15_01_r6_cone
 371     -34.15701     -97.91720    2206.25454      -0.00614       0.06165       0.00374 p3_bpx_cei_ip_15_01_r6_cone
 372      41.23536      96.92240    2210.32146      -0.00620       0.06288       0.00374 p3_bpx_cei_ho_15_01_r6_flat
 373      41.66603     -97.72011    2210.48508      -0.00620       0.06293       0.00374 p3_bpx_cei_ip_15_01_r6_flat
 374      27.47735      96.93089    2249.96025      -0.00667       0.07340       0.00374 p3_bpx_cei_ho_15_01_r6_grove
 375      27.84902     -97.72141    2250.09098      -0.00667       0.07343       0.00374 p3_bpx_cei_ip_15_01_r6_grove
 376      39.64361      97.00117    2332.04529      -0.00725       0.08645       0.00374 p3_bpx_cei_ho_15_13_r6_cone
 377      39.88797     -97.62863    2332.20581      -0.00725       0.08646       0.00374 p3_bpx_cei_ip_15_13_r6_cone
 378     -35.18891      96.94696    2345.00897      -0.00729       0.08743       0.00374 p3_bpx_cei_ho_15_13_r6_grove
 379     -34.95525     -97.75924    2345.04727      -0.00729       0.08743       0.00374 p3_bpx_cei_ip_15_13_r6_grove
 380     -16.89575      96.97511    2382.76758      -0.00735       0.08862       0.00374 p3_bpx_cei_ho_15_13_r6_flat
 381     -16.72198     -97.67089    2382.82796      -0.00735       0.08862       0.00374 p3_bpx_cei_ip_15_13_r6_flat
 382     -81.05214       3.95563     739.80000       0.00000       0.00000       0.00000 p4_cei_15_par_1
 383     -85.24604      11.16624    2041.34000      26.08587       0.00000       0.00000 p4_cei_15_par_2
 384      19.12187      -1.37945    2382.00000    4555.97742       0.91289      -0.00017 p4_cei_15_par_3
 385      -0.32647       0.00710      -0.02573      -0.00584      -0.15678      -0.03096 p4_cei_15
 386     -14.93448      -0.00241      66.06600       0.01440       0.56126    3141.56174 p4_irm_cei_15_s1_fixed
 387      15.04350      -0.00307    2291.88365       0.00572      -0.19132      -0.03096 p4_irm_cei_15_s2_fixed
 388      15.06552      -0.00148      66.08284       0.01440       0.56126    3141.56174 p4_irm_cei_15_l1_fixed
 389     -14.95650      -0.00399    2291.88939       0.00572      -0.19132      -0.03096 p4_irm_cei_15_l2_fixed
 390     -15.13895       0.00222     477.97025       0.00594       0.38778      -0.03096 p4_irl_cei_15_s1
 391      14.95820      -0.00492    1879.98046       0.00254      -0.22576      -0.03096 p4_irl_cei_15_s2
 392      14.78206       0.00102     950.47755      -0.01367      -0.05507      -0.03096 p4_irl_cei_15_l1
 393     -15.14773      -0.00518    1407.48404      -0.00623      -0.20731      -0.03096 p4_irl_cei_15_l2
 394     -15.21842       0.00021     941.17905      -0.01351      -0.04833      -0.03096 p4_irc_cei_15_s1
 395      14.85420      -0.00431    1416.77786      -0.00601      -0.20856      -0.03096 p4_irc_cei_15_s2
 396      14.85035      -0.00420    1398.17779      -0.00646      -0.20603      -0.03096 p4_irc_cei_15_l1
 397     -15.21740      -0.00004     959.77935      -0.01381      -0.06164      -0.03096 p4_irc_cei_15_l2
 398       0.10277      -0.00290      -0.02580       0.01457       0.56464      -0.03096 p4_irt_cei_15_r1
 399      -0.10525       0.00209     396.97571       0.00862       0.44264      -0.03096 p4_irt_cei_15_r2
 400      -0.21649       0.00237     793.97757      -0.00884       0.08190      -0.03096 p4_irt_cei_15_r3
 401      -0.18873      -0.00276    1190.97968      -0.01205      -0.16820      -0.03096 p4_irt_cei_15_r4
 402      -0.10850      -0.00547    1587.98202      -0.00225      -0.22519      -0.03096 p4_irt_cei_15_r5
 403      -0.01850      -0.00505    1984.98452       0.00375      -0.21739      -0.03096 p4_irt_cei_15_r6
 404       0.06065      -0.00301    2381.98711       0.00583      -0.18984      -0.03096 p4_irt_cei_15_r7
 405     -36.72696     -97.69053      14.74129       0.01456       0.56447      -0.03096 p4_bpx_cei_ip_15_01_r1_cone
 406     -36.92446      97.17067      15.21834       0.01456       0.56446      -0.03096 p4_bpx_cei_ho_15_01_r1_cone
 407      39.18384     -97.59375      16.92634       0.01456       0.56442      -0.03096 p4_bpx_cei_ip_15_01_r1_flat
 408      38.98083      97.21776      17.40349       0.01456       0.56441      -0.03096 p4_bpx_cei_ho_15_01_r1_flat
 409      26.45551     -97.61196      56.89773       0.01445       0.56213      -0.03096 p4_bpx_cei_ip_15_01_r1_grove
 410      26.23971      97.11684      57.37670       0.01444       0.56209      -0.03096 p4_bpx_cei_ho_15_01_r1_grove
 411      23.98853     -97.60448      88.79267       0.01427       0.55854      -0.03096 p4_bpx_cei_ip_15_13_r1_cone
 412      23.76944      97.03922      89.26657       0.01427       0.55847      -0.03096 p4_bpx_cei_ho_15_13_r1_cone
 413     -50.48269     -97.71307     103.66283       0.01416       0.55631      -0.03096 p4_bpx_cei_ip_15_13_r1_grove
 414     -50.69907      96.96523     104.12966       0.01416       0.55624      -0.03096 p4_bpx_cei_ho_15_13_r1_grove
 415     -31.23019     -97.66545     140.93038       0.01382       0.54926      -0.03096 p4_bpx_cei_ip_15_13_r1_flat
 416     -31.45757      96.87085     141.40417       0.01381       0.54915      -0.03096 p4_bpx_cei_ho_15_13_r1_flat
 417     -55.51865      -0.00190     193.12285       0.01316       0.53575      -0.03096 p4_srg_cei_15_r1_rear
 418       0.56566      73.21904     193.19483       0.01316       0.53574      -0.03096 p4_srg_cei_15_r1_90deg
 419      52.62084      51.24175     193.23661       0.01316       0.53574      -0.03096 p4_srg_cei_15_r1_45deg
 420     -52.24117     -52.23949     193.18209       0.01316       0.53574      -0.03096 p4_srg_cei_15_r1_225deg
 421     -51.79850      52.06492     193.18296       0.01316       0.53574      -0.03096 p4_srg_cei_15_r1_135deg
 422      -0.01112     -73.85278     193.25446       0.01316       0.53572      -0.03096 p4_srg_cei_15_r1_270deg
 423      55.45199       0.00154     193.30460       0.01316       0.53572      -0.03096 p4_srg_cei_15_r1_front
 424      52.18820     -52.21626     193.32144       0.01316       0.53571      -0.03096 p4_srg_cei_15_r1_315deg
 425      49.81630     209.83087     248.35270       0.01224       0.51689      -0.03096 p4_baz_cei_15_14_13_r1_cone
 426     -26.11870     209.78753     249.07927       0.01223       0.51660      -0.03096 p4_baz_cei_15_14_13_r1_grove
 427     -14.14524     209.75797     289.28913       0.01141       0.49984      -0.03096 p4_baz_cei_15_14_13_r1_flat
 428     -38.32326      97.09411     324.67931       0.01059       0.48302      -0.03096 p4_bpx_cei_ho_15_01_r2_cone
 429     -38.12663     -97.59728     324.68716       0.01059       0.48301      -0.03096 p4_bpx_cei_ip_15_01_r2_cone
 430      37.76705     -97.51120     327.45817       0.01052       0.48163      -0.03096 p4_bpx_cei_ip_15_01_r2_flat
 431      37.57462      97.14149     327.45783       0.01052       0.48163      -0.03096 p4_bpx_cei_ho_15_01_r2_flat
 432      24.51454      97.04539     367.33139       0.00947       0.46018      -0.03096 p4_bpx_cei_ho_15_01_r2_grove
 433      24.71676     -97.56871     367.33723       0.00947       0.46018      -0.03096 p4_bpx_cei_ip_15_01_r2_grove
 434      28.22261     -97.60579     401.89652       0.00847       0.43960      -0.03096 p4_bpx_cei_ip_15_13_r2_cone
 435      28.00558      96.99481     401.89597       0.00847       0.43960      -0.03096 p4_bpx_cei_ho_15_13_r2_cone
 436     -46.57645      96.89672     416.17812       0.00803       0.43054      -0.03096 p4_bpx_cei_ho_15_13_r2_grove
 437     -46.36132     -97.72798     416.18657       0.00803       0.43053      -0.03096 p4_bpx_cei_ip_15_13_r2_grove
 438     -27.62499      96.81778     453.59886       0.00680       0.40535      -0.03096 p4_bpx_cei_ho_15_13_r2_flat
 439     -27.40256     -97.73551     453.60677       0.00680       0.40534      -0.03096 p4_bpx_cei_ip_15_13_r2_flat
 440      55.40113       0.24661     477.79051       0.00595       0.38793      -0.03096 p4_irl_cei_15_r1_front
 441     -37.12051     209.77187     548.94317       0.00319       0.33135      -0.03096 p4_baz_cei_15_16_01_r1_cone
 442      37.06792     209.79961     565.19965       0.00251       0.31735      -0.03096 p4_baz_cei_15_16_01_r1_flat
 443      17.11802     209.79206     602.10626       0.00088       0.28399      -0.03096 p4_baz_cei_15_16_01_r1_grove
 444      -7.90092     -36.10575     719.80626      -0.00499       0.16355      -0.03096 p4_slm_cei_15_surf_r1
 445     -37.20745     -97.62633     811.50135      -0.00961       0.06408      -0.03096 p4_bpx_cei_ip_15_01_r3_cone
 446     -37.46491      97.07595     812.01382      -0.00964       0.06357      -0.03096 p4_bpx_cei_ho_15_01_r3_cone
 447      38.64612     -97.50102     815.15157      -0.00977       0.06045      -0.03096 p4_bpx_cei_ip_15_01_r3_flat
 448      38.39027      97.11687     815.66764      -0.00979       0.05994      -0.03096 p4_bpx_cei_ho_15_01_r3_flat
 449      25.14208     -97.56736     854.86695      -0.01127       0.02267      -0.03096 p4_bpx_cei_ip_15_01_r3_grove
 450      24.88125      97.03583     855.38053      -0.01129       0.02221      -0.03096 p4_bpx_cei_ho_15_01_r3_grove
 451      27.90925     -97.61661     891.64969      -0.01240      -0.00944      -0.03096 p4_bpx_cei_ip_15_13_r3_cone
 452      27.64443      96.98118     892.16800      -0.01241      -0.00987      -0.03096 p4_bpx_cei_ho_15_13_r3_cone
 453     -46.83225     -97.73259     905.08554      -0.01274      -0.02048      -0.03096 p4_bpx_cei_ip_15_13_r3_grove
 454     -47.09646      96.89339     905.60325      -0.01276      -0.02090      -0.03096 p4_bpx_cei_ho_15_13_r3_grove
 455     -28.30112     -97.74451     942.71680      -0.01354      -0.04945      -0.03096 p4_bpx_cei_ip_15_13_r3_flat
 456     -28.57452      96.83157     943.22856      -0.01354      -0.04983      -0.03096 p4_bpx_cei_ho_15_13_r3_flat
 457      55.36425       0.12027     950.34442      -0.01366      -0.05498      -0.03096 p4_irc_cei_15_r1_front
 458      55.34017       0.08530    1179.00344      -0.01239      -0.16536      -0.03096 p4_mid_cei_15_front
 459     -36.62922     -97.66935    1240.97805      -0.01060      -0.17894      -0.03096 p4_bpx_cei_ip_15_01_r4_cone
 460     -36.88992      96.96874    1241.15257      -0.01060      -0.17898      -0.03096 p4_bpx_cei_ho_15_01_r4_cone
 461      39.19741     -97.53615    1245.09999      -0.01049      -0.17979      -0.03096 p4_bpx_cei_ip_15_01_r4_flat
 462      38.93992      97.02224    1245.25668      -0.01048      -0.17982      -0.03096 p4_bpx_cei_ho_15_01_r4_flat
 463      25.44520     -97.59397    1284.73330      -0.00939      -0.18750      -0.03096 p4_bpx_cei_ip_15_01_r4_grove
 464      25.18820      97.01502    1284.89357      -0.00939      -0.18753      -0.03096 p4_bpx_cei_ho_15_01_r4_grove
 465      40.86185     -97.61560    1319.12834      -0.00847      -0.19368      -0.03096 p4_bpx_cei_ip_15_13_r4_cone
 466      40.61236      97.04829    1319.28224      -0.00846      -0.19371      -0.03096 p4_bpx_cei_ho_15_13_r4_cone
 467     -33.96472     -97.75062    1332.08082      -0.00813      -0.19588      -0.03096 p4_bpx_cei_ip_15_13_r4_grove
 468     -34.20921      96.98057    1332.26165      -0.00812      -0.19591      -0.03096 p4_bpx_cei_ho_15_13_r4_grove
 469     -15.65041     -97.76155    1369.83854      -0.00716      -0.20190      -0.03096 p4_bpx_cei_ip_15_13_r4_flat
 470     -15.89700      96.99734    1370.02089      -0.00716      -0.20192      -0.03096 p4_bpx_cei_ho_15_13_r4_flat
 471      55.48600      -0.05980    1407.62410      -0.00623      -0.20733      -0.03096 p4_irc_cei_15_r2_front
 472     -28.73977     172.43498    1465.30205      -0.00487      -0.21450      -0.03096 p4_baz_cei_15_16_14_r2_grove
 473      41.62430     172.46682    1493.86710      -0.00423      -0.21754      -0.03096 p4_baz_cei_15_16_14_r2_cone
 474     -33.16863     172.41205    1507.02354      -0.00394      -0.21883      -0.03096 p4_baz_cei_15_16_14_r2_flat
 475     -27.31021      97.01517    1665.85930      -0.00077      -0.22877      -0.03096 p4_bpx_cei_ho_15_01_r5_cone
 476     -27.08063     -97.71622    1666.07020      -0.00077      -0.22878      -0.03096 p4_bpx_cei_ip_15_01_r5_cone
 477      48.52713      97.05861    1669.96346      -0.00070      -0.22889      -0.03096 p4_bpx_cei_ho_15_01_r5_flat
 478      48.75882     -97.59568    1670.21198      -0.00069      -0.22890      -0.03096 p4_bpx_cei_ip_15_01_r5_flat
 479      34.77422      97.00757    1709.59876      -0.00000      -0.22969      -0.03096 p4_bpx_cei_ho_15_01_r5_grove
 480      34.98900     -97.62462    1709.84042      -0.00000      -0.22969      -0.03096 p4_bpx_cei_ip_15_01_r5_grove
 481      46.83381      96.96417    1758.68012       0.00080      -0.22978      -0.03096 p4_bpx_cei_ho_15_13_r5_cone
 482      47.03069     -97.64323    1758.93073       0.00080      -0.22978      -0.03096 p4_bpx_cei_ip_15_13_r5_cone
 483     -27.98942      96.91076    1771.64727       0.00100      -0.22964      -0.03096 p4_bpx_cei_ho_15_13_r5_grove
 484     -27.80404     -97.75153    1771.86303       0.00101      -0.22963      -0.03096 p4_bpx_cei_ip_15_13_r5_grove
 485      -9.69086      96.87658    1809.39675       0.00157      -0.22883      -0.03096 p4_bpx_cei_ho_15_13_r5_flat
 486      -9.52038     -97.73572    1809.62152       0.00157      -0.22883      -0.03096 p4_bpx_cei_ip_15_13_r5_flat
 487      55.40949      -0.09326    1879.93643       0.00254      -0.22576      -0.03096 p4_irl_cei_15_r2_front
 488     -13.37092     -41.42742    2020.72737       0.00411      -0.21351      -0.03096 p4_gim_cei_15_surf_r1
 489     -55.70930      -0.17280    2115.43936       0.00489      -0.20281      -0.03096 p4_srg_cei_15_r2_rear
 490      55.46540      -0.00276    2115.43491       0.00489      -0.20281      -0.03096 p4_srg_cei_15_r2_front
 491      52.15642     -52.21926    2115.44564       0.00489      -0.20281      -0.03096 p4_srg_cei_15_r2_315deg
 492     -52.22367     -52.38910    2115.46951       0.00489      -0.20281      -0.03096 p4_srg_cei_15_r2_225deg
 493      52.25661      51.53004    2115.48031       0.00489      -0.20281      -0.03096 p4_srg_cei_15_r2_45deg
 494       0.00110     -73.86038    2115.50263       0.00489      -0.20281      -0.03096 p4_srg_cei_15_r2_270deg
 495     -52.15629      51.85651    2115.52479       0.00489      -0.20281      -0.03096 p4_srg_cei_15_r2_135deg
 496       0.06155      73.15692    2115.53739       0.00489      -0.20280      -0.03096 p4_srg_cei_15_r2_90deg
 497     -34.58384      96.87002    2206.22240       0.00542      -0.19548      -0.03096 p4_bpx_cei_ho_15_01_r6_cone
 498     -34.16081     -97.91107    2206.23777       0.00542      -0.19548      -0.03096 p4_bpx_cei_ip_15_01_r6_cone
 499      41.24766      96.91889    2210.33761       0.00544      -0.19522      -0.03096 p4_bpx_cei_ho_15_01_r6_flat
 500      41.66331     -97.72380    2210.47459       0.00544      -0.19521      -0.03096 p4_bpx_cei_ip_15_01_r6_flat
 501      27.48845      96.93428    2249.97410       0.00560      -0.19302      -0.03096 p4_bpx_cei_ho_15_01_r6_grove
 502      27.84430     -97.71921    2250.08002       0.00560      -0.19302      -0.03096 p4_bpx_cei_ip_15_01_r6_grove
 503      39.64936      97.00223    2332.06019       0.00579      -0.19029      -0.03096 p4_bpx_cei_ho_15_13_r6_cone
 504      39.87722     -97.62757    2332.19517       0.00579      -0.19029      -0.03096 p4_bpx_cei_ip_15_13_r6_cone
 505     -35.18337      96.95429    2345.01951       0.00581      -0.19009      -0.03096 p4_bpx_cei_ho_15_13_r6_grove
 506     -34.96604     -97.74871    2345.03280       0.00581      -0.19009      -0.03096 p4_bpx_cei_ip_15_13_r6_grove
 507     -16.89320      96.98147    2382.77987       0.00583      -0.18984      -0.03096 p4_bpx_cei_ho_15_13_r6_flat
 508     -16.73407     -97.66482    2382.81338       0.00583      -0.18984      -0.03096 p4_bpx_cei_ip_15_13_r6_flat
 509     -15.00000       0.00000      66.10000       0.00000      -0.00000       1.59270 p1_irm_cei_15_s1
 510      15.00000       0.00000      66.10000       0.00000      -0.00000       1.59270 p1_irm_cei_15_l1
 511      15.00000       0.00000    2291.90000       0.00000      -0.00000   -3140.00000 p1_irm_cei_15_s2
 512     -15.00000       0.00000    2291.90000       0.00000      -0.00000   -3140.00000 p1_irm_cei_15_l2
 513     -15.08362       0.00040      66.13789       0.00451      -0.66759       1.60013 p2_irm_cei_15_s1
 514      14.91638       0.00018      66.11786       0.00451      -0.66759       1.60013 p2_irm_cei_15_l1
 515      14.95170      -0.00055    2291.94361      -0.00389       0.23722   -3139.99257 p2_irm_cei_15_s2
 516     -15.04830      -0.00033    2291.93649      -0.00389       0.23722   -3139.99257 p2_irm_cei_15_l2
 517     -14.99011       0.00033      66.08571       0.00247       0.09140       1.59644 p3_irm_cei_15_s1
 518      15.00989       0.00022      66.08845       0.00247       0.09140       1.59644 p3_irm_cei_15_l1
 519      14.98713      -0.00085    2291.90055      -0.00703       0.08153   -3139.99626 p3_irm_cei_15_s2
 520     -15.01287      -0.00074    2291.89811      -0.00703       0.08153   -3139.99626 p3_irm_cei_15_l2
 521     -14.93448      -0.00241      66.06600       0.01440       0.56126       1.56174 p4_irm_cei_15_s1
 522      15.06552      -0.00148      66.08284       0.01440       0.56126       1.56174 p4_irm_cei_15_l1
 523      15.04350      -0.00307    2291.88365       0.00572      -0.19132   -3140.03096 p4_irm_cei_15_s2
 524     -14.95650      -0.00399    2291.88939       0.00572      -0.19132   -3140.03096 p4_irm_cei_15_l2
