   1       0.00000       0.00000     580.80000       0.00000       0.00000       0.00000 p1_aei_16_par_1
   2       0.00000       0.00000    1710.90000      26.08587       0.00000       0.00000 p1_aei_16_par_2
   3       0.00000       0.00000    2382.00000       0.00000       0.00000       0.00000 p1_aei_16_par_3
   4       0.00000       0.00000       0.00000       0.00000       0.00000       0.00000 p1_aei_16
   5     -15.00000       0.00000      66.10000       0.00000      -0.00000   -3141.59261 p1_irm_aei_16_s1_fixed
   6      15.00000       0.00000    2291.90000       0.00000      -0.00000       0.00000 p1_irm_aei_16_s2_fixed
   7      15.00000       0.00000      66.10000       0.00000      -0.00000   -3141.59261 p1_irm_aei_16_l1_fixed
   8     -15.00000       0.00000    2291.90000       0.00000      -0.00000       0.00000 p1_irm_aei_16_l2_fixed
   9     -15.00000       0.00000     478.00000       0.00000      -0.00000       0.00000 p1_irl_aei_16_s1
  10      15.00000       0.00000    1880.00000       0.00000      -0.00000       0.00000 p1_irl_aei_16_s2
  11      15.00000       0.00000     950.50000       0.00000      -0.00000       0.00000 p1_irl_aei_16_l1
  12     -15.00000       0.00000    1407.50000       0.00000      -0.00000       0.00000 p1_irl_aei_16_l2
  13     -15.00000       0.00000     941.20000       0.00000      -0.00000       0.00000 p1_irc_aei_16_s1
  14      15.00000       0.00000    1416.80000       0.00000      -0.00000       0.00000 p1_irc_aei_16_s2
  15      15.00000       0.00000    1398.20000       0.00000      -0.00000       0.00000 p1_irc_aei_16_l1
  16     -15.00000       0.00000     959.80000       0.00000      -0.00000       0.00000 p1_irc_aei_16_l2
  17       0.00000       0.00000       0.00000       0.00000      -0.00000       0.00000 p1_irt_aei_16_r1
  18       0.00000       0.00000     397.00000       0.00000      -0.00000       0.00000 p1_irt_aei_16_r2
  19       0.00000       0.00000     794.00000       0.00000      -0.00000       0.00000 p1_irt_aei_16_r3
  20       0.00000       0.00000    1191.00000       0.00000      -0.00000       0.00000 p1_irt_aei_16_r4
  21       0.00000       0.00000    1588.00000       0.00000      -0.00000       0.00000 p1_irt_aei_16_r5
  22       0.00000       0.00000    1985.00000       0.00000      -0.00000       0.00000 p1_irt_aei_16_r6
  23       0.00000       0.00000    2382.00000       0.00000      -0.00000       0.00000 p1_irt_aei_16_r7
  24     -34.03550     -97.63250      18.88810       0.00000      -0.00000       0.00000 p1_bpx_aei_ip_16_02_r1_cone
  25     -33.79490      96.73500      19.10870       0.00000      -0.00000       0.00000 p1_bpx_aei_ho_16_02_r1_cone
  26      41.15250     -97.75580      29.53760       0.00000      -0.00000       0.00000 p1_bpx_aei_ip_16_02_r1_flat
  27      41.39000      96.62180      29.73130       0.00000      -0.00000       0.00000 p1_bpx_aei_ho_16_02_r1_flat
  28      24.03120     -97.74430      67.83440       0.00000      -0.00000       0.00000 p1_bpx_aei_ip_16_02_r1_grove
  29      24.27810      96.59520      68.02930       0.00000      -0.00000       0.00000 p1_bpx_aei_ho_16_02_r1_grove
  30      35.04570     -97.79410     109.31820       0.00000      -0.00000       0.00000 p1_bpx_aei_ip_16_14_r1_cone
  31      35.30900      96.52920     109.50920       0.00000      -0.00000       0.00000 p1_bpx_aei_ho_16_14_r1_cone
  32     -40.62200     -97.69830     115.77550       0.00000      -0.00000       0.00000 p1_bpx_aei_ip_16_14_r1_grove
  33     -40.34630      96.65380     115.99230       0.00000      -0.00000       0.00000 p1_bpx_aei_ho_16_14_r1_grove
  34     -25.64470     -97.72950     154.96500       0.00000      -0.00000       0.00000 p1_bpx_aei_ip_16_14_r1_flat
  35     -25.35990      96.56260     155.17550       0.00000      -0.00000       0.00000 p1_bpx_aei_ho_16_14_r1_flat
  36      37.19800    -173.01250     194.83940       0.00000      -0.00000       0.00000 p1_baz_aei_16_01_r1_flat
  36      37.19800    -173.01250     194.83940       0.00000      -0.00000       0.00000 p1_baz_aei_16_15_r1_flat
  37     -32.82390    -172.97490     224.25120       0.00000      -0.00000       0.00000 p1_baz_aei_16_01_r1_cone
  37     -32.82390    -172.97490     224.25120       0.00000      -0.00000       0.00000 p1_baz_aei_16_15_r1_cone
  38      42.13140    -173.04300     236.49910       0.00000      -0.00000       0.00000  p1_baz_aei_16_01_r1_grove
  38      42.13140    -173.04300     236.49910       0.00000      -0.00000       0.00000  p1_baz_aei_16_15_r1_grove
  39     -52.48700      50.96030     282.28420       0.00000      -0.00000       0.00000 p1_srg_aei_16_r1_135deg
  40     -55.36890       0.00000     282.38980       0.00000      -0.00000       0.00000 p1_srg_aei_16_r1_rear
  41     -52.18180     -52.24700     282.40280       0.00000      -0.00000       0.00000 p1_srg_aei_16_r1_225deg
  42      -0.41510      72.92340     282.41690       0.00000      -0.00000       0.00000 p1_srg_aei_16_r1_90deg
  43       0.01400     -73.93450     282.50090       0.00000      -0.00000       0.00000 p1_srg_aei_16_r1_270deg
  44      52.26760     -52.27220     282.57710       0.00000      -0.00000       0.00000 p1_srg_aei_16_r1_315deg
  45      55.45650       0.00000     282.60000       0.00000      -0.00000       0.00000 p1_srg_aei_16_r1_front
  46      51.92900      51.70720     282.60190       0.00000      -0.00000       0.00000 p1_srg_aei_16_r1_45deg
  47     -28.11020     -97.43130     335.87900       0.00000      -0.00000       0.00000 p1_bpx_aei_ip_16_02_r2_cone
  48     -27.76210      96.85160     336.36080       0.00000      -0.00000       0.00000 p1_bpx_aei_ho_16_02_r2_cone
  49      47.17750     -97.52400     345.77000       0.00000      -0.00000       0.00000 p1_bpx_aei_ip_16_02_r2_flat
  50      47.52840      96.63920     346.26730       0.00000      -0.00000       0.00000 p1_bpx_aei_ho_16_02_r2_flat
  51      30.43980     -97.53150     384.24140       0.00000      -0.00000       0.00000 p1_bpx_aei_ip_16_02_r2_grove
  52      30.78920      96.63830     384.72130       0.00000      -0.00000       0.00000 p1_bpx_aei_ho_16_02_r2_grove
  53      46.34550     -97.61850     429.91040       0.00000      -0.00000       0.00000 p1_bpx_aei_ip_16_14_r2_cone
  54      46.67720      96.58750     430.39700       0.00000      -0.00000       0.00000 p1_bpx_aei_ho_16_14_r2_cone
  55     -29.23870     -97.53700     437.12860       0.00000      -0.00000       0.00000 p1_bpx_aei_ip_16_14_r2_grove
  56     -28.89640      96.75210     437.60910       0.00000      -0.00000       0.00000 p1_bpx_aei_ho_16_14_r2_grove
  57     -13.88750     -97.57640     476.16390       0.00000      -0.00000       0.00000 p1_bpx_aei_ip_16_14_r2_flat
  58     -13.54600      96.64800     476.64660       0.00000      -0.00000       0.00000 p1_bpx_aei_ho_16_14_r2_flat
  59      -0.58710     -45.53820     560.84740       0.00000      -0.00000       0.00000 p1_slm_aei_16_surf_r2
  60     -52.05500      51.51470     747.58340       0.00000      -0.00000       0.00000 p1_srg_aei_16_r2_135deg
  61       0.25740      72.77570     747.58780       0.00000      -0.00000       0.00000 p1_srg_aei_16_r2_90deg
  62      52.40370      51.01950     747.62590       0.00000      -0.00000       0.00000 p1_srg_aei_16_r2_45deg
  63     -55.56780      -0.03230     747.75670       0.00000      -0.00000       0.00000 p1_srg_aei_16_r2_rear
  64     -52.30850     -52.29000     747.78280       0.00000      -0.00000       0.00000 p1_srg_aei_16_r2_225deg
  65      55.42860      -0.09930     747.79140       0.00000      -0.00000       0.00000 p1_srg_aei_16_r2_front
  66      -0.14140     -73.91620     747.81800       0.00000      -0.00000       0.00000 p1_srg_aei_16_r2_270deg
  67      52.08880     -52.36240     747.82650       0.00000      -0.00000       0.00000 p1_srg_aei_16_r2_315deg
  68     193.48490     -33.13250     928.81040       0.00000      -0.00000       0.00000 p1_bpl_aei_16_r1_grove
  69     195.99650      39.83910     949.66360       0.00000      -0.00000       0.00000 p1_bpl_aei_16_r1_cone
  70     197.90640     -33.15940     970.50420       0.00000      -0.00000       0.00000 p1_bpl_aei_16_r1_flat
  71     -47.40970     -97.45650    1034.65780       0.00000      -0.00000       0.00000 p1_bpx_aei_ip_16_02_r3_cone
  72     -47.00760      96.84130    1034.87050       0.00000      -0.00000       0.00000 p1_bpx_aei_ho_16_02_r3_cone
  73      27.82190     -97.57900    1044.93920       0.00000      -0.00000       0.00000 p1_bpx_aei_ip_16_02_r3_flat
  74      28.23470      96.63310    1045.14380       0.00000      -0.00000       0.00000 p1_bpx_aei_ho_16_02_r3_flat
  75      10.88570     -97.59620    1083.32080       0.00000      -0.00000       0.00000 p1_bpx_aei_ip_16_02_r3_grove
  76      11.30250      96.64930    1083.52530       0.00000      -0.00000       0.00000 p1_bpx_aei_ho_16_02_r3_grove
  77      28.80080     -97.68590    1118.00150       0.00000      -0.00000       0.00000 p1_bpx_aei_ip_16_14_r3_cone
  78      29.22370      96.58880    1118.20470       0.00000      -0.00000       0.00000 p1_bpx_aei_ho_16_14_r3_cone
  79     -46.82590     -97.58400    1124.82380       0.00000      -0.00000       0.00000 p1_bpx_aei_ip_16_14_r3_grove
  80     -46.40100      96.82340    1125.03370       0.00000      -0.00000       0.00000 p1_bpx_aei_ho_16_14_r3_grove
  81     -31.66280     -97.64590    1163.93880       0.00000      -0.00000       0.00000 p1_bpx_aei_ip_16_14_r3_flat
  82     -31.23300      96.75740    1164.13280       0.00000      -0.00000       0.00000 p1_bpx_aei_ho_16_14_r3_flat
  83      55.27630      -0.01780    1179.26050       0.00000      -0.00000       0.00000 p1_mid_aei_16_front
  84     -44.36250     -97.63360    1367.59290       0.00000      -0.00000       0.00000 p1_bpx_aei_ip_16_02_r4_cone
  85     -44.12560      96.84100    1368.02000       0.00000      -0.00000       0.00000 p1_bpx_aei_ho_16_02_r4_cone
  86      30.89440     -97.70950    1377.78130       0.00000      -0.00000       0.00000 p1_bpx_aei_ip_16_02_r4_flat
  87      31.12990      96.62550    1378.14870       0.00000      -0.00000       0.00000 p1_bpx_aei_ho_16_02_r4_flat
  88      14.00400     -97.66310    1416.18250       0.00000      -0.00000       0.00000 p1_bpx_aei_ip_16_02_r4_grove
  89      14.27520      96.58600    1416.56290       0.00000      -0.00000       0.00000 p1_bpx_aei_ho_16_02_r4_grove
  90      45.43170     -97.71070    1445.23310       0.00000      -0.00000       0.00000 p1_bpx_aei_ip_16_14_r4_cone
  91      45.72050      96.50120    1445.58220       0.00000      -0.00000       0.00000 p1_bpx_aei_ho_16_14_r4_cone
  92     -30.18520     -97.66220    1452.14010       0.00000      -0.00000       0.00000 p1_bpx_aei_ip_16_14_r4_grove
  93     -29.88460      96.64440    1452.55620       0.00000      -0.00000       0.00000 p1_bpx_aei_ho_16_14_r4_grove
  94     -14.97590     -97.65360    1491.23550       0.00000      -0.00000       0.00000 p1_bpx_aei_ip_16_14_r4_flat
  95     -14.64970      96.51420    1491.64240       0.00000      -0.00000       0.00000 p1_bpx_aei_ho_16_14_r4_flat
  96      32.64950    -210.44240    1532.16130       0.00000      -0.00000       0.00000 p1_baz_aei_16_15_r2_flat
  96      32.64950    -210.44240    1532.16130       0.00000      -0.00000       0.00000 p1_baz_aei_16_14_r2_flat
  97     -43.28760    -210.38260    1532.64690       0.00000      -0.00000       0.00000 p1_baz_aei_16_15_r2_cone
  97     -43.28760    -210.38260    1532.64690       0.00000      -0.00000       0.00000 p1_baz_aei_16_14_r2_cone
  98      21.32310    -210.37960    1572.54460       0.00000      -0.00000       0.00000  p1_baz_aei_16_15_r2_grove
  98      21.32310    -210.37960    1572.54460       0.00000      -0.00000       0.00000  p1_baz_aei_16_14_r2_grove
  99     -37.09320     -22.45450    1690.41930       0.00000      -0.00000       0.00000 p1_gim_aei_16_surf_r2
 100      52.38550     -52.14990    1825.52580       0.00000      -0.00000       0.00000 p1_srg_aei_16_r3_315deg
 101      55.45650       0.00000    1825.54130       0.00000      -0.00000       0.00000 p1_srg_aei_16_r3_front
 102     -52.15810     -52.17170    1825.54940       0.00000      -0.00000       0.00000 p1_srg_aei_16_r3_225deg
 103       0.03970     -73.82800    1825.56450       0.00000      -0.00000       0.00000 p1_srg_aei_16_r3_270deg
 104     -55.32620       0.09610    1825.57460       0.00000      -0.00000       0.00000 p1_srg_aei_16_r3_rear
 105      52.74380      50.80150    1825.65460       0.00000      -0.00000       0.00000 p1_srg_aei_16_r3_45deg
 106       0.80430      72.95690    1825.69060       0.00000      -0.00000       0.00000 p1_srg_aei_16_r3_90deg
 107     -51.62010      51.78790    1825.76400       0.00000      -0.00000       0.00000 p1_srg_aei_16_r3_135deg
 108      29.80990     -97.60770    1894.60820       0.00000      -0.00000       0.00000 p1_bpx_aei_ip_16_14_r5_cone
 109      30.09560      96.62250    1894.65760       0.00000      -0.00000       0.00000 p1_bpx_aei_ho_16_14_r5_cone
 110     -46.05700     -97.54970    1897.98150       0.00000      -0.00000       0.00000 p1_bpx_aei_ip_16_14_r5_grove
 111     -45.76520      96.80770    1898.03220       0.00000      -0.00000       0.00000 p1_bpx_aei_ho_16_14_r5_grove
 112     -32.68430     -97.55450    1937.75360       0.00000      -0.00000       0.00000 p1_bpx_aei_ip_16_14_r5_flat
 113     -32.39470      96.74920    1937.79430       0.00000      -0.00000       0.00000 p1_bpx_aei_ho_16_14_r5_flat
 114     -43.92660     -97.55700    1978.62330       0.00000      -0.00000       0.00000 p1_bpx_aei_ip_16_02_r5_cone
 115     -43.63860      96.76760    1978.66350       0.00000      -0.00000       0.00000 p1_bpx_aei_ho_16_02_r5_cone
 116      30.76210     -97.61750    1992.30870       0.00000      -0.00000       0.00000 p1_bpx_aei_ip_16_02_r5_flat
 117      31.04280      96.56500    1992.35620       0.00000      -0.00000       0.00000 p1_bpx_aei_ho_16_02_r5_flat
 118      12.10350     -97.59690    2029.87520       0.00000      -0.00000       0.00000 p1_bpx_aei_ip_16_02_r5_grove
 119      12.38630      96.56880    2029.92410       0.00000      -0.00000       0.00000 p1_bpx_aei_ho_16_02_r5_grove
 120      44.06810    -210.34280    2055.76940       0.00000      -0.00000       0.00000 p1_baz_aei_16_01_r2_cone
 120      44.06810    -210.34280    2055.76940       0.00000      -0.00000       0.00000 p1_baz_aei_16_02_r2_cone
 121     -29.83090    -210.21570    2073.25960       0.00000      -0.00000       0.00000  p1_baz_aei_16_01_r2_grove
 121     -29.83090    -210.21570    2073.25960       0.00000      -0.00000       0.00000  p1_baz_aei_16_02_r2_grove
 122      -9.27360    -210.22490    2109.81570       0.00000      -0.00000       0.00000 p1_baz_aei_16_01_r2_flat
 122      -9.27360    -210.22490    2109.81570       0.00000      -0.00000       0.00000 p1_baz_aei_16_02_r2_flat
 123     -84.83330     -97.40910    2208.26130       0.00000      -0.00000       0.00000 p1_bpx_aei_ip_16_02_r6_cone
 124     -84.47480      97.06470    2208.51040       0.00000      -0.00000       0.00000 p1_bpx_aei_ho_16_02_r6_cone
 125      -9.68290     -97.43340    2219.13230       0.00000      -0.00000       0.00000 p1_bpx_aei_ip_16_02_r6_flat
 126      -9.37610      96.83280    2219.40560       0.00000      -0.00000       0.00000 p1_bpx_aei_ho_16_02_r6_flat
 127      84.99370     -97.61290    2236.21740       0.00000      -0.00000       0.00000 p1_bpx_aei_ip_16_14_r6_cone
 128      85.32050      96.65530    2236.50140       0.00000      -0.00000       0.00000 p1_bpx_aei_ho_16_14_r6_cone
 129       9.31220     -97.45110    2242.45200       0.00000      -0.00000       0.00000 p1_bpx_aei_ip_16_14_r6_grove
 130       9.62510      96.78530    2242.70360       0.00000      -0.00000       0.00000 p1_bpx_aei_ho_16_14_r6_grove
 131     -26.91130     -97.45400    2257.38300       0.00000      -0.00000       0.00000 p1_bpx_aei_ip_16_02_r6_grove
 132     -26.57520      96.87210    2257.61170       0.00000      -0.00000       0.00000 p1_bpx_aei_ho_16_02_r6_grove
 133      24.15760     -97.49000    2281.68540       0.00000      -0.00000       0.00000 p1_bpx_aei_ip_16_14_r6_flat
 134      24.41730      96.74420    2282.00900       0.00000      -0.00000       0.00000 p1_bpx_aei_ho_16_14_r6_flat
 135    -114.47090    -149.43940    2311.29370       0.00000      -0.00000       0.00000 p1_bbi_aei_16_15_cone
 136    -110.71150     -73.64330    2311.38980       0.00000      -0.00000       0.00000 p1_bbi_aei_16_15_flat
 137     -71.07200     -87.22800    2312.99560       0.00000      -0.00000       0.00000 p1_bbi_aei_16_15_grove
 138     -42.68740     -88.78330    2314.13290       0.00000      -0.00000       0.00000 p1_bbi_aei_16_01_grove
 139      -2.88180     -75.36940    2315.74950       0.00000      -0.00000       0.00000 p1_bbi_aei_16_01_flat
 140       0.55620    -151.27630    2315.91960       0.00000      -0.00000       0.00000 p1_bbi_aei_16_01_cone
 141     483.94150    -108.28010    2319.42530       0.00000      -0.00000       0.00000 p1_bpl_aei_16_r2_grove
 142    -506.45830     -95.27370    2336.41040       0.00000      -0.00000       0.00000 p1_bbe_aei_16_15_flat
 143    -484.80650     -22.49200    2336.81680       0.00000      -0.00000       0.00000 p1_bbe_aei_16_15_cone
 144    -464.53970     -95.66430    2338.15810       0.00000      -0.00000       0.00000 p1_bbe_aei_16_15_grove
 145     448.69940    -115.97320    2340.79670       0.00000      -0.00000       0.00000 p1_bpl_aei_16_r2_flat
 146     468.15300     -44.48830    2357.46720       0.00000      -0.00000       0.00000 p1_bpl_aei_16_r2_cone
 147     325.33790     -97.69170    2373.06150       0.00000      -0.00000       0.00000 p1_bbe_aei_16_01_flat
 148     345.99090     -24.61270    2373.62590       0.00000      -0.00000       0.00000 p1_bbe_aei_16_01_cone
 149     367.23760     -97.50730    2375.03270       0.00000      -0.00000       0.00000 p1_bbe_aei_16_01_grove
 150       0.38704      -0.00417     580.80000       0.00000       0.00000       0.00000 p2_aei_16_par_1
 151       0.26687      -0.00967    1710.90000      26.08587       0.00000       0.00000 p2_aei_16_par_2
 152       0.02058      -0.00344    2382.00000     273.95505       0.59414       0.00001 p2_aei_16_par_3
 153       0.10810       0.00194       0.01648      -0.00019       0.06189       0.01173 p2_aei_16
 154     -15.07775       0.00139      66.12183       0.00046      -0.35898   -3141.58088 p2_irm_aei_16_s1_fixed
 155      14.98036       0.00095    2291.91927       0.00011       0.04329       0.01173 p2_irm_aei_16_s2_fixed
 156      14.92225       0.00103      66.11106       0.00046      -0.35898   -3141.58088 p2_irm_aei_16_l1_fixed
 157     -15.01964       0.00130    2291.91797       0.00011       0.04329       0.01173 p2_irm_aei_16_l2_fixed
 158     -14.94581       0.00175     478.01978       0.00191      -0.22478       0.01173 p2_irl_aei_16_s1
 159      14.99717       0.00108    1880.01829      -0.00126       0.03505       0.01173 p2_irl_aei_16_s2
 160      15.05947       0.00298     950.51839       0.00254       0.11907       0.01173 p2_irl_aei_16_l1
 161     -14.98788       0.00301    1407.51617      -0.00368       0.05835       0.01173 p2_irl_aei_16_l2
 162     -14.93943       0.00330     941.21483       0.00265       0.11758       0.01173 p2_irc_aei_16_s1
 163      15.01159       0.00262    1416.81790      -0.00376       0.05613       0.01173 p2_irc_aei_16_s2
 164      15.01268       0.00269    1398.21794      -0.00360       0.06059       0.01173 p2_irc_aei_16_l1
 165     -14.94164       0.00335     959.81480       0.00243       0.12039       0.01173 p2_irc_aei_16_l2
 166      -0.10150       0.00118       0.01647       0.00046      -0.35934       0.01173 p2_irt_aei_16_r1
 167       0.03351       0.00145     397.01640       0.00129      -0.28225       0.01173 p2_irt_aei_16_r2
 168       0.07483       0.00263     794.01651       0.00389       0.06737       0.01173 p2_irt_aei_16_r3
 169       0.03043       0.00336    1191.01680      -0.00094       0.10887       0.01173 p2_irt_aei_16_r4
 170       0.00497       0.00209    1588.01729      -0.00427       0.02510       0.01173 p2_irt_aei_16_r5
 171      -0.00675       0.00116    1985.01796      -0.00056       0.03924       0.01173 p2_irt_aei_16_r6
 172      -0.02355       0.00114    2382.01884       0.00012       0.04334       0.01173 p2_irt_aei_16_r7
 173     -34.03217     -97.63171      18.88670       0.00046      -0.35933       0.01173 p2_bpx_aei_ip_16_02_r1_cone
 174     -33.79371      96.73378      19.10692       0.00046      -0.35933       0.01173 p2_bpx_aei_ho_16_02_r1_cone
 175      41.15367     -97.75539      29.53918       0.00046      -0.35931       0.01173 p2_bpx_aei_ip_16_02_r1_flat
 176      41.39322      96.62191      29.73230       0.00046      -0.35931       0.01173 p2_bpx_aei_ho_16_02_r1_flat
 177      24.03302     -97.74267      67.83453       0.00046      -0.35896       0.01173 p2_bpx_aei_ip_16_02_r1_grove
 178      24.27967      96.59443      68.02895       0.00047      -0.35895       0.01173 p2_bpx_aei_ho_16_02_r1_grove
 179      35.04539     -97.79238     109.31792       0.00048      -0.35773       0.01173 p2_bpx_aei_ip_16_14_r1_cone
 180      35.31044      96.52762     109.51033       0.00048      -0.35772       0.01173 p2_bpx_aei_ho_16_14_r1_cone
 181     -40.61961     -97.69829     115.77517       0.00048      -0.35743       0.01173 p2_bpx_aei_ip_16_14_r1_grove
 182     -40.34455      96.65111     115.98878       0.00048      -0.35742       0.01173 p2_bpx_aei_ho_16_14_r1_grove
 183     -25.64645     -97.73495     154.96455       0.00051      -0.35476       0.01173 p2_bpx_aei_ip_16_14_r1_flat
 184     -25.36099      96.56375     155.17515       0.00051      -0.35474       0.01173 p2_bpx_aei_ho_16_14_r1_flat
 185      37.19724    -173.00686     194.84017       0.00056      -0.35023       0.01173 p2_baz_aei_16_01_r1_flat
 185      37.19724    -173.00686     194.84017       0.00056      -0.35023       0.01173 p2_baz_aei_16_15_r1_flat
 186     -32.82663    -172.97442     224.25124       0.00061      -0.34545       0.01173 p2_baz_aei_16_01_r1_cone
 186     -32.82663    -172.97442     224.25124       0.00061      -0.34545       0.01173 p2_baz_aei_16_15_r1_cone
 187      42.12889    -173.04430     236.50026       0.00064      -0.34304       0.01173  p2_baz_aei_16_01_r1_grove
 187      42.12889    -173.04430     236.50026       0.00064      -0.34304       0.01173  p2_baz_aei_16_15_r1_grove
 188     -52.49113      50.95865     282.28497       0.00076      -0.33164       0.01173 p2_srg_aei_16_r1_135deg
 189     -55.37219       0.00198     282.38996       0.00076      -0.33161       0.01173 p2_srg_aei_16_r1_rear
 190     -52.18620     -52.24426     282.40454       0.00076      -0.33160       0.01173 p2_srg_aei_16_r1_225deg
 191      -0.41922      72.92294     282.41798       0.00076      -0.33159       0.01173 p2_srg_aei_16_r1_90deg
 192       0.01078     -73.93347     282.50325       0.00076      -0.33157       0.01173 p2_srg_aei_16_r1_270deg
 193      52.26447     -52.27178     282.57791       0.00076      -0.33154       0.01173 p2_srg_aei_16_r1_315deg
 194      55.45459       0.00068     282.59801       0.00076      -0.33153       0.01173 p2_srg_aei_16_r1_front
 195      51.92490      51.70792     282.60084       0.00076      -0.33153       0.01173 p2_srg_aei_16_r1_45deg
 196     -28.11467     -97.42539     335.88349       0.00096      -0.31266       0.01173 p2_bpx_aei_ip_16_02_r2_cone
 197     -27.76354      96.84910     336.36168       0.00097      -0.31246       0.01173 p2_bpx_aei_ho_16_02_r2_cone
 198      47.17461     -97.52057     345.76955       0.00101      -0.30841       0.01173 p2_bpx_aei_ip_16_02_r2_flat
 199      47.52664      96.63823     346.26526       0.00101      -0.30819       0.01173 p2_bpx_aei_ho_16_02_r2_flat
 200      30.43702     -97.53353     384.24031       0.00121      -0.28945       0.01173 p2_bpx_aei_ip_16_02_r2_grove
 201      30.78943      96.64017     384.72128       0.00122      -0.28919       0.01173 p2_bpx_aei_ho_16_02_r2_grove
 202      46.34142     -97.61435     429.90914       0.00152      -0.26144       0.01173 p2_bpx_aei_ip_16_14_r2_cone
 203      46.67642      96.58805     430.39888       0.00152      -0.26111       0.01173 p2_bpx_aei_ho_16_14_r2_cone
 204     -29.24342     -97.53925     437.12646       0.00157      -0.25644       0.01173 p2_bpx_aei_ip_16_14_r2_grove
 205     -28.89721      96.75234     437.60946       0.00157      -0.25610       0.01173 p2_bpx_aei_ho_16_14_r2_grove
 206     -13.88788     -97.57747     476.16375       0.00190      -0.22634       0.01173 p2_bpx_aei_ip_16_14_r2_flat
 207     -13.54709      96.64473     476.64690       0.00190      -0.22593       0.01173 p2_bpx_aei_ho_16_14_r2_flat
 208      -0.51798     -45.53643     560.84763       0.00281      -0.14200       0.01173 p2_slm_aei_16_surf_r2
 209     -52.05255      51.51646     747.58221       0.00402       0.03963       0.01173 p2_srg_aei_16_r2_135deg
 210       0.26230      72.77885     747.58710       0.00402       0.03963       0.01173 p2_srg_aei_16_r2_90deg
 211      52.40854      51.02044     747.62586       0.00402       0.03965       0.01173 p2_srg_aei_16_r2_45deg
 212     -55.56537      -0.03480     747.75958       0.00402       0.03975       0.01173 p2_srg_aei_16_r2_rear
 213     -52.30538     -52.29233     747.78591       0.00402       0.03976       0.01173 p2_srg_aei_16_r2_225deg
 214      55.43213      -0.10230     747.79219       0.00402       0.03977       0.01173 p2_srg_aei_16_r2_front
 215      -0.13613     -73.91325     747.82108       0.00402       0.03979       0.01173 p2_srg_aei_16_r2_270deg
 216      52.09262     -52.36366     747.83097       0.00402       0.03979       0.01173 p2_srg_aei_16_r2_315deg
 217     193.48953     -33.13347     928.81228       0.00280       0.11530       0.01173 p2_bpl_aei_16_r1_grove
 218     195.99694      39.83865     949.66790       0.00255       0.11894       0.01173 p2_bpl_aei_16_r1_cone
 219     197.91238     -33.16032     970.50707       0.00229       0.12170       0.01173 p2_bpl_aei_16_r1_flat
 220     -47.40754     -97.46122    1034.65676       0.00142       0.12517       0.01173 p2_bpx_aei_ip_16_02_r3_cone
 221     -47.00418      96.83937    1034.86954       0.00142       0.12517       0.01173 p2_bpx_aei_ho_16_02_r3_cone
 222      27.82508     -97.57999    1044.94137       0.00127       0.12508       0.01173 p2_bpx_aei_ip_16_02_r3_flat
 223      28.23743      96.63250    1045.14478       0.00127       0.12508       0.01173 p2_bpx_aei_ho_16_02_r3_flat
 224      10.88800     -97.59465    1083.32051       0.00070       0.12335       0.01173 p2_bpx_aei_ip_16_02_r3_grove
 225      11.30425      96.64794    1083.52453       0.00070       0.12334       0.01173 p2_bpx_aei_ho_16_02_r3_grove
 226      28.80307     -97.68225    1118.00181       0.00018       0.12009       0.01173 p2_bpx_aei_ip_16_14_r3_cone
 227      29.22523      96.58745    1118.20352       0.00017       0.12006       0.01173 p2_bpx_aei_ho_16_14_r3_cone
 228     -46.82294     -97.58636    1124.82456       0.00007       0.11927       0.01173 p2_bpx_aei_ip_16_14_r3_grove
 229     -46.39829      96.82523    1125.03210       0.00007       0.11924       0.01173 p2_bpx_aei_ho_16_14_r3_grove
 230     -31.66090     -97.64165    1163.93922      -0.00053       0.11363       0.01173 p2_bpx_aei_ip_16_14_r3_flat
 231     -31.23154      96.75595    1164.13098      -0.00053       0.11360       0.01173 p2_bpx_aei_ho_16_14_r3_flat
 232      55.27672      -0.01858    1179.26162      -0.00076       0.11102       0.01173 p2_mid_aei_16_front
 233     -44.36690     -97.63281    1367.59095      -0.00329       0.06811       0.01173 p2_bpx_aei_ip_16_02_r4_cone
 234     -44.12735      96.83349    1368.01951      -0.00330       0.06801       0.01173 p2_bpx_aei_ho_16_02_r4_cone
 235      30.89082     -97.70372    1377.78160      -0.00340       0.06559       0.01173 p2_bpx_aei_ip_16_02_r4_flat
 236      31.12747      96.62397    1378.15017      -0.00340       0.06550       0.01173 p2_bpx_aei_ho_16_02_r4_flat
 237      14.00108     -97.66226    1416.18267      -0.00375       0.05628       0.01173 p2_bpx_aei_ip_16_02_r4_grove
 238      14.27264      96.58343    1416.56342      -0.00376       0.05619       0.01173 p2_bpx_aei_ho_16_02_r4_grove
 239      45.42794     -97.71014    1445.23305      -0.00397       0.04957       0.01173 p2_bpx_aei_ip_16_14_r4_cone
 240      45.71630      96.50185    1445.58324      -0.00397       0.04949       0.01173 p2_bpx_aei_ho_16_14_r4_cone
 241     -30.18959     -97.65898    1452.13846      -0.00402       0.04803       0.01173 p2_bpx_aei_ip_16_14_r4_grove
 242     -29.88773      96.64291    1452.55686      -0.00402       0.04794       0.01173 p2_bpx_aei_ho_16_14_r4_grove
 243     -14.98011     -97.65362    1491.23704      -0.00422       0.03986       0.01173 p2_bpx_aei_ip_16_14_r4_flat
 244     -14.65305      96.51457    1491.64397      -0.00422       0.03978       0.01173 p2_bpx_aei_ho_16_14_r4_flat
 245      32.64679    -210.44066    1532.15976      -0.00432       0.03251       0.01173 p2_baz_aei_16_15_r2_flat
 245      32.64679    -210.44066    1532.15976      -0.00432       0.03251       0.01173 p2_baz_aei_16_14_r2_flat
 246     -43.28882    -210.38057    1532.64699      -0.00432       0.03243       0.01173 p2_baz_aei_16_15_r2_cone
 246     -43.28882    -210.38057    1532.64699      -0.00432       0.03243       0.01173 p2_baz_aei_16_14_r2_cone
 247      21.31920    -210.37610    1572.54213      -0.00431       0.02680       0.01173  p2_baz_aei_16_15_r2_grove
 247      21.31920    -210.37610    1572.54213      -0.00431       0.02680       0.01173  p2_baz_aei_16_14_r2_grove
 248     -37.09068     -22.45178    1690.41954      -0.00347       0.02211       0.01173 p2_gim_aei_16_surf_r2
 249      52.38619     -52.14918    1825.52546      -0.00177       0.03205       0.01173 p2_srg_aei_16_r3_315deg
 250      55.45550       0.00068    1825.53925      -0.00177       0.03205       0.01173 p2_srg_aei_16_r3_front
 251     -52.15731     -52.17395    1825.54970      -0.00177       0.03205       0.01173 p2_srg_aei_16_r3_225deg
 252       0.04193     -73.82917    1825.56304      -0.00177       0.03205       0.01173 p2_srg_aei_16_r3_270deg
 253     -55.32400       0.09678    1825.57520      -0.00177       0.03205       0.01173 p2_srg_aei_16_r3_rear
 254      52.74339      50.79971    1825.65445      -0.00176       0.03206       0.01173 p2_srg_aei_16_r3_45deg
 255       0.80535      72.95492    1825.68922      -0.00176       0.03206       0.01173 p2_srg_aei_16_r3_90deg
 256     -51.62020      51.78614    1825.76301      -0.00176       0.03207       0.01173 p2_srg_aei_16_r3_135deg
 257      29.81031     -97.60572    1894.60735      -0.00115       0.03575       0.01173 p2_bpx_aei_ip_16_14_r5_cone
 258      30.09749      96.61958    1894.65488      -0.00115       0.03576       0.01173 p2_bpx_aei_ho_16_14_r5_cone
 259     -46.05491     -97.54393    1897.98164      -0.00112       0.03591       0.01173 p2_bpx_aei_ip_16_14_r5_grove
 260     -45.75903      96.80807    1898.03046      -0.00112       0.03591       0.01173 p2_bpx_aei_ho_16_14_r5_grove
 261     -32.68107     -97.55433    1937.75386      -0.00084       0.03760       0.01173 p2_bpx_aei_ip_16_14_r5_flat
 262     -32.39200      96.75107    1937.79414      -0.00084       0.03760       0.01173 p2_bpx_aei_ho_16_14_r5_flat
 263     -43.92764     -97.55632    1978.62258      -0.00060       0.03904       0.01173 p2_bpx_aei_ip_16_02_r5_cone
 264     -43.63636      96.77117    1978.66281      -0.00060       0.03904       0.01173 p2_bpx_aei_ho_16_02_r5_cone
 265      30.76452     -97.61661    1992.31034      -0.00053       0.03946       0.01173 p2_bpx_aei_ip_16_02_r5_flat
 266      31.04590      96.56759    1992.35605      -0.00053       0.03946       0.01173 p2_bpx_aei_ho_16_02_r5_flat
 267      12.10442     -97.59980    2029.87921      -0.00036       0.04048       0.01173 p2_bpx_aei_ip_16_02_r5_grove
 268      12.38769      96.56349    2029.92209      -0.00036       0.04048       0.01173 p2_bpx_aei_ho_16_02_r5_grove
 269      44.06994    -210.33829    2055.77106      -0.00026       0.04107       0.01173 p2_baz_aei_16_01_r2_cone
 269      44.06994    -210.33829    2055.77106      -0.00026       0.04107       0.01173 p2_baz_aei_16_02_r2_cone
 270     -29.82968    -210.22232    2073.26016      -0.00020       0.04141       0.01173  p2_baz_aei_16_01_r2_grove
 270     -29.82968    -210.22232    2073.26016      -0.00020       0.04141       0.01173  p2_baz_aei_16_02_r2_grove
 271      -9.27290    -210.22117    2109.81661      -0.00010       0.04202       0.01173 p2_baz_aei_16_01_r2_flat
 271      -9.27290    -210.22117    2109.81661      -0.00010       0.04202       0.01173 p2_baz_aei_16_02_r2_flat
 272     -84.83447     -97.41158    2208.26209       0.00006       0.04300       0.01173 p2_bpx_aei_ip_16_02_r6_cone
 273     -84.46960      97.06651    2208.50869       0.00006       0.04300       0.01173 p2_bpx_aei_ho_16_02_r6_cone
 274      -9.68364     -97.43107    2219.13215       0.00007       0.04306       0.01173 p2_bpx_aei_ip_16_02_r6_flat
 275      -9.37467      96.83773    2219.40525       0.00007       0.04306       0.01173 p2_bpx_aei_ho_16_02_r6_flat
 276      84.99642     -97.61437    2236.21787       0.00009       0.04314       0.01173 p2_bpx_aei_ip_16_14_r6_cone
 277      85.32219      96.65422    2236.50037       0.00009       0.04314       0.01173 p2_bpx_aei_ho_16_14_r6_cone
 278       9.30975     -97.46029    2242.45292       0.00009       0.04316       0.01173 p2_bpx_aei_ip_16_14_r6_grove
 279       9.62402      96.77961    2242.70232       0.00009       0.04316       0.01173 p2_bpx_aei_ho_16_14_r6_grove
 280     -26.91209     -97.45546    2257.38449       0.00010       0.04321       0.01173 p2_bpx_aei_ip_16_02_r6_grove
 281     -26.57352      96.86354    2257.60718       0.00010       0.04321       0.01173 p2_bpx_aei_ho_16_02_r6_grove
 282      24.15776     -97.49886    2281.68095       0.00011       0.04327       0.01173 p2_bpx_aei_ip_16_14_r6_flat
 283      24.41622      96.74044    2282.00734       0.00011       0.04327       0.01173 p2_bpx_aei_ho_16_14_r6_flat
 284    -114.47123    -149.43933    2311.29423       0.00012       0.04332       0.01173 p2_bbi_aei_16_15_cone
 285    -110.71215     -73.64057    2311.38828       0.00012       0.04332       0.01173 p2_bbi_aei_16_15_flat
 286     -71.07328     -87.22454    2312.99980       0.00012       0.04332       0.01173 p2_bbi_aei_16_15_grove
 287     -42.68735     -88.78357    2314.13224       0.00012       0.04332       0.01173 p2_bbi_aei_16_01_grove
 288      -2.88446     -75.36454    2315.74586       0.00012       0.04332       0.01173 p2_bbi_aei_16_01_flat
 289       0.55544    -151.27798    2315.92252       0.00012       0.04332       0.01173 p2_bbi_aei_16_01_cone
 290     483.94230    -108.27824    2319.43017       0.00012       0.04332       0.01173 p2_bpl_aei_16_r2_grove
 291    -506.45929     -95.27513    2336.41059       0.00012       0.04333       0.01173 p2_bbe_aei_16_15_flat
 292    -484.80655     -22.49398    2336.81702       0.00012       0.04333       0.01173 p2_bbe_aei_16_15_cone
 293    -464.54067     -95.66232    2338.15481       0.00012       0.04333       0.01173 p2_bbe_aei_16_15_grove
 294     448.69708    -115.97143    2340.80110       0.00012       0.04334       0.01173 p2_bpl_aei_16_r2_flat
 295     468.15170     -44.48516    2357.46867       0.00012       0.04334       0.01173 p2_bpl_aei_16_r2_cone
 296     325.33740     -97.69028    2373.05873       0.00012       0.04334       0.01173 p2_bbe_aei_16_01_flat
 297     345.99133     -24.61032    2373.62752       0.00012       0.04334       0.01173 p2_bbe_aei_16_01_cone
 298     367.23861     -97.50407    2375.03215       0.00012       0.04334       0.01173 p2_bbe_aei_16_01_grove
 299      -0.00180       0.00662     580.80000       0.00000       0.00000       0.00000 p3_aei_16_par_1
 300       0.17910       0.01054    1710.90000      26.08587       0.00000       0.00000 p3_aei_16_par_2
 301       0.26718       0.00698    2382.00000    6096.88786      -0.63975       0.00061 p3_aei_16_par_3
 302      -0.00434       0.00151       0.00201      -0.00033      -0.01971      -0.00798 p3_aei_16
 303     -15.00702      -0.00097      66.10292       0.00538      -0.02715    3141.58472 p3_irm_aei_16_s1_fixed
 304      14.80323      -0.00376    2291.92301      -0.01025       0.46285      -0.00798 p3_irm_aei_16_s2_fixed
 305      14.99298      -0.00073      66.10211       0.00538      -0.02715    3141.58472 p3_irm_aei_16_l1_fixed
 306     -15.19677      -0.00400    2291.90913      -0.01025       0.46285      -0.00798 p3_irm_aei_16_l2_fixed
 307     -14.99577       0.00098     478.00571       0.00308      -0.02777      -0.00798 p3_irl_aei_16_s1
 308      14.98065       0.00011    1880.01853      -0.00745       0.35587      -0.00798 p3_irl_aei_16_s2
 309      15.02297       0.00119     950.50703      -0.00108      -0.06385      -0.00798 p3_irl_aei_16_l1
 310     -14.94834       0.00102    1407.51077       0.00091      -0.02220      -0.00798 p3_irl_aei_16_l2
 311     -14.97762       0.00096     941.20888      -0.00111      -0.06283      -0.00798 p3_irc_aei_16_s1
 312      15.05185       0.00127    1416.81021       0.00088      -0.01831      -0.00798 p3_irc_aei_16_s2
 313      15.05144       0.00125    1398.21000       0.00093      -0.02594      -0.00798 p3_irc_aei_16_l1
 314     -14.97643       0.00094     959.80901      -0.00104      -0.06485      -0.00798 p3_irc_aei_16_l2
 315      -0.00882      -0.00120       0.00201       0.00538      -0.02715      -0.00798 p3_irt_aei_16_r1
 316       0.00200       0.00080     397.00479       0.00406      -0.02751      -0.00798 p3_irt_aei_16_r2
 317       0.01445       0.00126     794.00713      -0.00121      -0.04468      -0.00798 p3_irt_aei_16_r3
 318       0.04018       0.00097    1191.00927       0.00036      -0.07185      -0.00798 p3_irt_aei_16_r4
 319       0.04696       0.00120    1588.01144      -0.00071       0.08641      -0.00798 p3_irt_aei_16_r5
 320      -0.05980      -0.00087    1985.01387      -0.00887       0.41025      -0.00798 p3_irt_aei_16_r6
 321      -0.23851      -0.00481    2382.01679      -0.01026       0.46348      -0.00798 p3_irt_aei_16_r7
 322     -34.03253     -97.63027      18.88891       0.00538      -0.02715      -0.00798 p3_bpx_aei_ip_16_02_r1_cone
 323     -33.79547      96.73373      19.10926       0.00538      -0.02715      -0.00798 p3_bpx_aei_ho_16_02_r1_cone
 324      41.15286     -97.75792      29.53915       0.00538      -0.02715      -0.00798 p3_bpx_aei_ip_16_02_r1_flat
 325      41.38972      96.61949      29.73290       0.00538      -0.02715      -0.00798 p3_bpx_aei_ho_16_02_r1_flat
 326      24.03220     -97.74605      67.83450       0.00538      -0.02715      -0.00798 p3_bpx_aei_ip_16_02_r1_grove
 327      24.27646      96.59326      68.03035       0.00537      -0.02715      -0.00798 p3_bpx_aei_ho_16_02_r1_grove
 328      35.04533     -97.79304     109.31721       0.00535      -0.02716      -0.00798 p3_bpx_aei_ip_16_14_r1_cone
 329      35.30819      96.52677     109.51076       0.00535      -0.02716      -0.00798 p3_bpx_aei_ho_16_14_r1_cone
 330     -40.62049     -97.69620     115.77451       0.00535      -0.02716      -0.00798 p3_bpx_aei_ip_16_14_r1_grove
 331     -40.34504      96.64910     115.99186       0.00535      -0.02716      -0.00798 p3_bpx_aei_ho_16_14_r1_grove
 332     -25.64363     -97.72708     154.96388       0.00530      -0.02717      -0.00798 p3_bpx_aei_ip_16_14_r1_flat
 333     -25.36177      96.56343     155.17664       0.00530      -0.02717      -0.00798 p3_bpx_aei_ho_16_14_r1_flat
 334      37.19835    -173.00646     194.83894       0.00523      -0.02719      -0.00798 p3_baz_aei_16_01_r1_flat
 334      37.19835    -173.00646     194.83894       0.00523      -0.02719      -0.00798 p3_baz_aei_16_15_r1_flat
 335     -32.82235    -172.97437     224.25153       0.00514      -0.02721      -0.00798 p3_baz_aei_16_01_r1_cone
 335     -32.82235    -172.97437     224.25153       0.00514      -0.02721      -0.00798 p3_baz_aei_16_15_r1_cone
 336      42.13139    -173.04241     236.49867       0.00510      -0.02722      -0.00798  p3_baz_aei_16_01_r1_grove
 336      42.13139    -173.04241     236.49867       0.00510      -0.02722      -0.00798  p3_baz_aei_16_15_r1_grove
 337     -52.48855      50.95756     282.28822       0.00491      -0.02728      -0.00798 p3_srg_aei_16_r1_135deg
 338     -55.37134      -0.00016     282.39075       0.00491      -0.02728      -0.00798 p3_srg_aei_16_r1_rear
 339     -52.18252     -52.24483     282.40622       0.00491      -0.02728      -0.00798 p3_srg_aei_16_r1_225deg
 340      -0.41692      72.91928     282.41970       0.00491      -0.02728      -0.00798 p3_srg_aei_16_r1_90deg
 341       0.01415     -73.93472     282.50440       0.00491      -0.02728      -0.00798 p3_srg_aei_16_r1_270deg
 342      52.26808     -52.26930     282.57967       0.00491      -0.02728      -0.00798 p3_srg_aei_16_r1_315deg
 343      55.45536       0.00073     282.60253       0.00491      -0.02728      -0.00798 p3_srg_aei_16_r1_front
 344      51.92675      51.70490     282.60457       0.00491      -0.02728      -0.00798 p3_srg_aei_16_r1_45deg
 345     -28.11100     -97.42719     335.87831       0.00458      -0.02737      -0.00798 p3_bpx_aei_ip_16_02_r2_cone
 346     -27.76084      96.84932     336.36061       0.00458      -0.02737      -0.00798 p3_bpx_aei_ho_16_02_r2_cone
 347      47.17757     -97.52064     345.77131       0.00451      -0.02739      -0.00798 p3_bpx_aei_ip_16_02_r2_flat
 348      47.52733      96.63676     346.26743       0.00451      -0.02739      -0.00798 p3_bpx_aei_ho_16_02_r2_flat
 349      30.43722     -97.53321     384.23998       0.00419      -0.02747      -0.00798 p3_bpx_aei_ip_16_02_r2_grove
 350      30.78999      96.63720     384.72306       0.00418      -0.02747      -0.00798 p3_bpx_aei_ho_16_02_r2_grove
 351      46.34248     -97.61360     429.90978       0.00371      -0.02760      -0.00798 p3_bpx_aei_ip_16_14_r2_cone
 352      46.67635      96.58671     430.39965       0.00370      -0.02761      -0.00798 p3_bpx_aei_ho_16_14_r2_cone
 353     -29.24322     -97.53648     437.12700       0.00362      -0.02763      -0.00798 p3_bpx_aei_ip_16_14_r2_grove
 354     -28.89756      96.75123     437.60969       0.00362      -0.02763      -0.00798 p3_bpx_aei_ho_16_14_r2_grove
 355     -13.88604     -97.57592     476.16287       0.00311      -0.02777      -0.00798 p3_bpx_aei_ip_16_14_r2_flat
 356     -13.54677      96.64478     476.64726       0.00310      -0.02777      -0.00798 p3_bpx_aei_ho_16_14_r2_flat
 357      -0.57999     -45.53691     560.84659       0.00167      -0.02816      -0.00798 p3_slm_aei_16_surf_r2
 358     -52.05611      51.51100     747.58767      -0.00098      -0.03926      -0.00798 p3_srg_aei_16_r2_135deg
 359       0.25592      72.77621     747.59053      -0.00098      -0.03926      -0.00798 p3_srg_aei_16_r2_90deg
 360      52.40110      51.01973     747.62897      -0.00098      -0.03926      -0.00798 p3_srg_aei_16_r2_45deg
 361     -55.57069      -0.03593     747.76046      -0.00098      -0.03928      -0.00798 p3_srg_aei_16_r2_rear
 362     -52.31037     -52.29121     747.78408      -0.00098      -0.03928      -0.00798 p3_srg_aei_16_r2_225deg
 363      55.42841      -0.09965     747.79360      -0.00098      -0.03928      -0.00798 p3_srg_aei_16_r2_front
 364      -0.14030     -73.91509     747.81941      -0.00098      -0.03929      -0.00798 p3_srg_aei_16_r2_270deg
 365      52.08843     -52.36267     747.83028      -0.00098      -0.03929      -0.00798 p3_srg_aei_16_r2_315deg
 366     193.48498     -33.13387     928.81015      -0.00116      -0.06142      -0.00798 p3_bpl_aei_16_r1_grove
 367     195.99510      39.83613     949.66343      -0.00108      -0.06376      -0.00798 p3_bpl_aei_16_r1_cone
 368     197.90923     -33.16008     970.50111      -0.00099      -0.06595      -0.00798 p3_bpl_aei_16_r1_flat
 369     -47.40944     -97.45178    1034.65787      -0.00064      -0.07141      -0.00798 p3_bpx_aei_ip_16_02_r3_cone
 370     -47.00527      96.83952    1034.87206      -0.00064      -0.07143      -0.00798 p3_bpx_aei_ho_16_02_r3_cone
 371      27.82250     -97.57729    1044.93984      -0.00057      -0.07207      -0.00798 p3_bpx_aei_ip_16_02_r3_flat
 372      28.23667      96.62691    1045.14582      -0.00057      -0.07208      -0.00798 p3_bpx_aei_ho_16_02_r3_flat
 373      10.88811     -97.59284    1083.31857      -0.00033      -0.07384      -0.00798 p3_bpx_aei_ip_16_02_r3_grove
 374      11.30437      96.64666    1083.52670      -0.00033      -0.07385      -0.00798 p3_bpx_aei_ho_16_02_r3_grove
 375      28.80308     -97.68301    1118.00003      -0.00010      -0.07443      -0.00798 p3_bpx_aei_ip_16_14_r3_cone
 376      29.22525      96.58260    1118.20422      -0.00010      -0.07443      -0.00798 p3_bpx_aei_ho_16_14_r3_cone
 377     -46.82321     -97.58241    1124.82410      -0.00005      -0.07442      -0.00798 p3_bpx_aei_ip_16_14_r3_grove
 378     -46.39805      96.82569    1125.03578      -0.00005      -0.07442      -0.00798 p3_bpx_aei_ho_16_14_r3_grove
 379     -31.66121     -97.64139    1163.93908       0.00020      -0.07347      -0.00798 p3_bpx_aei_ip_16_14_r3_flat
 380     -31.22815      96.75352    1164.13281       0.00020      -0.07346      -0.00798 p3_bpx_aei_ho_16_14_r3_flat
 381      55.28153      -0.02119    1179.26140       0.00029      -0.07265      -0.00798 p3_mid_aei_16_front
 382     -44.36585     -97.63425    1367.59296       0.00096      -0.03708      -0.00798 p3_bpx_aei_ip_16_02_r4_cone
 383     -44.12508      96.83995    1368.02066       0.00096      -0.03694      -0.00798 p3_bpx_aei_ho_16_02_r4_cone
 384      30.89001     -97.70244    1377.77944       0.00096      -0.03356      -0.00798 p3_bpx_aei_ip_16_02_r4_flat
 385      31.12807      96.62586    1378.15005       0.00096      -0.03343      -0.00798 p3_bpx_aei_ho_16_02_r4_flat
 386      14.00282     -97.66274    1416.18231       0.00089      -0.01857      -0.00798 p3_bpx_aei_ip_16_02_r4_grove
 387      14.27348      96.58116    1416.56464       0.00089      -0.01841      -0.00798 p3_bpx_aei_ho_16_02_r4_grove
 388      45.42897     -97.70866    1445.23298       0.00077      -0.00534      -0.00798 p3_bpx_aei_ip_16_14_r4_cone
 389      45.71743      96.49974    1445.58274       0.00077      -0.00517      -0.00798 p3_bpx_aei_ho_16_14_r4_cone
 390     -30.18740     -97.65536    1452.13751       0.00074      -0.00194      -0.00798 p3_bpx_aei_ip_16_14_r4_grove
 391     -29.88755      96.64054    1452.55537       0.00074      -0.00173      -0.00798 p3_bpx_aei_ho_16_14_r4_grove
 392     -14.98123     -97.65172    1491.23426       0.00047       0.01919      -0.00798 p3_bpx_aei_ip_16_14_r4_flat
 393     -14.64959      96.50699    1491.64287       0.00047       0.01943      -0.00798 p3_bpx_aei_ho_16_14_r4_flat
 394      32.64617    -210.43842    1532.16041       0.00007       0.04492      -0.00798 p3_baz_aei_16_15_r2_flat
 394      32.64617    -210.43842    1532.16041       0.00007       0.04492      -0.00798 p3_baz_aei_16_14_r2_flat
 395     -43.28945    -210.38633    1532.64748       0.00007       0.04525      -0.00798 p3_baz_aei_16_15_r2_cone
 395     -43.28945    -210.38633    1532.64748       0.00007       0.04525      -0.00798 p3_baz_aei_16_14_r2_cone
 396      21.31958    -210.37552    1572.54234      -0.00047       0.07415      -0.00798  p3_baz_aei_16_15_r2_grove
 396      21.31958    -210.37552    1572.54234      -0.00047       0.07415      -0.00798  p3_baz_aei_16_14_r2_grove
 397     -37.05964     -22.45337    1690.41827      -0.00296       0.18346      -0.00798 p3_gim_aei_16_surf_r2
 398      52.38393     -52.14661    1825.52742      -0.00643       0.31688      -0.00798 p3_srg_aei_16_r3_315deg
 399      55.45551       0.00081    1825.54742      -0.00643       0.31690      -0.00798 p3_srg_aei_16_r3_front
 400       0.03949     -73.83253    1825.56609      -0.00643       0.31693      -0.00798 p3_srg_aei_16_r3_270deg
 401     -52.15908     -52.16994    1825.55048      -0.00643       0.31693      -0.00798 p3_srg_aei_16_r3_225deg
 402     -55.32751       0.09663    1825.57482      -0.00644       0.31695      -0.00798 p3_srg_aei_16_r3_rear
 403      52.74367      50.80169    1825.65450      -0.00644       0.31698      -0.00798 p3_srg_aei_16_r3_45deg
 404       0.80498      72.95698    1825.68948      -0.00644       0.31702      -0.00798 p3_srg_aei_16_r3_90deg
 405     -51.62228      51.78736    1825.76392      -0.00644       0.31709      -0.00798 p3_srg_aei_16_r3_135deg
 406      29.80617     -97.60628    1894.60712      -0.00769       0.36498      -0.00798 p3_bpx_aei_ip_16_14_r5_cone
 407      30.09320      96.62142    1894.65542      -0.00769       0.36501      -0.00798 p3_bpx_aei_ho_16_14_r5_cone
 408     -46.05748     -97.54831    1897.98296      -0.00774       0.36703      -0.00798 p3_bpx_aei_ip_16_14_r5_grove
 409     -45.76375      96.80729    1898.03227      -0.00774       0.36706      -0.00798 p3_bpx_aei_ho_16_14_r5_grove
 410     -32.68352     -97.55272    1937.75246      -0.00832       0.38890      -0.00798 p3_bpx_aei_ip_16_14_r5_flat
 411     -32.39489      96.74488    1937.79598      -0.00832       0.38892      -0.00798 p3_bpx_aei_ho_16_14_r5_flat
 412     -43.92761     -97.55526    1978.62249      -0.00881       0.40765      -0.00798 p3_bpx_aei_ip_16_02_r5_cone
 413     -43.63688      96.76954    1978.66172      -0.00881       0.40766      -0.00798 p3_bpx_aei_ho_16_02_r5_cone
 414      30.76168     -97.61709    1992.30918      -0.00895       0.41313      -0.00798 p3_bpx_aei_ip_16_02_r5_flat
 415      31.04032      96.56561    1992.35664      -0.00895       0.41315      -0.00798 p3_bpx_aei_ho_16_02_r5_flat
 416      12.10420     -97.59498    2029.87956      -0.00929       0.42633      -0.00798 p3_bpx_aei_ip_16_02_r5_grove
 417      12.38474      96.56812    2029.92478      -0.00929       0.42635      -0.00798 p3_bpx_aei_ho_16_02_r5_grove
 418      44.06857    -210.34257    2055.76741      -0.00949       0.43393      -0.00798 p3_baz_aei_16_01_r2_cone
 418      44.06857    -210.34257    2055.76741      -0.00949       0.43393      -0.00798 p3_baz_aei_16_02_r2_cone
 419     -29.83018    -210.21863    2073.25821      -0.00961       0.43844      -0.00798  p3_baz_aei_16_01_r2_grove
 419     -29.83018    -210.21863    2073.25821      -0.00961       0.43844      -0.00798  p3_baz_aei_16_02_r2_grove
 420      -9.27305    -210.22112    2109.81608      -0.00982       0.44632      -0.00798 p3_baz_aei_16_01_r2_flat
 420      -9.27305    -210.22112    2109.81608      -0.00982       0.44632      -0.00798 p3_baz_aei_16_02_r2_flat
 421     -84.83422     -97.41980    2208.26028      -0.01015       0.45902      -0.00798 p3_bpx_aei_ip_16_02_r6_cone
 422     -84.46808      97.06570    2208.50982      -0.01015       0.45904      -0.00798 p3_bpx_aei_ho_16_02_r6_cone
 423      -9.68450     -97.43031    2219.13005      -0.01017       0.45980      -0.00798 p3_bpx_aei_ip_16_02_r6_flat
 424      -9.37047      96.83729    2219.40687      -0.01017       0.45982      -0.00798 p3_bpx_aei_ho_16_02_r6_flat
 425      84.99496     -97.60733    2236.21980      -0.01019       0.46084      -0.00798 p3_bpx_aei_ip_16_14_r6_cone
 426      85.32058      96.65657    2236.50073      -0.01020       0.46085      -0.00798 p3_bpx_aei_ho_16_14_r6_cone
 427       9.31187     -97.46200    2242.45587      -0.01020       0.46116      -0.00798 p3_bpx_aei_ip_16_14_r6_grove
 428       9.62610      96.78340    2242.70520      -0.01020       0.46118      -0.00798 p3_bpx_aei_ho_16_14_r6_grove
 429     -26.91143     -97.45224    2257.38527      -0.01022       0.46183      -0.00798 p3_bpx_aei_ip_16_02_r6_grove
 430     -26.57288      96.86256    2257.60861      -0.01022       0.46184      -0.00798 p3_bpx_aei_ho_16_02_r6_grove
 431      24.15565     -97.49958    2281.68566      -0.01024       0.46262      -0.00798 p3_bpx_aei_ip_16_14_r6_flat
 432      24.41575      96.73902    2282.00747      -0.01024       0.46262      -0.00798 p3_bpx_aei_ho_16_14_r6_flat
 433    -114.47117    -149.43469    2311.29007      -0.01026       0.46318      -0.00798 p3_bbi_aei_16_15_cone
 434    -110.71122     -73.64146    2311.38679      -0.01026       0.46318      -0.00798 p3_bbi_aei_16_15_flat
 435     -71.07015     -87.22566    2312.99712      -0.01026       0.46320      -0.00798 p3_bbi_aei_16_15_grove
 436     -42.68486     -88.78145    2314.13006      -0.01026       0.46321      -0.00798 p3_bbi_aei_16_01_grove
 437      -2.88441     -75.36705    2315.75215      -0.01026       0.46323      -0.00798 p3_bbi_aei_16_01_flat
 438       0.55682    -151.27562    2315.91776      -0.01026       0.46323      -0.00798 p3_bbi_aei_16_01_cone
 439     483.94116    -108.27820    2319.43007      -0.01026       0.46326      -0.00798 p3_bpl_aei_16_r2_grove
 440    -506.45533     -95.27028    2336.40446      -0.01026       0.46340      -0.00798 p3_bbe_aei_16_15_flat
 441    -484.80369     -22.49491    2336.81514      -0.01026       0.46340      -0.00798 p3_bbe_aei_16_15_cone
 442    -464.53573     -95.66366    2338.15509      -0.01026       0.46340      -0.00798 p3_bbe_aei_16_15_grove
 443     448.69891    -115.97110    2340.79990      -0.01026       0.46341      -0.00798 p3_bpl_aei_16_r2_flat
 444     468.15192     -44.48492    2357.46911      -0.01026       0.46346      -0.00798 p3_bpl_aei_16_r2_cone
 445     325.33909     -97.69062    2373.06241      -0.01026       0.46347      -0.00798 p3_bbe_aei_16_01_flat
 446     345.99165     -24.61166    2373.63113      -0.01026       0.46347      -0.00798 p3_bbe_aei_16_01_cone
 447     367.23738     -97.50630    2375.03084      -0.01026       0.46348      -0.00798 p3_bbe_aei_16_01_grove
 448      -0.26758       0.04528     580.80000       0.00000       0.00000       0.00000 p4_aei_16_par_1
 449      -0.28255       0.06464    1710.90000      26.08587       0.00000       0.00000 p4_aei_16_par_2
 450      -0.56625       0.01885    2382.00000    2543.26027       1.33852       0.00118 p4_aei_16_par_3
 451      -0.17776       0.00691      -0.02728      -0.00319      -0.04049      -0.03043 p4_aei_16
 452     -14.87720      -0.00211      66.06410       0.02096       0.58509    3141.56227 p4_irm_aei_16_s1_fixed
 453      15.57904       0.00202    2291.86507      -0.00500      -1.33932      -0.03043 p4_irm_aei_16_s2_fixed
 454      15.12280      -0.00120      66.08165       0.02096       0.58509    3141.56227 p4_irm_aei_16_l1_fixed
 455     -14.42096       0.00110    2291.90525      -0.00500      -1.33932      -0.03043 p4_irm_aei_16_l2_fixed
 456     -15.10719       0.00466     477.96638       0.00526       0.49230      -0.03043 p4_irl_aei_16_s1
 457      15.05541       0.00314    1879.96359       0.00254      -1.11258      -0.03043 p4_irl_aei_16_s2
 458      14.74021      -0.00174     950.47741      -0.01996       0.16754      -0.03043 p4_irl_aei_16_l1
 459     -15.25661      -0.00416    1407.48033       0.01393      -0.23614      -0.03043 p4_irl_aei_16_l2
 460     -15.25820      -0.00246     941.17227      -0.02040       0.17327      -0.03043 p4_irc_aei_16_s1
 461      14.74565      -0.00311    1416.77311       0.01444      -0.24869      -0.03043 p4_irc_aei_16_s2
 462      14.74125      -0.00337    1398.17338       0.01339      -0.22384      -0.03043 p4_irc_aei_16_l1
 463     -15.26132      -0.00283     959.77250      -0.01949       0.16177      -0.03043 p4_irc_aei_16_l2
 464       0.16148      -0.00304      -0.02729       0.02100       0.58533      -0.03043 p4_irt_aei_16_r1
 465      -0.06561       0.00440     396.97360       0.01198       0.53203      -0.03043 p4_irt_aei_16_r2
 466      -0.22608       0.00131     793.97447      -0.02317       0.26359      -0.03043 p4_irt_aei_16_r3
 467      -0.28066      -0.00506    1190.97575      -0.00243      -0.00343      -0.03043 p4_irt_aei_16_r4
 468      -0.18923      -0.00058    1587.97790       0.01858      -0.52832      -0.03043 p4_irt_aei_16_r5
 469       0.17876       0.00274    1984.98133      -0.00129      -1.22784      -0.03043 p4_irt_aei_16_r6
 470       0.69980       0.00111    2381.98651      -0.00504      -1.34063      -0.03043 p4_irt_aei_16_r7
 471     -34.03222     -97.64269      18.87760       0.02100       0.58533      -0.03043 p4_bpx_aei_ip_16_02_r1_cone
 472     -33.80058      96.72803      19.11715       0.02100       0.58533      -0.03043 p4_bpx_aei_ho_16_02_r1_cone
 473      41.15427     -97.75927      29.53324       0.02099       0.58531      -0.03043 p4_bpx_aei_ip_16_02_r1_flat
 474      41.38733      96.61474      29.74419       0.02099       0.58531      -0.03043 p4_bpx_aei_ho_16_02_r1_flat
 475      24.03285     -97.75009      67.82772       0.02095       0.58507      -0.03043 p4_bpx_aei_ip_16_02_r1_grove
 476      24.27381      96.58922      68.04129       0.02095       0.58506      -0.03043 p4_bpx_aei_ho_16_02_r1_grove
 477      35.04820     -97.79499     109.31133       0.02081       0.58422      -0.03043 p4_bpx_aei_ip_16_14_r1_cone
 478      35.30716      96.52782     109.52094       0.02081       0.58421      -0.03043 p4_bpx_aei_ho_16_14_r1_cone
 479     -40.61620     -97.70276     115.76705       0.02077       0.58401      -0.03043 p4_bpx_aei_ip_16_14_r1_grove
 480     -40.35075      96.64946     116.00087       0.02077       0.58400      -0.03043 p4_bpx_aei_ho_16_14_r1_grove
 481     -25.63855     -97.73579     154.95562       0.02046       0.58216      -0.03043 p4_bpx_aei_ip_16_14_r1_flat
 482     -25.36619      96.56102     155.18270       0.02046       0.58215      -0.03043 p4_bpx_aei_ho_16_14_r1_flat
 483      37.20191    -173.00887     194.83054       0.01993       0.57903      -0.03043 p4_baz_aei_16_01_r1_flat
 483      37.20191    -173.00887     194.83054       0.01993       0.57903      -0.03043 p4_baz_aei_16_15_r1_flat
 484     -32.82010    -172.97982     224.24318       0.01937       0.57572      -0.03043 p4_baz_aei_16_01_r1_cone
 484     -32.82010    -172.97982     224.24318       0.01937       0.57572      -0.03043 p4_baz_aei_16_15_r1_cone
 485      42.13309    -173.04341     236.49154       0.01909       0.57406      -0.03043  p4_baz_aei_16_01_r1_grove
 485      42.13309    -173.04341     236.49154       0.01909       0.57406      -0.03043  p4_baz_aei_16_15_r1_grove
 486     -52.49309      50.95976     282.29654       0.01775       0.56616      -0.03043 p4_srg_aei_16_r1_135deg
 487     -55.37438       0.00097     282.37901       0.01775       0.56614      -0.03043 p4_srg_aei_16_r1_rear
 488     -52.18480     -52.24373     282.39415       0.01775       0.56614      -0.03043 p4_srg_aei_16_r1_225deg
 489      -0.42041      72.92725     282.42543       0.01775       0.56614      -0.03043 p4_srg_aei_16_r1_90deg
 490       0.01282     -73.92754     282.49758       0.01775       0.56612      -0.03043 p4_srg_aei_16_r1_270deg
 491      52.26514     -52.26455     282.56798       0.01775       0.56611      -0.03043 p4_srg_aei_16_r1_315deg
 492      55.45393       0.00435     282.60476       0.01775       0.56611      -0.03043 p4_srg_aei_16_r1_front
 493      51.92565      51.71244     282.61204       0.01775       0.56610      -0.03043 p4_srg_aei_16_r1_45deg
 494     -28.10416     -97.42990     335.86666       0.01554       0.55305      -0.03043 p4_bpx_aei_ip_16_02_r2_cone
 495     -27.76695      96.85262     336.37024       0.01551       0.55290      -0.03043 p4_bpx_aei_ho_16_02_r2_cone
 496      47.18091     -97.51916     345.76144       0.01504       0.55012      -0.03043 p4_bpx_aei_ip_16_02_r2_flat
 497      47.52281      96.64396     346.28130       0.01501       0.54996      -0.03043 p4_bpx_aei_ho_16_02_r2_flat
 498      30.44179     -97.53283     384.22950       0.01282       0.53701      -0.03043 p4_bpx_aei_ip_16_02_r2_grove
 499      30.78500      96.64199     384.73409       0.01279       0.53682      -0.03043 p4_bpx_aei_ho_16_02_r2_grove
 500      46.34569     -97.61033     429.89953       0.00955       0.51765      -0.03043 p4_bpx_aei_ip_16_14_r2_cone
 501      46.67232      96.59088     430.40984       0.00951       0.51741      -0.03043 p4_bpx_aei_ho_16_14_r2_cone
 502     -29.23675     -97.53847     437.11476       0.00896       0.51417      -0.03043 p4_bpx_aei_ip_16_14_r2_grove
 503     -28.90433      96.75725     437.62021       0.00892       0.51392      -0.03043 p4_bpx_aei_ho_16_14_r2_grove
 504     -13.88053     -97.57591     476.15319       0.00544       0.49335      -0.03043 p4_bpx_aei_ip_16_14_r2_flat
 505     -13.55158      96.65000     476.65521       0.00539       0.49306      -0.03043 p4_bpx_aei_ho_16_14_r2_flat
 506      -0.73315     -45.53265     560.84168      -0.00443       0.43504      -0.03043 p4_slm_aei_16_surf_r2
 507       0.25762      72.78198     747.59769      -0.02202       0.29351      -0.03043 p4_srg_aei_16_r2_90deg
 508     -52.12694      51.47408     747.60145      -0.02202       0.29350      -0.03043 p4_srg_aei_16_r2_135deg
 509      52.39268      51.03556     747.63652      -0.02202       0.29350      -0.03043 p4_srg_aei_16_r2_45deg
 510     -55.56882      -0.03223     747.75511      -0.02202       0.29340      -0.03043 p4_srg_aei_16_r2_rear
 511      55.42989      -0.09465     747.79698      -0.02203       0.29339      -0.03043 p4_srg_aei_16_r2_front
 512     -52.31163     -52.28783     747.77582      -0.02203       0.29338      -0.03043 p4_srg_aei_16_r2_225deg
 513      52.08927     -52.35685     747.81594      -0.02203       0.29338      -0.03043 p4_srg_aei_16_r2_315deg
 514      -0.14568     -73.91204     747.81394      -0.02203       0.29337      -0.03043 p4_srg_aei_16_r2_270deg
 515     193.47260     -33.12545     928.81748      -0.02095       0.18088      -0.03043 p4_bpl_aei_16_r1_grove
 516     195.99364      39.84660     949.67397      -0.02000       0.16805      -0.03043 p4_bpl_aei_16_r1_cone
 517     197.91120     -33.14675     970.50647      -0.01892       0.15510      -0.03043 p4_bpl_aei_16_r1_flat
 518     -47.39839     -97.46241    1034.64175      -0.01491       0.11376      -0.03043 p4_bpx_aei_ip_16_02_r3_cone
 519     -47.01323      96.84260    1034.88300      -0.01489       0.11361      -0.03043 p4_bpx_aei_ho_16_02_r3_cone
 520      27.83068     -97.58297    1044.92732      -0.01418       0.10688      -0.03043 p4_bpx_aei_ip_16_02_r3_flat
 521      28.22825      96.62594    1045.15782      -0.01417       0.10673      -0.03043 p4_bpx_aei_ho_16_02_r3_flat
 522      10.89658     -97.59657    1083.31033      -0.01131       0.08032      -0.03043 p4_bpx_aei_ip_16_02_r3_grove
 523      11.29636      96.64724    1083.53756      -0.01129       0.08016      -0.03043 p4_bpx_aei_ho_16_02_r3_grove
 524      28.80784     -97.68227    1117.98893      -0.00855       0.05501      -0.03043 p4_bpx_aei_ip_16_14_r3_cone
 525      29.21651      96.58734    1118.21581      -0.00853       0.05484      -0.03043 p4_bpx_aei_ho_16_14_r3_cone
 526     -46.81572     -97.58823    1124.81239      -0.00799       0.04985      -0.03043 p4_bpx_aei_ip_16_14_r3_grove
 527     -46.40865      96.82188    1125.04867      -0.00797       0.04967      -0.03043 p4_bpx_aei_ho_16_14_r3_grove
 528     -31.65288     -97.64572    1163.93028      -0.00472       0.01912      -0.03043 p4_bpx_aei_ip_16_14_r3_flat
 529     -31.23950      96.75190    1164.14651      -0.00470       0.01895      -0.03043 p4_bpx_aei_ho_16_14_r3_flat
 530      55.27675      -0.01353    1179.26937      -0.00342       0.00647      -0.03043 p4_mid_aei_16_front
 531     -44.35213     -97.63685    1367.57385       0.01148      -0.18499      -0.03043 p4_bpx_aei_ip_16_02_r4_cone
 532     -44.13396      96.83506    1368.03000       0.01151      -0.18555      -0.03043 p4_bpx_aei_ho_16_02_r4_cone
 533      30.90023     -97.70454    1377.77465       0.01214      -0.19767      -0.03043 p4_bpx_aei_ip_16_02_r4_flat
 534      31.12139      96.62147    1378.16224       0.01217      -0.19816      -0.03043 p4_bpx_aei_ho_16_02_r4_flat
 535      14.00987     -97.66334    1416.17381       0.01441      -0.24787      -0.03043 p4_bpx_aei_ip_16_02_r4_grove
 536      14.26536      96.58147    1416.57704       0.01443      -0.24843      -0.03043 p4_bpx_aei_ho_16_02_r4_grove
 537      45.43626     -97.71075    1445.22206       0.01586      -0.28865      -0.03043 p4_bpx_aei_ip_16_14_r4_cone
 538      45.71106      96.50217    1445.59558       0.01588      -0.28919      -0.03043 p4_bpx_aei_ho_16_14_r4_cone
 539     -30.17872     -97.66664    1452.12866       0.01616      -0.29867      -0.03043 p4_bpx_aei_ip_16_14_r4_grove
 540     -29.89480      96.64178    1452.56915       0.01618      -0.29932      -0.03043 p4_bpx_aei_ho_16_14_r4_grove
 541     -14.97359     -97.65531    1491.22727       0.01760      -0.35841      -0.03043 p4_bpx_aei_ip_16_14_r4_flat
 542     -14.65584      96.51200    1491.65405       0.01761      -0.35910      -0.03043 p4_bpx_aei_ho_16_14_r4_flat
 543      32.65429    -210.44512    1532.15171       0.01850      -0.42630      -0.03043 p4_baz_aei_16_15_r2_flat
 543      32.65429    -210.44512    1532.15171       0.01850      -0.42630      -0.03043 p4_baz_aei_16_14_r2_flat
 544     -43.28082    -210.39253    1532.63592       0.01851      -0.42708      -0.03043 p4_baz_aei_16_15_r2_cone
 544     -43.28082    -210.39253    1532.63592       0.01851      -0.42708      -0.03043 p4_baz_aei_16_14_r2_cone
 545      21.32795    -210.38342    1572.53389       0.01870      -0.49897      -0.03043  p4_baz_aei_16_15_r2_grove
 545      21.32795    -210.38342    1572.53389       0.01870      -0.49897      -0.03043  p4_baz_aei_16_14_r2_grove
 546     -37.22031     -22.45356    1690.41407       0.01460      -0.74679      -0.03043 p4_gim_aei_16_surf_r2
 547     -52.19335     -52.14601    1825.54710       0.00529      -1.02997      -0.03043 p4_srg_aei_16_r3_225deg
 548     -55.32881       0.10059    1825.57046       0.00529      -1.03001      -0.03043 p4_srg_aei_16_r3_rear
 549       0.03718     -73.83222    1825.55782       0.00529      -1.03008      -0.03043 p4_srg_aei_16_r3_270deg
 550      55.45358       0.00416    1825.54504       0.00528      -1.03016      -0.03043 p4_srg_aei_16_r3_front
 551      52.20461     -52.31644    1825.58676       0.00528      -1.03022      -0.03043 p4_srg_aei_16_r3_315deg
 552       0.73587      72.95830    1825.70523       0.00528      -1.03033      -0.03043 p4_srg_aei_16_r3_90deg
 553     -51.64958      51.78920    1825.76781       0.00528      -1.03035      -0.03043 p4_srg_aei_16_r3_135deg
 554      52.73535      50.80588    1825.66566       0.00528      -1.03035      -0.03043 p4_srg_aei_16_r3_45deg
 555      29.80883     -97.60148    1894.59994       0.00190      -1.13198      -0.03043 p4_bpx_aei_ip_16_14_r5_cone
 556      30.09360      96.61843    1894.67075       0.00190      -1.13207      -0.03043 p4_bpx_aei_ho_16_14_r5_cone
 557     -46.05095     -97.55148    1897.96773       0.00176      -1.13616      -0.03043 p4_bpx_aei_ip_16_14_r5_grove
 558     -45.76897      96.81113    1898.04747       0.00176      -1.13626      -0.03043 p4_bpx_aei_ho_16_14_r5_grove
 559     -32.68069     -97.55814    1937.74285       0.00022      -1.18255      -0.03043 p4_bpx_aei_ip_16_14_r5_flat
 560     -32.39852      96.74407    1937.81018       0.00021      -1.18262      -0.03043 p4_bpx_aei_ho_16_14_r5_flat
 561     -43.92474     -97.55630    1978.61376      -0.00110      -1.22228      -0.03043 p4_bpx_aei_ip_16_02_r5_cone
 562     -43.64227      96.76771    1978.68153      -0.00111      -1.22234      -0.03043 p4_bpx_aei_ho_16_02_r5_cone
 563      30.76388     -97.61134    1992.29864      -0.00149      -1.23399      -0.03043 p4_bpx_aei_ip_16_02_r5_flat
 564      31.04346      96.56066    1992.37078      -0.00150      -1.23405      -0.03043 p4_bpx_aei_ho_16_02_r5_flat
 565      12.11055     -97.59039    2029.86500      -0.00242      -1.26194      -0.03043 p4_bpx_aei_ip_16_02_r5_grove
 566      12.38953      96.56562    2029.93812      -0.00242      -1.26199      -0.03043 p4_bpx_aei_ho_16_02_r5_grove
 567      44.06801    -210.33749    2055.75301      -0.00296      -1.27808      -0.03043 p4_baz_aei_16_01_r2_cone
 567      44.06801    -210.33749    2055.75301      -0.00296      -1.27808      -0.03043 p4_baz_aei_16_02_r2_cone
 568     -29.82896    -210.21559    2073.24761      -0.00327      -1.28757      -0.03043  p4_baz_aei_16_01_r2_grove
 568     -29.82896    -210.21559    2073.24761      -0.00327      -1.28757      -0.03043  p4_baz_aei_16_02_r2_grove
 569      -9.27364    -210.22290    2109.80328      -0.00383      -1.30428      -0.03043 p4_baz_aei_16_01_r2_flat
 569      -9.27364    -210.22290    2109.80328      -0.00383      -1.30428      -0.03043 p4_baz_aei_16_02_r2_flat
 570     -84.83009     -97.41103    2208.25149      -0.00472      -1.33116      -0.03043 p4_bpx_aei_ip_16_02_r6_cone
 571     -84.47023      97.06448    2208.53193      -0.00473      -1.33121      -0.03043 p4_bpx_aei_ho_16_02_r6_cone
 572      -9.67918     -97.43399    2219.11743      -0.00478      -1.33284      -0.03043 p4_bpx_aei_ip_16_02_r6_flat
 573      -9.37239      96.84232    2219.41885      -0.00478      -1.33289      -0.03043 p4_bpx_aei_ho_16_02_r6_flat
 574      84.99808     -97.61549    2236.20440      -0.00485      -1.33506      -0.03043 p4_bpx_aei_ip_16_14_r6_cone
 575      85.32658      96.65621    2236.51381      -0.00485      -1.33510      -0.03043 p4_bpx_aei_ho_16_14_r6_cone
 576       9.31767     -97.46293    2242.44153      -0.00488      -1.33574      -0.03043 p4_bpx_aei_ip_16_14_r6_grove
 577       9.62773      96.78068    2242.71717      -0.00488      -1.33577      -0.03043 p4_bpx_aei_ho_16_14_r6_grove
 578     -26.90554     -97.44790    2257.37268      -0.00492      -1.33714      -0.03043 p4_bpx_aei_ip_16_02_r6_grove
 579     -26.57131      96.87071    2257.62520      -0.00492      -1.33716      -0.03043 p4_bpx_aei_ho_16_02_r6_grove
 580      24.16277     -97.49967    2281.67304      -0.00498      -1.33882      -0.03043 p4_bpx_aei_ip_16_14_r6_flat
 581      24.42273      96.74634    2282.02366      -0.00498      -1.33884      -0.03043 p4_bpx_aei_ho_16_14_r6_flat
 582    -114.47502    -149.42824    2311.28660      -0.00502      -1.33999      -0.03043 p4_bbi_aei_16_15_cone
 583    -110.71681     -73.63382    2311.37484      -0.00502      -1.34000      -0.03043 p4_bbi_aei_16_15_flat
 584     -71.07245     -87.21953    2312.99808      -0.00502      -1.34004      -0.03043 p4_bbi_aei_16_15_grove
 585     -42.69080     -88.77857    2314.15856      -0.00502      -1.34007      -0.03043 p4_bbi_aei_16_01_grove
 586      -2.88513     -75.36657    2315.73252      -0.00502      -1.34011      -0.03043 p4_bbi_aei_16_01_flat
 587       0.55034    -151.27226    2315.92173      -0.00502      -1.34011      -0.03043 p4_bbi_aei_16_01_cone
 588     483.92907    -108.28997    2319.42069      -0.00502      -1.34021      -0.03043 p4_bpl_aei_16_r2_grove
 589    -506.45718     -95.25409    2336.41316      -0.00503      -1.34046      -0.03043 p4_bbe_aei_16_15_flat
 590    -484.80891     -22.47514    2336.82052      -0.00503      -1.34046      -0.03043 p4_bbe_aei_16_15_cone
 591    -464.54105     -95.64833    2338.15981      -0.00503      -1.34048      -0.03043 p4_bbe_aei_16_15_grove
 592     448.68919    -115.97585    2340.79510      -0.00504      -1.34051      -0.03043 p4_bpl_aei_16_r2_flat
 593     468.14899     -44.49244    2357.46191      -0.00504      -1.34061      -0.03043 p4_bpl_aei_16_r2_cone
 594     325.33378     -97.69237    2373.06576      -0.00504      -1.34063      -0.03043 p4_bbe_aei_16_01_flat
 595     345.98715     -24.61264    2373.63185      -0.00504      -1.34063      -0.03043 p4_bbe_aei_16_01_cone
 596     367.23108     -97.51000    2375.03152      -0.00504      -1.34063      -0.03043 p4_bbe_aei_16_01_grove
 597     -15.00000       0.00000      66.10000       0.00000      -0.00000       1.59270 p1_irm_aei_16_s1
 598      15.00000       0.00000      66.10000       0.00000      -0.00000       1.59270 p1_irm_aei_16_l1
 599      15.00000       0.00000    2291.90000       0.00000      -0.00000   -3140.00000 p1_irm_aei_16_s2
 600     -15.00000       0.00000    2291.90000       0.00000      -0.00000   -3140.00000 p1_irm_aei_16_l2
 601     -15.07775       0.00139      66.12183       0.00046      -0.35898       1.60443 p2_irm_aei_16_s1
 602      14.92225       0.00103      66.11106       0.00046      -0.35898       1.60443 p2_irm_aei_16_l1
 603      14.98036       0.00095    2291.91927       0.00011       0.04329   -3139.98827 p2_irm_aei_16_s2
 604     -15.01964       0.00130    2291.91797       0.00011       0.04329   -3139.98827 p2_irm_aei_16_l2
 605     -15.00702      -0.00097      66.10292       0.00538      -0.02715       1.58472 p3_irm_aei_16_s1
 606      14.99298      -0.00073      66.10211       0.00538      -0.02715       1.58472 p3_irm_aei_16_l1
 607      14.80323      -0.00376    2291.92301      -0.01025       0.46285   -3140.00798 p3_irm_aei_16_s2
 608     -15.19677      -0.00400    2291.90913      -0.01025       0.46285   -3140.00798 p3_irm_aei_16_l2
 609     -14.87720      -0.00211      66.06410       0.02096       0.58509       1.56227 p4_irm_aei_16_s1
 610      15.12280      -0.00120      66.08165       0.02096       0.58509       1.56227 p4_irm_aei_16_l1
 611      15.57904       0.00202    2291.86507      -0.00500      -1.33932   -3140.03043 p4_irm_aei_16_s2
 612     -14.42096       0.00110    2291.90525      -0.00500      -1.33932   -3140.03043 p4_irm_aei_16_l2
