   1       0.00000       0.00000     739.80000       0.00000       0.00000       0.00000 p1_aei_15_par_1
   2       0.00000       0.00000    2041.34000      26.08587       0.00000       0.00000 p1_aei_15_par_2
   3       0.00000       0.00000    2382.00000       0.00000       0.00000       0.00000 p1_aei_15_par_3
   4       0.00000       0.00000       0.00000       0.00000       0.00000       0.00000 p1_aei_15
   5     -15.00000       0.00000      66.10000       0.00000      -0.00000   -3141.59261 p1_irm_aei_15_s1_fixed
   6      15.00000       0.00000    2291.90000       0.00000      -0.00000       0.00000 p1_irm_aei_15_s2_fixed
   7      15.00000       0.00000      66.10000       0.00000      -0.00000   -3141.59261 p1_irm_aei_15_l1_fixed
   8     -15.00000       0.00000    2291.90000       0.00000      -0.00000       0.00000 p1_irm_aei_15_l2_fixed
   9     -15.00000       0.00000     478.00000       0.00000      -0.00000       0.00000 p1_irl_aei_15_s1
  10      15.00000       0.00000    1880.00000       0.00000      -0.00000       0.00000 p1_irl_aei_15_s2
  11      15.00000       0.00000     950.50000       0.00000      -0.00000       0.00000 p1_irl_aei_15_l1
  12     -15.00000       0.00000    1407.50000       0.00000      -0.00000       0.00000 p1_irl_aei_15_l2
  13     -15.00000       0.00000     941.20000       0.00000      -0.00000       0.00000 p1_irc_aei_15_s1
  14      15.00000       0.00000    1416.80000       0.00000      -0.00000       0.00000 p1_irc_aei_15_s2
  15      15.00000       0.00000    1398.20000       0.00000      -0.00000       0.00000 p1_irc_aei_15_l1
  16     -15.00000       0.00000     959.80000       0.00000      -0.00000       0.00000 p1_irc_aei_15_l2
  17       0.00000       0.00000       0.00000       0.00000      -0.00000       0.00000 p1_irt_aei_15_r1
  18       0.00000       0.00000     397.00000       0.00000      -0.00000       0.00000 p1_irt_aei_15_r2
  19       0.00000       0.00000     794.00000       0.00000      -0.00000       0.00000 p1_irt_aei_15_r3
  20       0.00000       0.00000    1191.00000       0.00000      -0.00000       0.00000 p1_irt_aei_15_r4
  21       0.00000       0.00000    1588.00000       0.00000      -0.00000       0.00000 p1_irt_aei_15_r5
  22       0.00000       0.00000    1985.00000       0.00000      -0.00000       0.00000 p1_irt_aei_15_r6
  23       0.00000       0.00000    2382.00000       0.00000      -0.00000       0.00000 p1_irt_aei_15_r7
  24     -37.10090      97.45810      14.29060       0.00000      -0.00000       0.00000 p1_bpx_aei_ip_15_01_r1_cone
  25     -36.49370     -97.18100      14.54580       0.00000      -0.00000       0.00000 p1_bpx_aei_ho_15_01_r1_cone
  26      38.80320      97.67940      16.48110       0.00000      -0.00000       0.00000 p1_bpx_aei_ip_15_01_r1_flat
  27      39.41500     -96.96630      16.79600       0.00000      -0.00000       0.00000 p1_bpx_aei_ho_15_01_r1_flat
  28      26.06260      97.61640      56.45890       0.00000      -0.00000       0.00000 p1_bpx_aei_ip_15_01_r1_grove
  29      26.64950     -96.94770      56.75180       0.00000      -0.00000       0.00000 p1_bpx_aei_ho_15_01_r1_grove
  30      23.58140      97.57520      88.34310       0.00000      -0.00000       0.00000 p1_bpx_aei_ip_15_13_r1_cone
  31      24.15690     -96.90870      88.64190       0.00000      -0.00000       0.00000 p1_bpx_aei_ho_15_13_r1_cone
  32     -50.87950      97.38360     103.20210       0.00000      -0.00000       0.00000 p1_bpx_aei_ip_15_13_r1_grove
  33     -50.31930     -97.11370     103.45280       0.00000      -0.00000       0.00000 p1_bpx_aei_ho_15_13_r1_grove
  34     -31.64510      97.39730     140.46900       0.00000      -0.00000       0.00000 p1_bpx_aei_ip_15_13_r1_flat
  35     -31.10780     -96.98640     140.73350       0.00000      -0.00000       0.00000 p1_bpx_aei_ho_15_13_r1_flat
  36       0.01110      73.85300     193.08450       0.00000      -0.00000       0.00000 p1_srg_aei_15_r1_90deg
  37     -52.18990      52.24040     193.11190       0.00000      -0.00000       0.00000 p1_srg_aei_15_r1_135deg
  38      52.18120      52.27130     193.18410       0.00000      -0.00000       0.00000 p1_srg_aei_15_r1_45deg
  39     -55.49400       0.00000     193.18860       0.00000      -0.00000       0.00000 p1_srg_aei_15_r1_rear
  40      55.45650       0.00000     193.30000       0.00000      -0.00000       0.00000 p1_srg_aei_15_r1_front
  41     -52.14790     -51.77830     193.35550       0.00000      -0.00000       0.00000 p1_srg_aei_15_r1_225deg
  42      52.27500     -51.59830     193.36250       0.00000      -0.00000       0.00000 p1_srg_aei_15_r1_315deg
  43       0.10660     -73.28780     193.40150       0.00000      -0.00000       0.00000 p1_srg_aei_15_r1_270deg
  44      50.59990    -209.56470     247.91990       0.00000      -0.00000       0.00000 p1_baz_aei_15_14_r1_cone
  44      50.59990    -209.56470     247.91990       0.00000      -0.00000       0.00000 p1_baz_aei_15_13_r1_cone
  45     -25.33630    -209.79690     248.63970       0.00000      -0.00000       0.00000  p1_baz_aei_15_14_r1_grove
  45     -25.33630    -209.79690     248.63970       0.00000      -0.00000       0.00000  p1_baz_aei_15_13_r1_grove
  46     -13.35630    -209.76870     288.85350       0.00000      -0.00000       0.00000 p1_baz_aei_15_14_r1_flat
  46     -13.35630    -209.76870     288.85350       0.00000      -0.00000       0.00000 p1_baz_aei_15_13_r1_flat
  47     -38.40360      97.34740     324.61700       0.00000      -0.00000       0.00000 p1_bpx_aei_ip_15_01_r2_cone
  48     -37.90380     -97.09160     324.75340       0.00000      -0.00000       0.00000 p1_bpx_aei_ho_15_01_r2_cone
  49      37.49110      97.55950     327.39070       0.00000      -0.00000       0.00000 p1_bpx_aei_ip_15_01_r2_flat
  50      37.99010     -96.88330     327.52500       0.00000      -0.00000       0.00000 p1_bpx_aei_ho_15_01_r2_flat
  51      24.43540      97.52070     367.26260       0.00000      -0.00000       0.00000 p1_bpx_aei_ip_15_01_r2_grove
  52      24.93820     -96.91560     367.39470       0.00000      -0.00000       0.00000 p1_bpx_aei_ho_15_01_r2_grove
  53      27.93090      97.55080     401.82610       0.00000      -0.00000       0.00000 p1_bpx_aei_ip_15_13_r2_cone
  54      28.44360     -96.89260     401.95970       0.00000      -0.00000       0.00000 p1_bpx_aei_ho_15_13_r2_cone
  55     -46.64850      97.36370     416.11320       0.00000      -0.00000       0.00000 p1_bpx_aei_ip_15_13_r2_grove
  56     -46.13220     -97.10690     416.25210       0.00000      -0.00000       0.00000 p1_bpx_aei_ho_15_13_r2_grove
  57     -27.69580      97.39680     453.53600       0.00000      -0.00000       0.00000 p1_bpx_aei_ip_15_13_r2_flat
  58     -27.17210     -97.02980     453.66750       0.00000      -0.00000       0.00000 p1_bpx_aei_ho_15_13_r2_flat
  59      55.53950      -0.08900     477.78040       0.00000      -0.00000       0.00000 p1_irl_aei_15_r1_front
  60     -36.13160    -209.93660     548.97930       0.00000      -0.00000       0.00000 p1_baz_aei_15_16_r1_cone
  60     -36.13160    -209.93660     548.97930       0.00000      -0.00000       0.00000 p1_baz_aei_15_01_r1_cone
  61      38.02600    -209.65860     565.34330       0.00000      -0.00000       0.00000 p1_baz_aei_15_16_r1_flat
  61      38.02600    -209.65860     565.34330       0.00000      -0.00000       0.00000 p1_baz_aei_15_01_r1_flat
  62      18.03350    -209.73040     602.21700       0.00000      -0.00000       0.00000  p1_baz_aei_15_16_r1_grove
  62      18.03350    -209.73040     602.21700       0.00000      -0.00000       0.00000  p1_baz_aei_15_01_r1_grove
  63      -5.91140      42.29790     719.79530       0.00000      -0.00000       0.00000 p1_slm_aei_15_surf_r1
  64     -37.60090      97.32560     811.84440       0.00000      -0.00000       0.00000 p1_bpx_aei_ip_15_01_r3_cone
  65     -37.09000     -97.22650     811.97510       0.00000      -0.00000       0.00000 p1_bpx_aei_ho_15_01_r3_cone
  66      38.25080      97.54920     815.47510       0.00000      -0.00000       0.00000 p1_bpx_aei_ip_15_01_r3_flat
  67      38.77250     -97.02640     815.64810       0.00000      -0.00000       0.00000 p1_bpx_aei_ho_15_01_r3_flat
  68      24.75650      97.52390     855.20010       0.00000      -0.00000       0.00000 p1_bpx_aei_ip_15_01_r3_grove
  69      25.25060     -97.00640     855.35990       0.00000      -0.00000       0.00000 p1_bpx_aei_ho_15_01_r3_grove
  70      27.52960      97.56310     891.98450       0.00000      -0.00000       0.00000 p1_bpx_aei_ip_15_13_r3_cone
  71      28.00840     -96.95300     892.14050       0.00000      -0.00000       0.00000 p1_bpx_aei_ho_15_13_r3_cone
  72     -47.20760      97.39870     905.43060       0.00000      -0.00000       0.00000 p1_bpx_aei_ip_15_13_r3_grove
  73     -46.73700     -97.14310     905.55450       0.00000      -0.00000       0.00000 p1_bpx_aei_ho_15_13_r3_grove
  74     -28.67530      97.45910     943.05890       0.00000      -0.00000       0.00000 p1_bpx_aei_ip_15_13_r3_flat
  75     -28.22000     -97.01990     943.19000       0.00000      -0.00000       0.00000 p1_bpx_aei_ho_15_13_r3_flat
  76      55.38540       0.00920     950.52910       0.00000      -0.00000       0.00000 p1_irc_aei_15_r1_front
  77      55.38440      -0.13750    1178.62170       0.00000      -0.00000       0.00000 p1_mid_aei_15_front
  78     -37.00910      97.32900    1241.10590       0.00000      -0.00000       0.00000 p1_bpx_aei_ip_15_01_r4_cone
  79     -36.47740     -97.15880    1241.20420       0.00000      -0.00000       0.00000 p1_bpx_aei_ho_15_01_r4_cone
  80      38.81290      97.49960    1245.20030       0.00000      -0.00000       0.00000 p1_bpx_aei_ip_15_01_r4_flat
  81      39.35080     -96.93940    1245.33120       0.00000      -0.00000       0.00000 p1_bpx_aei_ho_15_01_r4_flat
  82      25.07360      97.48770    1284.84010       0.00000      -0.00000       0.00000 p1_bpx_aei_ip_15_01_r4_grove
  83      25.59140     -96.98570    1284.93760       0.00000      -0.00000       0.00000 p1_bpx_aei_ho_15_01_r4_grove
  84      40.49680      97.56090    1319.23040       0.00000      -0.00000       0.00000 p1_bpx_aei_ip_15_13_r4_cone
  85      40.99590     -96.91040    1319.36400       0.00000      -0.00000       0.00000 p1_bpx_aei_ho_15_13_r4_cone
  86     -34.32030      97.40260    1332.21510       0.00000      -0.00000       0.00000 p1_bpx_aei_ip_15_13_r4_grove
  87     -33.82350     -97.09920    1332.31370       0.00000      -0.00000       0.00000 p1_bpx_aei_ho_15_13_r4_grove
  88     -15.99480      97.46040    1369.98400       0.00000      -0.00000       0.00000 p1_bpx_aei_ip_15_13_r4_flat
  89     -15.53040     -97.01840    1370.07460       0.00000      -0.00000       0.00000 p1_bpx_aei_ho_15_13_r4_flat
  90      55.43100      -0.05910    1407.11760       0.00000      -0.00000       0.00000 p1_irc_aei_15_r2_front
  91     -28.06390    -172.60240    1465.20850       0.00000      -0.00000       0.00000  p1_baz_aei_15_16_r2_grove
  91     -28.06390    -172.60240    1465.20850       0.00000      -0.00000       0.00000  p1_baz_aei_15_14_r2_grove
  92      42.32830    -172.43040    1493.74380       0.00000      -0.00000       0.00000 p1_baz_aei_15_16_r2_cone
  92      42.32830    -172.43040    1493.74380       0.00000      -0.00000       0.00000 p1_baz_aei_15_14_r2_cone
  93     -32.46560    -172.70380    1506.93600       0.00000      -0.00000       0.00000 p1_baz_aei_15_16_r2_flat
  93     -32.46560    -172.70380    1506.93600       0.00000      -0.00000       0.00000 p1_baz_aei_15_14_r2_flat
  94     -27.37760      97.23460    1666.14330       0.00000      -0.00000       0.00000 p1_bpx_aei_ip_15_01_r5_cone
  95     -26.87160     -97.26410    1666.27100       0.00000      -0.00000       0.00000 p1_bpx_aei_ho_15_01_r5_cone
  96      48.46220      97.41050    1670.23260       0.00000      -0.00000       0.00000 p1_bpx_aei_ip_15_01_r5_flat
  97      48.96740     -97.02560    1670.41080       0.00000      -0.00000       0.00000 p1_bpx_aei_ho_15_01_r5_flat
  98      34.71340      97.39270    1709.87300       0.00000      -0.00000       0.00000 p1_bpx_aei_ip_15_01_r5_grove
  99      35.20000     -97.05690    1710.03910       0.00000      -0.00000       0.00000 p1_bpx_aei_ho_15_01_r5_grove
 100      46.77680      97.45310    1758.94920       0.00000      -0.00000       0.00000 p1_bpx_aei_ip_15_13_r5_cone
 101      47.23630     -97.02730    1759.12560       0.00000      -0.00000       0.00000 p1_bpx_aei_ho_15_13_r5_cone
 102     -28.03770      97.29030    1771.92950       0.00000      -0.00000       0.00000 p1_bpx_aei_ip_15_13_r5_grove
 103     -27.58950     -97.22690    1772.06470       0.00000      -0.00000       0.00000 p1_bpx_aei_ho_15_13_r5_grove
 104      -9.74030      97.34070    1809.67310       0.00000      -0.00000       0.00000 p1_bpx_aei_ip_15_13_r5_flat
 105      -9.32030     -97.15090    1809.82210       0.00000      -0.00000       0.00000 p1_bpx_aei_ho_15_13_r5_flat
 106      55.43160      -0.28350    1879.95410       0.00000      -0.00000       0.00000 p1_irl_aei_15_r2_front
 107     -13.36810      41.41940    2021.31200       0.00000      -0.00000       0.00000 p1_gim_aei_15_surf_r1
 108     -52.43820      51.92730    2116.03050       0.00000      -0.00000       0.00000 p1_srg_aei_15_r2_135deg
 109     -55.64360      -0.35420    2116.03600       0.00000      -0.00000       0.00000 p1_srg_aei_15_r2_rear
 110      -0.38130      73.59990    2116.05900       0.00000      -0.00000       0.00000 p1_srg_aei_15_r2_90deg
 111      51.91820      52.23580    2116.10930       0.00000      -0.00000       0.00000 p1_srg_aei_15_r2_45deg
 112      55.45650       0.00000    2116.11690       0.00000      -0.00000       0.00000 p1_srg_aei_15_r2_front
 113     -51.97090     -52.19110    2116.17030       0.00000      -0.00000       0.00000 p1_srg_aei_15_r2_225deg
 114       0.35340     -73.44240    2116.17660       0.00000      -0.00000       0.00000 p1_srg_aei_15_r2_270deg
 115      52.40930     -51.61730    2116.19380       0.00000      -0.00000       0.00000 p1_srg_aei_15_r2_315deg
 116     -34.62240      97.33780    2206.41050       0.00000      -0.00000       0.00000 p1_bpx_aei_ip_15_01_r6_cone
 117     -34.20780     -97.24960    2206.73900       0.00000      -0.00000       0.00000 p1_bpx_aei_ho_15_01_r6_cone
 118      41.20670      97.40410    2210.54520       0.00000      -0.00000       0.00000 p1_bpx_aei_ip_15_01_r6_flat
 119      41.61810     -96.97210    2210.85170       0.00000      -0.00000       0.00000 p1_bpx_aei_ho_15_01_r6_flat
 120      27.43650      97.38830    2250.17830       0.00000      -0.00000       0.00000 p1_bpx_aei_ip_15_01_r6_grove
 121      27.86090     -97.04090    2250.48370       0.00000      -0.00000       0.00000 p1_bpx_aei_ho_15_01_r6_grove
 122      39.57010      97.41320    2332.26230       0.00000      -0.00000       0.00000 p1_bpx_aei_ip_15_13_r6_cone
 123      40.02450     -97.05220    2332.56630       0.00000      -0.00000       0.00000 p1_bpx_aei_ho_15_13_r6_cone
 124     -35.24970      97.30650    2345.20430       0.00000      -0.00000       0.00000 p1_bpx_aei_ip_15_13_r6_grove
 125     -34.79900     -97.29350    2345.52210       0.00000      -0.00000       0.00000 p1_bpx_aei_ho_15_13_r6_grove
 126     -16.97100      97.31100    2382.95770       0.00000      -0.00000       0.00000 p1_bpx_aei_ip_15_13_r6_flat
 127     -16.54420     -97.28150    2383.27170       0.00000      -0.00000       0.00000 p1_bpx_aei_ho_15_13_r6_flat
 128      99.23850       0.16269     739.80000       0.00000       0.00000       0.00000 p2_aei_15_par_1
 129     132.85709       0.48369    2041.34000      26.08587       0.00000       0.00000 p2_aei_15_par_2
 130      -6.60723       0.64189    2382.00000    2117.81794       1.06581      -0.00092 p2_aei_15_par_3
 131       0.37291       0.00104       0.03258       0.00071       0.17522       0.01186 p2_aei_15
 132     -15.08315       0.00029      66.14254       0.00247      -0.67013   -3141.58075 p2_irm_aei_15_s1_fixed
 133      14.95555       0.00203    2291.94106      -0.00146       0.23542       0.01186 p2_irm_aei_15_s2_fixed
 134      14.91685      -0.00007      66.12244       0.00247      -0.67013   -3141.58075 p2_irm_aei_15_l1_fixed
 135     -15.04445       0.00238    2291.93400      -0.00146       0.23542       0.01186 p2_irm_aei_15_l2_fixed
 136     -14.83983       0.00125     478.03984       0.00213      -0.45772       0.01186 p2_irl_aei_15_s1
 137      15.05471       0.00240    1880.04079      -0.00019       0.24617       0.01186 p2_irl_aei_15_s2
 138      15.24924       0.00170     950.53547       0.00126       0.07846       0.01186 p2_irl_aei_15_l1
 139     -14.83239       0.00255    1407.53247       0.00091       0.22313       0.01186 p2_irl_aei_15_l2
 140     -14.75006       0.00204     941.23320       0.00127       0.07073       0.01186 p2_irc_aei_15_s1
 141      15.16553       0.00220    1416.83920       0.00090       0.22408       0.01186 p2_irc_aei_15_s2
 142      15.16968       0.00218    1398.23912       0.00093       0.22216       0.01186 p2_irc_aei_15_l1
 143     -14.75152       0.00206     959.83304       0.00125       0.08596       0.01186 p2_irc_aei_15_l2
 144      -0.12763      -0.00005       0.03250       0.00248      -0.67427       0.01186 p2_irt_aei_15_r1
 145       0.12029       0.00090     397.03282       0.00224      -0.52489       0.01186 p2_irt_aei_15_r2
 146       0.24973       0.00166     794.03380       0.00152      -0.08362       0.01186 p2_irt_aei_15_r3
 147       0.21311       0.00215    1191.03509       0.00107       0.19537       0.01186 p2_irt_aei_15_r4
 148       0.12588       0.00251    1588.03637       0.00062       0.23801       0.01186 p2_irt_aei_15_r5
 149       0.02894       0.00254    1985.03729      -0.00057       0.24429       0.01186 p2_irt_aei_15_r6
 150      -0.06563       0.00207    2382.03750      -0.00151       0.23491       0.01186 p2_irt_aei_15_r7
 151     -37.10328      97.46162      14.29158       0.00248      -0.67407       0.01186 p2_bpx_aei_ip_15_01_r1_cone
 152     -36.49052     -97.17879      14.54685       0.00248      -0.67407       0.01186 p2_bpx_aei_ho_15_01_r1_cone
 153      38.80024      97.68042      16.48102       0.00248      -0.67401       0.01186 p2_bpx_aei_ip_15_01_r1_flat
 154      39.41274     -96.96628      16.79119       0.00248      -0.67400       0.01186 p2_bpx_aei_ho_15_01_r1_flat
 155      26.06203      97.61628      56.45489       0.00248      -0.67125       0.01186 p2_bpx_aei_ip_15_01_r1_grove
 156      26.64432     -96.94753      56.75158       0.00248      -0.67122       0.01186 p2_bpx_aei_ho_15_01_r1_grove
 157      23.57987      97.57358      88.34678       0.00247      -0.66687       0.01186 p2_bpx_aei_ip_15_13_r1_cone
 158      24.15576     -96.90982      88.64038       0.00247      -0.66682       0.01186 p2_bpx_aei_ho_15_13_r1_cone
 159     -50.87878      97.38160     103.20701       0.00246      -0.66418       0.01186 p2_bpx_aei_ip_15_13_r1_grove
 160     -50.31803     -97.11370     103.45201       0.00246      -0.66414       0.01186 p2_bpx_aei_ho_15_13_r1_grove
 161     -31.64527      97.38847     140.47340       0.00245      -0.65558       0.01186 p2_bpx_aei_ip_15_13_r1_flat
 162     -31.10340     -96.98344     140.73582       0.00245      -0.65551       0.01186 p2_bpx_aei_ho_15_13_r1_flat
 163     -52.18862      52.24314     193.11617       0.00242      -0.63895       0.01186 p2_srg_aei_15_r1_135deg
 164       0.01185      73.85182     193.08856       0.00242      -0.63894       0.01186 p2_srg_aei_15_r1_90deg
 165     -55.49410       0.00108     193.18350       0.00242      -0.63892       0.01186 p2_srg_aei_15_r1_rear
 166      52.18308      52.26820     193.18758       0.00242      -0.63889       0.01186 p2_srg_aei_15_r1_45deg
 167     -52.14760     -51.77776     193.35349       0.00242      -0.63886       0.01186 p2_srg_aei_15_r1_225deg
 168      55.45693      -0.00024     193.29712       0.00242      -0.63885       0.01186 p2_srg_aei_15_r1_front
 169      52.27576     -51.59760     193.35758       0.00242      -0.63883       0.01186 p2_srg_aei_15_r1_315deg
 170       0.10490     -73.28898     193.39816       0.00242      -0.63883       0.01186 p2_srg_aei_15_r1_270deg
 171      50.60054    -209.56505     247.91875       0.00239      -0.61602       0.01186 p2_baz_aei_15_14_r1_cone
 171      50.60054    -209.56505     247.91875       0.00239      -0.61602       0.01186 p2_baz_aei_15_13_r1_cone
 172     -25.33635    -209.79754     248.64062       0.00239      -0.61570       0.01186  p2_baz_aei_15_14_r1_grove
 172     -25.33635    -209.79754     248.64062       0.00239      -0.61570       0.01186  p2_baz_aei_15_13_r1_grove
 173     -13.35639    -209.77069     288.85243       0.00235      -0.59521       0.01186 p2_baz_aei_15_14_r1_flat
 173     -13.35639    -209.77069     288.85243       0.00235      -0.59521       0.01186 p2_baz_aei_15_13_r1_flat
 174     -38.40234      97.34739     324.62138       0.00232      -0.57443       0.01186 p2_bpx_aei_ip_15_01_r2_cone
 175     -37.90246     -97.09342     324.75374       0.00232      -0.57435       0.01186 p2_bpx_aei_ho_15_01_r2_cone
 176      37.49339      97.55640     327.39305       0.00232      -0.57269       0.01186 p2_bpx_aei_ip_15_01_r2_flat
 177      37.98986     -96.88461     327.52432       0.00232      -0.57261       0.01186 p2_bpx_aei_ho_15_01_r2_flat
 178      24.43731      97.52134     367.26555       0.00227      -0.54644       0.01186 p2_bpx_aei_ip_15_01_r2_grove
 179      24.94147     -96.91556     367.39302       0.00227      -0.54635       0.01186 p2_bpx_aei_ho_15_01_r2_grove
 180      27.93427      97.55188     401.82921       0.00223      -0.52125       0.01186 p2_bpx_aei_ip_15_13_r2_cone
 181      28.44403     -96.89453     401.96018       0.00223      -0.52115       0.01186 p2_bpx_aei_ho_15_13_r2_cone
 182     -46.64510      97.36410     416.11520       0.00221      -0.51021       0.01186 p2_bpx_aei_ip_15_13_r2_grove
 183     -46.12943     -97.10691     416.24997       0.00221      -0.51010       0.01186 p2_bpx_aei_ho_15_13_r2_grove
 184     -27.69407      97.39385     453.53616       0.00216      -0.47936       0.01186 p2_bpx_aei_ip_15_13_r2_flat
 185     -27.17201     -97.02625     453.66443       0.00216      -0.47925       0.01186 p2_bpx_aei_ho_15_13_r2_flat
 186      55.53567      -0.08788     477.78472       0.00213      -0.45792       0.01186 p2_irl_aei_15_r1_front
 187     -36.13325    -209.93625     548.97888       0.00202      -0.38868       0.01186 p2_baz_aei_15_16_r1_cone
 187     -36.13325    -209.93625     548.97888       0.00202      -0.38868       0.01186 p2_baz_aei_15_01_r1_cone
 188      38.02419    -209.65589     565.34105       0.00199      -0.37137       0.01186 p2_baz_aei_15_16_r1_flat
 188      38.02419    -209.65589     565.34105       0.00199      -0.37137       0.01186 p2_baz_aei_15_01_r1_flat
 189      18.03343    -209.73238     602.21668       0.00192      -0.33058       0.01186  p2_baz_aei_15_16_r1_grove
 189      18.03343    -209.73238     602.21668       0.00192      -0.33058       0.01186  p2_baz_aei_15_01_r1_grove
 190      -5.67081      42.29901     719.79810       0.00168      -0.18327       0.01186 p2_slm_aei_15_surf_r1
 191     -37.60413      97.32973     811.84845       0.00148      -0.06175       0.01186 p2_bpx_aei_ip_15_01_r3_cone
 192     -37.09223     -97.22637     811.97530       0.00148      -0.06160       0.01186 p2_bpx_aei_ho_15_01_r3_cone
 193      38.24879      97.54814     815.47764       0.00148      -0.05740       0.01186 p2_bpx_aei_ip_15_01_r3_flat
 194      38.77040     -97.02557     815.64371       0.00148      -0.05720       0.01186 p2_bpx_aei_ho_15_01_r3_flat
 195      24.75706      97.52846     855.20296       0.00140      -0.01219       0.01186 p2_bpx_aei_ip_15_01_r3_grove
 196      25.25115     -97.00735     855.35953       0.00140      -0.01202       0.01186 p2_bpx_aei_ho_15_01_r3_grove
 197      27.52790      97.56257     891.98778       0.00134       0.02577       0.01186 p2_bpx_aei_ip_15_13_r3_cone
 198      28.00599     -96.95323     892.14116       0.00134       0.02592       0.01186 p2_bpx_aei_ho_15_13_r3_cone
 199     -47.21034      97.40158     905.43228       0.00132       0.03871       0.01186 p2_bpx_aei_ip_15_13_r3_grove
 200     -46.73895     -97.14493     905.55105       0.00132       0.03882       0.01186 p2_bpx_aei_ho_15_13_r3_grove
 201     -28.67894      97.45901     943.06106       0.00127       0.07227       0.01186 p2_bpx_aei_ip_15_13_r3_flat
 202     -28.22275     -97.02320     943.18303       0.00127       0.07237       0.01186 p2_bpx_aei_ho_15_13_r3_flat
 203      55.39304       0.00942     950.53392       0.00126       0.07846       0.01186 p2_irc_aei_15_r1_front
 204      55.38402      -0.13702    1178.62422       0.00107       0.19325       0.01186 p2_mid_aei_15_front
 205     -37.00801      97.33034    1241.11172       0.00105       0.20276       0.01186 p2_bpx_aei_ip_15_01_r4_cone
 206     -36.47824     -97.15766    1241.20123       0.00105       0.20277       0.01186 p2_bpx_aei_ho_15_01_r4_cone
 207      38.81526      97.50125    1245.20473       0.00105       0.20333       0.01186 p2_bpx_aei_ip_15_01_r4_flat
 208      39.35023     -96.94336    1245.33494       0.00105       0.20335       0.01186 p2_bpx_aei_ho_15_01_r4_flat
 209      25.07489      97.48825    1284.84530       0.00103       0.20873       0.01186 p2_bpx_aei_ip_15_01_r4_grove
 210      25.59247     -96.98645    1284.93521       0.00103       0.20874       0.01186 p2_bpx_aei_ho_15_01_r4_grove
 211      40.50004      97.56090    1319.23542       0.00100       0.21312       0.01186 p2_bpx_aei_ip_15_13_r4_cone
 212      40.99771     -96.90950    1319.36282       0.00100       0.21313       0.01186 p2_bpx_aei_ho_15_13_r4_cone
 213     -34.31794      97.40440    1332.21956       0.00099       0.21470       0.01186 p2_bpx_aei_ip_15_13_r4_grove
 214     -33.82367     -97.09720    1332.31206       0.00099       0.21471       0.01186 p2_bpx_aei_ho_15_13_r4_grove
 215     -15.99613      97.46172    1369.97105       0.00096       0.21909       0.01186 p2_bpx_aei_ip_15_13_r4_flat
 216     -15.52836     -97.01948    1370.07314       0.00096       0.21910       0.01186 p2_bpx_aei_ho_15_13_r4_flat
 217      55.43160      -0.06159    1407.11554       0.00091       0.22309       0.01186 p2_irc_aei_15_r2_front
 218     -28.06377    -172.60115    1465.20739       0.00084       0.22871       0.01186  p2_baz_aei_15_16_r2_grove
 218     -28.06377    -172.60115    1465.20739       0.00084       0.22871       0.01186  p2_baz_aei_15_14_r2_grove
 219      42.32887    -172.43076    1493.74237       0.00079       0.23118       0.01186 p2_baz_aei_15_16_r2_cone
 219      42.32887    -172.43076    1493.74237       0.00079       0.23118       0.01186 p2_baz_aei_15_14_r2_cone
 220     -32.46389    -172.70326    1506.93499       0.00077       0.23226       0.01186 p2_baz_aei_15_16_r2_flat
 220     -32.46389    -172.70326    1506.93499       0.00077       0.23226       0.01186 p2_baz_aei_15_14_r2_flat
 221     -27.37893      97.23598    1666.13969       0.00044       0.24212       0.01186 p2_bpx_aei_ip_15_01_r5_cone
 222     -26.86907     -97.26753    1666.27060       0.00044       0.24213       0.01186 p2_bpx_aei_ho_15_01_r5_cone
 223      48.46128      97.40968    1670.23107       0.00043       0.24230       0.01186 p2_bpx_aei_ip_15_01_r5_flat
 224      48.96893     -97.02483    1670.40958       0.00043       0.24230       0.01186 p2_bpx_aei_ho_15_01_r5_flat
 225      34.71175      97.39286    1709.87151       0.00033       0.24381       0.01186 p2_bpx_aei_ip_15_01_r5_grove
 226      35.20100     -97.05665    1710.03730       0.00033       0.24381       0.01186 p2_bpx_aei_ho_15_01_r5_grove
 227      46.77375      97.45033    1758.94755       0.00019       0.24517       0.01186 p2_bpx_aei_ip_15_13_r5_cone
 228      47.23620     -97.02658    1759.12531       0.00019       0.24518       0.01186 p2_bpx_aei_ho_15_13_r5_cone
 229     -28.04014      97.29091    1771.92894       0.00016       0.24544       0.01186 p2_bpx_aei_ip_15_13_r5_grove
 230     -27.59058     -97.22609    1772.06418       0.00016       0.24544       0.01186 p2_bpx_aei_ho_15_13_r5_grove
 231      -9.73962      97.33920    1809.67183       0.00004       0.24600       0.01186 p2_bpx_aei_ip_15_13_r5_flat
 232      -9.31546     -97.14860    1809.81914       0.00004       0.24600       0.01186 p2_bpx_aei_ho_15_13_r5_flat
 233      55.42933      -0.28308    1879.95353      -0.00019       0.24617       0.01186 p2_irl_aei_15_r2_front
 234     -13.34661      41.42208    2021.31222      -0.00072       0.24305       0.01186 p2_gim_aei_15_surf_r1
 235     -52.43963      51.92395    2116.03156      -0.00108       0.23937       0.01186 p2_srg_aei_15_r2_135deg
 236     -55.64575      -0.35351    2116.03913      -0.00108       0.23937       0.01186 p2_srg_aei_15_r2_rear
 237      -0.38358      73.59954    2116.05964      -0.00108       0.23937       0.01186 p2_srg_aei_15_r2_90deg
 238      51.91686      52.23502    2116.10993      -0.00108       0.23937       0.01186 p2_srg_aei_15_r2_45deg
 239      55.45374       0.00177    2116.11593      -0.00108       0.23937       0.01186 p2_srg_aei_15_r2_front
 240       0.35115     -73.44417    2116.17656      -0.00108       0.23937       0.01186 p2_srg_aei_15_r2_270deg
 241      52.40761     -51.61459    2116.19334      -0.00108       0.23937       0.01186 p2_srg_aei_15_r2_315deg
 242     -51.97270     -52.19275    2116.17085      -0.00108       0.23937       0.01186 p2_srg_aei_15_r2_225deg
 243     -34.62360      97.33773    2206.41115      -0.00132       0.23686       0.01186 p2_bpx_aei_ip_15_01_r6_cone
 244     -34.20949     -97.24877    2206.74039      -0.00132       0.23685       0.01186 p2_bpx_aei_ho_15_01_r6_cone
 245      41.20622      97.40483    2210.54771      -0.00133       0.23677       0.01186 p2_bpx_aei_ip_15_01_r6_flat
 246      41.61544     -96.97258    2210.84965      -0.00133       0.23676       0.01186 p2_bpx_aei_ho_15_01_r6_flat
 247      27.43505      97.38564    2250.17845      -0.00141       0.23601       0.01186 p2_bpx_aei_ip_15_01_r6_grove
 248      27.85967     -97.03907    2250.48238      -0.00141       0.23600       0.01186 p2_bpx_aei_ho_15_01_r6_grove
 249      39.57172      97.41167    2332.26269      -0.00150       0.23507       0.01186 p2_bpx_aei_ip_15_13_r6_cone
 250      40.02635     -97.05313    2332.56480      -0.00150       0.23506       0.01186 p2_bpx_aei_ho_15_13_r6_cone
 251     -35.24922      97.30964    2345.20680      -0.00150       0.23499       0.01186 p2_bpx_aei_ip_15_13_r6_grove
 252     -34.80010     -97.29526    2345.52201      -0.00150       0.23499       0.01186 p2_bpx_aei_ho_15_13_r6_grove
 253     -16.96909      97.31067    2382.95868      -0.00151       0.23491       0.01186 p2_bpx_aei_ip_15_13_r6_flat
 254     -16.54337     -97.27854    2383.27078      -0.00151       0.23491       0.01186 p2_bpx_aei_ho_15_13_r6_flat
 255       1.79716       0.06768     739.80000       0.00000       0.00000       0.00000 p3_aei_15_par_1
 256     140.34816      -0.84771    2041.34000      26.08587       0.00000       0.00000 p3_aei_15_par_2
 257      88.84701      -0.53233    2382.00000    3296.14951       0.31411      -0.00038 p3_aei_15_par_3
 258      -0.09036       0.00057      -0.00639       0.00028      -0.04342       0.03334 p3_aei_15
 259     -14.99247       0.00001      66.09235       0.00201       0.09426   -3141.55926 p3_irm_aei_15_s1_fixed
 260      14.98907       0.00076    2291.90201       0.00073       0.07364       0.03334 p3_irm_aei_15_s2_fixed
 261      15.00753      -0.00099      66.09518       0.00201       0.09426   -3141.55926 p3_irm_aei_15_l1_fixed
 262     -15.01093       0.00176    2291.89980       0.00073       0.07364       0.03334 p3_irm_aei_15_l2_fixed
 263     -15.03189       0.00081     477.99351       0.00186       0.09810       0.03334 p3_irl_aei_15_s1
 264      14.98880       0.00064    1879.99847      -0.00027      -0.09359       0.03334 p3_irl_aei_15_s2
 265      14.92144       0.00059     950.49784       0.00130       0.07948       0.03334 p3_irl_aei_15_l1
 266     -15.07176       0.00184    1407.50000      -0.00021      -0.11239       0.03334 p3_irl_aei_15_l2
 267     -15.07781       0.00158     941.19539       0.00132       0.08178       0.03334 p3_irc_aei_15_s1
 268      14.92929       0.00083    1416.79662      -0.00023      -0.11494       0.03334 p3_irc_aei_15_s2
 269      14.92720       0.00084    1398.19664      -0.00019      -0.10973       0.03334 p3_irc_aei_15_l1
 270     -15.07928       0.00160     959.79552       0.00127       0.07706       0.03334 p3_irc_aei_15_l2
 271       0.01376      -0.00063      -0.00640       0.00201       0.09418       0.03334 p3_irt_aei_15_r1
 272      -0.02399       0.00016     396.99472       0.00191       0.09689       0.03334 p3_irt_aei_15_r2
 273      -0.06385       0.00086     793.99608       0.00159       0.10300       0.03334 p3_irt_aei_15_r3
 274      -0.08724       0.00131    1190.99753       0.00049      -0.02002       0.03334 p3_irt_aei_15_r4
 275      -0.04824       0.00127    1587.99894      -0.00047      -0.14089       0.03334 p3_irt_aei_15_r5
 276      -0.00361       0.00113    1985.00017      -0.00000      -0.04837       0.03334 p3_irt_aei_15_r6
 277      -0.01798       0.00133    2382.00108       0.00077       0.08052       0.03334 p3_irt_aei_15_r7
 278     -37.10104      97.46154      14.29134       0.00201       0.09419       0.03334 p3_bpx_aei_ip_15_01_r1_cone
 279     -36.49315     -97.18008      14.54579       0.00201       0.09419       0.03334 p3_bpx_aei_ho_15_01_r1_cone
 280      38.80186      97.67941      16.48230       0.00201       0.09419       0.03334 p3_bpx_aei_ip_15_01_r1_flat
 281      39.41354     -96.97151      16.79425       0.00201       0.09419       0.03334 p3_bpx_aei_ho_15_01_r1_flat
 282      26.06259      97.61392      56.45800       0.00201       0.09424       0.03334 p3_bpx_aei_ip_15_01_r1_grove
 283      26.64678     -96.95060      56.75145       0.00201       0.09424       0.03334 p3_bpx_aei_ho_15_01_r1_grove
 284      23.58039      97.57467      88.34665       0.00201       0.09432       0.03334 p3_bpx_aei_ip_15_13_r1_cone
 285      24.15657     -96.90815      88.64249       0.00201       0.09432       0.03334 p3_bpx_aei_ho_15_13_r1_cone
 286     -50.88042      97.38328     103.20526       0.00200       0.09437       0.03334 p3_bpx_aei_ip_15_13_r1_grove
 287     -50.31873     -97.11124     103.45151       0.00200       0.09437       0.03334 p3_bpx_aei_ho_15_13_r1_grove
 288     -31.64544      97.40001     140.47227       0.00200       0.09452       0.03334 p3_bpx_aei_ip_15_13_r1_flat
 289     -31.10435     -96.98421     140.73361       0.00200       0.09452       0.03334 p3_bpx_aei_ho_15_13_r1_flat
 290       0.01239      73.85026     193.08626       0.00199       0.09482       0.03334 p3_srg_aei_15_r1_90deg
 291     -52.18933      52.24110     193.11375       0.00199       0.09482       0.03334 p3_srg_aei_15_r1_135deg
 292      52.18206      52.26962     193.18755       0.00199       0.09482       0.03334 p3_srg_aei_15_r1_45deg
 293     -55.49538       0.00161     193.18284       0.00199       0.09482       0.03334 p3_srg_aei_15_r1_rear
 294      55.45201      -0.00209     193.29936       0.00199       0.09482       0.03334 p3_srg_aei_15_r1_front
 295      52.27398     -51.59828     193.35737       0.00199       0.09482       0.03334 p3_srg_aei_15_r1_315deg
 296     -52.14802     -51.77780     193.35216       0.00199       0.09482       0.03334 p3_srg_aei_15_r1_225deg
 297       0.10526     -73.28724     193.39756       0.00199       0.09482       0.03334 p3_srg_aei_15_r1_270deg
 298      50.59953    -209.56722     247.91960       0.00197       0.09524       0.03334 p3_baz_aei_15_14_r1_cone
 298      50.59953    -209.56722     247.91960       0.00197       0.09524       0.03334 p3_baz_aei_15_13_r1_cone
 299     -25.33575    -209.79969     248.63857       0.00197       0.09524       0.03334  p3_baz_aei_15_14_r1_grove
 299     -25.33575    -209.79969     248.63857       0.00197       0.09524       0.03334  p3_baz_aei_15_13_r1_grove
 300     -13.35688    -209.76901     288.85312       0.00196       0.09561       0.03334 p3_baz_aei_15_14_r1_flat
 300     -13.35688    -209.76901     288.85312       0.00196       0.09561       0.03334 p3_baz_aei_15_13_r1_flat
 301     -38.40257      97.34860     324.61962       0.00194       0.09599       0.03334 p3_bpx_aei_ip_15_01_r2_cone
 302     -37.90256     -97.09392     324.75244       0.00194       0.09599       0.03334 p3_bpx_aei_ho_15_01_r2_cone
 303      37.49267      97.56017     327.39321       0.00194       0.09602       0.03334 p3_bpx_aei_ip_15_01_r2_flat
 304      37.99078     -96.88594     327.52504       0.00194       0.09602       0.03334 p3_bpx_aei_ho_15_01_r2_flat
 305      24.43573      97.52189     367.26380       0.00192       0.09650       0.03334 p3_bpx_aei_ip_15_01_r2_grove
 306      24.93964     -96.91523     367.39222       0.00192       0.09650       0.03334 p3_bpx_aei_ho_15_01_r2_grove
 307      27.93179      97.55064     401.82876       0.00191       0.09695       0.03334 p3_bpx_aei_ip_15_13_r2_cone
 308      28.44240     -96.89628     401.95868       0.00191       0.09696       0.03334 p3_bpx_aei_ho_15_13_r2_cone
 309     -46.64780      97.36275     416.11516       0.00190       0.09715       0.03334 p3_bpx_aei_ip_15_13_r2_grove
 310     -46.13080     -97.10677     416.25088       0.00190       0.09716       0.03334 p3_bpx_aei_ho_15_13_r2_grove
 311     -27.69415      97.39609     453.53881       0.00188       0.09771       0.03334 p3_bpx_aei_ip_15_13_r2_flat
 312     -27.17134     -97.02723     453.66543       0.00188       0.09772       0.03334 p3_bpx_aei_ho_15_13_r2_flat
 313      55.53313      -0.08974     477.78353       0.00186       0.09810       0.03334 p3_irl_aei_15_r1_front
 314     -36.13280    -209.93785     548.97871       0.00182       0.09936       0.03334 p3_baz_aei_15_16_r1_cone
 314     -36.13280    -209.93785     548.97871       0.00182       0.09936       0.03334 p3_baz_aei_15_01_r1_cone
 315      38.02749    -209.66100     565.34055       0.00180       0.09967       0.03334 p3_baz_aei_15_16_r1_flat
 315      38.02749    -209.66100     565.34055       0.00180       0.09967       0.03334 p3_baz_aei_15_01_r1_flat
 316      18.03360    -209.73117     602.21619       0.00178       0.10041       0.03334  p3_baz_aei_15_16_r1_grove
 316      18.03360    -209.73117     602.21619       0.00178       0.10041       0.03334  p3_baz_aei_15_01_r1_grove
 317      -5.96726      42.29864     719.79863       0.00168       0.10308       0.03334 p3_slm_aei_15_surf_r1
 318     -37.60224      97.32944     811.84696       0.00157       0.10196       0.03334 p3_bpx_aei_ip_15_01_r3_cone
 319     -37.09044     -97.22287     811.97392       0.00157       0.10195       0.03334 p3_bpx_aei_ho_15_01_r3_cone
 320      38.25100      97.54982     815.47970       0.00156       0.10170       0.03334 p3_bpx_aei_ip_15_01_r3_flat
 321      38.77010     -97.02660     815.64635       0.00156       0.10169       0.03334 p3_bpx_aei_ho_15_01_r3_flat
 322      24.75733      97.52443     855.20268       0.00150       0.09767       0.03334 p3_bpx_aei_ip_15_01_r3_grove
 323      25.24973     -97.00779     855.35762       0.00150       0.09765       0.03334 p3_bpx_aei_ho_15_01_r3_grove
 324      27.52824      97.56309     891.98793       0.00143       0.09208       0.03334 p3_bpx_aei_ip_15_13_r3_cone
 325      28.00664     -96.95303     892.13886       0.00143       0.09205       0.03334 p3_bpx_aei_ho_15_13_r3_cone
 326     -47.21029      97.39980     905.43282       0.00140       0.08958       0.03334 p3_bpx_aei_ip_15_13_r3_grove
 327     -46.73749     -97.14141     905.55334       0.00140       0.08956       0.03334 p3_bpx_aei_ho_15_13_r3_grove
 328     -28.67961      97.46073     943.06366       0.00131       0.08133       0.03334 p3_bpx_aei_ip_15_13_r3_flat
 329     -28.21920     -97.02488     943.18486       0.00131       0.08130       0.03334 p3_bpx_aei_ho_15_13_r3_flat
 330      55.38304       0.00954     950.53415       0.00129       0.07947       0.03334 p3_irc_aei_15_r1_front
 331      55.38325      -0.13744    1178.62496       0.00054      -0.01303       0.03334 p3_mid_aei_15_front
 332     -37.00770      97.32716    1241.10832       0.00029      -0.04704       0.03334 p3_bpx_aei_ip_15_01_r4_cone
 333     -36.47948     -97.16005    1241.20156       0.00029      -0.04709       0.03334 p3_bpx_aei_ho_15_01_r4_cone
 334      38.81500      97.50344    1245.20629       0.00027      -0.04910       0.03334 p3_bpx_aei_ip_15_01_r4_flat
 335      39.34912     -96.93718    1245.33262       0.00027      -0.04917       0.03334 p3_bpx_aei_ho_15_01_r4_flat
 336      25.07482      97.48790    1284.84376       0.00013      -0.06785       0.03334 p3_bpx_aei_ip_15_01_r4_grove
 337      25.59285     -96.98391    1284.93524       0.00013      -0.06789       0.03334 p3_bpx_aei_ho_15_01_r4_grove
 338      40.49901      97.55709    1319.23475       0.00002      -0.08240       0.03334 p3_bpx_aei_ip_15_13_r4_cone
 339      40.99734     -96.90892    1319.36212       0.00002      -0.08245       0.03334 p3_bpx_aei_ho_15_13_r4_cone
 340     -34.31749      97.40319    1332.22184      -0.00002      -0.08747       0.03334 p3_bpx_aei_ip_15_13_r4_grove
 341     -33.82497     -97.10073    1332.31250      -0.00002      -0.08750       0.03334 p3_bpx_aei_ho_15_13_r4_grove
 342     -15.99592      97.45937    1369.97160      -0.00012      -0.10093       0.03334 p3_bpx_aei_ip_15_13_r4_flat
 343     -15.52830     -97.01634    1370.07383      -0.00012      -0.10096       0.03334 p3_bpx_aei_ho_15_13_r4_flat
 344      55.42979      -0.06271    1407.11788      -0.00021      -0.11229       0.03334 p3_irc_aei_15_r2_front
 345     -28.06381    -172.60225    1465.20510      -0.00033      -0.12630       0.03334  p3_baz_aei_15_16_r2_grove
 345     -28.06381    -172.60225    1465.20510      -0.00033      -0.12630       0.03334  p3_baz_aei_15_14_r2_grove
 346      42.32708    -172.43160    1493.74288      -0.00037      -0.13151       0.03334 p3_baz_aei_15_16_r2_cone
 346      42.32708    -172.43160    1493.74288      -0.00037      -0.13151       0.03334 p3_baz_aei_15_14_r2_cone
 347     -32.46299    -172.70401    1506.93293      -0.00039      -0.13355       0.03334 p3_baz_aei_15_16_r2_flat
 347     -32.46299    -172.70401    1506.93293      -0.00039      -0.13355       0.03334 p3_baz_aei_15_14_r2_flat
 348     -27.37919      97.23654    1666.14007      -0.00049      -0.13955       0.03334 p3_bpx_aei_ip_15_01_r5_cone
 349     -26.87006     -97.26567    1666.27050      -0.00049      -0.13954       0.03334 p3_bpx_aei_ho_15_01_r5_cone
 350      48.46139      97.41121    1670.23131      -0.00049      -0.13925       0.03334 p3_bpx_aei_ip_15_01_r5_flat
 351      48.96803     -97.02560    1670.40935      -0.00049      -0.13924       0.03334 p3_bpx_aei_ho_15_01_r5_flat
 352      34.71223      97.39315    1709.87250      -0.00048      -0.13519       0.03334 p3_bpx_aei_ip_15_01_r5_grove
 353      35.20077     -97.05366    1710.03754      -0.00048      -0.13517       0.03334 p3_bpx_aei_ho_15_01_r5_grove
 354      46.77529      97.45163    1758.94889      -0.00044      -0.12721       0.03334 p3_bpx_aei_ip_15_13_r5_cone
 355      47.23563     -97.02759    1759.12585      -0.00044      -0.12718       0.03334 p3_bpx_aei_ho_15_13_r5_cone
 356     -28.03948      97.29162    1771.92927      -0.00043      -0.12456       0.03334 p3_bpx_aei_ip_15_13_r5_grove
 357     -27.59055     -97.22610    1772.06293      -0.00043      -0.12453       0.03334 p3_bpx_aei_ho_15_13_r5_grove
 358      -9.74095      97.33889    1809.67252      -0.00039      -0.11554       0.03334 p3_bpx_aei_ip_15_13_r5_flat
 359      -9.31631     -97.15012    1809.81920      -0.00039      -0.11550       0.03334 p3_bpx_aei_ho_15_13_r5_flat
 360      55.42819      -0.28380    1879.95418      -0.00027      -0.09361       0.03334 p3_irl_aei_15_r2_front
 361     -13.36942      41.42128    2021.31406       0.00011      -0.02925       0.03334 p3_gim_aei_15_surf_r1
 362     -52.44005      51.92290    2116.03192       0.00041       0.02050       0.03334 p3_srg_aei_15_r2_135deg
 363     -55.64679      -0.35489    2116.03877       0.00041       0.02051       0.03334 p3_srg_aei_15_r2_rear
 364      -0.38253      73.59737    2116.05978       0.00041       0.02051       0.03334 p3_srg_aei_15_r2_90deg
 365      51.91676      52.23403    2116.11136       0.00041       0.02054       0.03334 p3_srg_aei_15_r2_45deg
 366      55.45462      -0.00069    2116.11675       0.00041       0.02054       0.03334 p3_srg_aei_15_r2_front
 367     -51.97242     -52.18911    2116.17227       0.00041       0.02057       0.03334 p3_srg_aei_15_r2_225deg
 368       0.34987     -73.44236    2116.17875       0.00041       0.02057       0.03334 p3_srg_aei_15_r2_270deg
 369      52.40739     -51.61689    2116.19831       0.00041       0.02058       0.03334 p3_srg_aei_15_r2_315deg
 370     -34.62282      97.33706    2206.41138       0.00061       0.05437       0.03334 p3_bpx_aei_ip_15_01_r6_cone
 371     -34.20843     -97.24716    2206.73982       0.00061       0.05446       0.03334 p3_bpx_aei_ho_15_01_r6_cone
 372      41.20585      97.40183    2210.54716       0.00062       0.05558       0.03334 p3_bpx_aei_ip_15_01_r6_flat
 373      41.61845     -96.97328    2210.85051       0.00062       0.05567       0.03334 p3_bpx_aei_ho_15_01_r6_flat
 374      27.43604      97.38732    2250.17896       0.00068       0.06578       0.03334 p3_bpx_aei_ip_15_01_r6_grove
 375      27.86124     -97.03730    2250.48272       0.00068       0.06585       0.03334 p3_bpx_aei_ho_15_01_r6_grove
 376      39.57064      97.41027    2332.26352       0.00076       0.07843       0.03334 p3_bpx_aei_ip_15_13_r6_cone
 377      40.02523     -97.05044    2332.56590       0.00076       0.07845       0.03334 p3_bpx_aei_ho_15_13_r6_cone
 378     -35.24968      97.30808    2345.20554       0.00076       0.07938       0.03334 p3_bpx_aei_ip_15_13_r6_grove
 379     -34.79940     -97.29424    2345.52142       0.00076       0.07940       0.03334 p3_bpx_aei_ho_15_13_r6_grove
 380     -16.97051      97.31020    2382.95804       0.00077       0.08052       0.03334 p3_bpx_aei_ip_15_13_r6_flat
 381     -16.54442     -97.27972    2383.27052       0.00077       0.08052       0.03334 p3_bpx_aei_ho_15_13_r6_flat
 382     -81.15282       3.35283     739.80000       0.00000       0.00000       0.00000 p4_aei_15_par_1
 383     -85.46511       4.78461    2041.34000      26.08587       0.00000       0.00000 p4_aei_15_par_2
 384      19.21217      -5.66033    2382.00000    4995.49683      -0.01741      -0.00162 p4_aei_15_par_3
 385      -0.32609       0.00678      -0.02567       0.00150      -0.15697       0.05864 p4_aei_15
 386     -14.93384      -0.00170      66.06604       0.02183       0.56163   -3141.53397 p4_irm_aei_15_s1_fixed
 387      15.04422       0.01362    2291.87833       0.02091      -0.19111       0.05864 p4_irm_aei_15_s2_fixed
 388      15.06616      -0.00346      66.08289       0.02183       0.56163   -3141.53397 p4_irm_aei_15_l1_fixed
 389     -14.95578       0.01538    2291.88406       0.02091      -0.19111       0.05864 p4_irm_aei_15_l2_fixed
 390     -15.13843       0.00618     477.97049       0.01465       0.38794       0.05864 p4_irl_aei_15_s1
 391      14.95897       0.00700    1879.97884       0.00956      -0.22573       0.05864 p4_irl_aei_15_s2
 392      14.78263       0.00709     950.47815      -0.00281      -0.05542       0.05864 p4_irl_aei_15_l1
 393     -15.14701       0.00718    1407.48435      -0.00164      -0.20755       0.05864 p4_irl_aei_15_l2
 394     -15.21785       0.00887     941.17966      -0.00261      -0.04867       0.05864 p4_irc_aei_15_s1
 395      14.85493       0.00540    1416.77814      -0.00149      -0.20879       0.05864 p4_irc_aei_15_s2
 396      14.85107       0.00543    1398.17811      -0.00179      -0.20627       0.05864 p4_irc_aei_15_l1
 397     -15.21682       0.00882     959.77997      -0.00300      -0.06199       0.05864 p4_irc_aei_15_l2
 398       0.10344      -0.00403      -0.02574       0.02197       0.56502       0.05864 p4_irt_aei_15_r1
 399      -0.10471       0.00402     396.97588       0.01692       0.44287       0.05864 p4_irt_aei_15_r2
 400      -0.21597       0.00807     793.97809       0.00204       0.08169       0.05864 p4_irt_aei_15_r3
 401      -0.18807       0.00697    1190.98027      -0.00431      -0.16855       0.05864 p4_irt_aei_15_r4
 402      -0.10774       0.00629    1587.98183       0.00177      -0.22533       0.05864 p4_irt_aei_15_r5
 403      -0.01773       0.00906    1984.98216       0.01305      -0.21730       0.05864 p4_irt_aei_15_r6
 404       0.06135       0.01641    2381.98066       0.02135      -0.18962       0.05864 p4_irt_aei_15_r7
 405     -37.09046      97.45776      14.29636       0.02197       0.56486       0.05864 p4_bpx_aei_ip_15_01_r1_cone
 406     -36.48970     -97.18337      14.53717       0.02197       0.56486       0.05864 p4_bpx_aei_ho_15_01_r1_cone
 407      38.81385      97.67206      16.49373       0.02197       0.56481       0.05864 p4_bpx_aei_ip_15_01_r1_flat
 408      39.41737     -96.98097      16.78935       0.02197       0.56480       0.05864 p4_bpx_aei_ho_15_01_r1_flat
 409      26.07080      97.60848      56.46872       0.02187       0.56255       0.05864 p4_bpx_aei_ip_15_01_r1_grove
 410      26.65123     -96.95665      56.74501       0.02187       0.56252       0.05864 p4_bpx_aei_ho_15_01_r1_grove
 411      23.58611      97.57002      88.35697       0.02172       0.55897       0.05864 p4_bpx_aei_ip_15_13_r1_cone
 412      24.15635     -96.91411      88.63602       0.02172       0.55893       0.05864 p4_bpx_aei_ho_15_13_r1_cone
 413     -50.87442      97.39211     103.21123       0.02163       0.55676       0.05864 p4_bpx_aei_ip_15_13_r1_grove
 414     -50.31925     -97.11602     103.44255       0.02163       0.55672       0.05864 p4_bpx_aei_ho_15_13_r1_grove
 415     -31.64194      97.39618     140.48104       0.02134       0.54972       0.05864 p4_bpx_aei_ip_15_13_r1_flat
 416     -31.10797     -96.98705     140.72539       0.02134       0.54966       0.05864 p4_bpx_aei_ho_15_13_r1_flat
 417       0.01351      73.85053     193.09781       0.02078       0.53611       0.05864 p4_srg_aei_15_r1_90deg
 418     -52.19269      52.23869     193.12137       0.02078       0.53610       0.05864 p4_srg_aei_15_r1_135deg
 419      52.18171      52.26657     193.19813       0.02078       0.53609       0.05864 p4_srg_aei_15_r1_45deg
 420     -55.48998       0.00339     193.17479       0.02078       0.53608       0.05864 p4_srg_aei_15_r1_rear
 421      55.45259      -0.00312     193.30467       0.02078       0.53606       0.05864 p4_srg_aei_15_r1_front
 422      52.27154     -51.60173     193.35473       0.02078       0.53605       0.05864 p4_srg_aei_15_r1_315deg
 423     -52.15131     -51.77700     193.34506       0.02078       0.53603       0.05864 p4_srg_aei_15_r1_225deg
 424       0.10043     -73.28947     193.38942       0.02077       0.53603       0.05864 p4_srg_aei_15_r1_270deg
 425      50.58422    -209.57242     247.91215       0.02000       0.51739       0.05864 p4_baz_aei_15_14_r1_cone
 425      50.58422    -209.57242     247.91215       0.02000       0.51739       0.05864 p4_baz_aei_15_13_r1_cone
 426     -25.35040    -209.79735     248.63208       0.01999       0.51710       0.05864  p4_baz_aei_15_14_r1_grove
 426     -25.35040    -209.79735     248.63208       0.01999       0.51710       0.05864  p4_baz_aei_15_13_r1_grove
 427     -13.37426    -209.77056     288.84434       0.01930       0.50035       0.05864 p4_baz_aei_15_14_r1_flat
 427     -13.37426    -209.77056     288.84434       0.01930       0.50035       0.05864 p4_baz_aei_15_13_r1_flat
 428     -38.40247      97.34888     324.62999       0.01859       0.48332       0.05864 p4_bpx_aei_ip_15_01_r2_cone
 429     -37.90952     -97.09384     324.74294       0.01859       0.48327       0.05864 p4_bpx_aei_ho_15_01_r2_cone
 430      37.49093      97.55768     327.40773       0.01854       0.48194       0.05864 p4_bpx_aei_ip_15_01_r2_flat
 431      37.98438     -96.89054     327.51847       0.01853       0.48188       0.05864 p4_bpx_aei_ho_15_01_r2_flat
 432      24.43503      97.51937     367.27800       0.01765       0.46046       0.05864 p4_bpx_aei_ip_15_01_r2_grove
 433      24.93288     -96.91496     367.38416       0.01765       0.46041       0.05864 p4_bpx_aei_ho_15_01_r2_grove
 434      27.93077      97.54866     401.84210       0.01680       0.43986       0.05864 p4_bpx_aei_ip_15_13_r2_cone
 435      28.43572     -96.89557     401.95089       0.01679       0.43980       0.05864 p4_bpx_aei_ho_15_13_r2_cone
 436     -46.64898      97.36437     416.12953       0.01642       0.43078       0.05864 p4_bpx_aei_ip_15_13_r2_grove
 437     -46.13874     -97.10336     416.24445       0.01642       0.43071       0.05864 p4_bpx_aei_ho_15_13_r2_grove
 438     -27.69463      97.39825     453.55160       0.01538       0.40556       0.05864 p4_bpx_aei_ip_15_13_r2_flat
 439     -27.17538     -97.02358     453.65880       0.01537       0.40549       0.05864 p4_bpx_aei_ho_15_13_r2_flat
 440      55.52955      -0.08376     477.78921       0.01465       0.38809       0.05864 p4_irl_aei_15_r1_front
 441     -36.14303    -209.93513     548.96925       0.01231       0.33142       0.05864 p4_baz_aei_15_16_r1_cone
 441     -36.14303    -209.93513     548.96925       0.01231       0.33142       0.05864 p4_baz_aei_15_01_r1_cone
 442      38.02099    -209.66288     565.32916       0.01173       0.31731       0.05864 p4_baz_aei_15_16_r1_flat
 442      38.02099    -209.66288     565.32916       0.01173       0.31731       0.05864 p4_baz_aei_15_01_r1_flat
 443      18.02550    -209.72900     602.20423       0.01035       0.28394       0.05864  p4_baz_aei_15_16_r1_grove
 443      18.02550    -209.72900     602.20423       0.01035       0.28394       0.05864  p4_baz_aei_15_01_r1_grove
 444      -6.10944      42.30434     719.80047       0.00536       0.16344       0.05864 p4_slm_aei_15_surf_r1
 445     -37.59326      97.32999     811.85679       0.00133       0.06349       0.05864 p4_bpx_aei_ip_15_01_r3_cone
 446     -37.08267     -97.22154     811.96109       0.00132       0.06339       0.05864 p4_bpx_aei_ho_15_01_r3_cone
 447      38.25983      97.55185     815.49290       0.00119       0.05987       0.05864 p4_bpx_aei_ip_15_01_r3_flat
 448      38.77891     -97.02308     815.63856       0.00118       0.05973       0.05864 p4_bpx_aei_ho_15_01_r3_flat
 449      24.76371      97.52776     855.21592      -0.00022       0.02208       0.05864 p4_bpx_aei_ip_15_01_r3_grove
 450      25.25870     -97.00397     855.34808      -0.00023       0.02196       0.05864 p4_bpx_aei_ho_15_01_r3_grove
 451      27.53470      97.56696     892.00001      -0.00135      -0.01004       0.05864 p4_bpx_aei_ip_15_13_r3_cone
 452      28.01790     -96.94876     892.12904      -0.00136      -0.01015       0.05864 p4_bpx_aei_ho_15_13_r3_cone
 453     -47.20250      97.39973     905.44579      -0.00173      -0.02109       0.05864 p4_bpx_aei_ip_15_13_r3_grove
 454     -46.72900     -97.14160     905.54505      -0.00173      -0.02117       0.05864 p4_bpx_aei_ho_15_13_r3_grove
 455     -28.67255      97.46126     943.07663      -0.00265      -0.05006       0.05864 p4_bpx_aei_ip_15_13_r3_flat
 456     -28.20865     -97.02187     943.17539      -0.00265      -0.05013       0.05864 p4_bpx_aei_ho_15_13_r3_flat
 457      55.38913       0.01321     950.53680      -0.00281      -0.05546       0.05864 p4_irc_aei_15_r1_front
 458      55.38646      -0.13524    1178.63150      -0.00441      -0.16562       0.05864 p4_mid_aei_15_front
 459     -37.01384      97.32532    1241.12139      -0.00383      -0.17929       0.05864 p4_bpx_aei_ip_15_01_r4_cone
 460     -36.47693     -97.16331    1241.19105      -0.00383      -0.17931       0.05864 p4_bpx_aei_ho_15_01_r4_cone
 461      38.80881      97.50226    1245.21848      -0.00378      -0.18013       0.05864 p4_bpx_aei_ip_15_01_r4_flat
 462      39.35223     -96.94037    1245.32695      -0.00378      -0.18015       0.05864 p4_bpx_aei_ho_15_01_r4_flat
 463      25.06790      97.48883    1284.85680      -0.00334      -0.18783       0.05864 p4_bpx_aei_ip_15_01_r4_grove
 464      25.59351     -96.98390    1284.92616      -0.00334      -0.18784       0.05864 p4_bpx_aei_ho_15_01_r4_grove
 465      40.49147      97.56022    1319.24797      -0.00291      -0.19398       0.05864 p4_bpx_aei_ip_15_13_r4_cone
 466      40.99759     -96.91302    1319.35390      -0.00291      -0.19400       0.05864 p4_bpx_aei_ho_15_13_r4_cone
 467     -34.32600      97.40357    1332.23220      -0.00274      -0.19618       0.05864 p4_bpx_aei_ip_15_13_r4_grove
 468     -33.82610     -97.10196    1332.30187      -0.00274      -0.19619       0.05864 p4_bpx_aei_ho_15_13_r4_grove
 469     -16.00698      97.46100    1369.98381      -0.00221      -0.20217       0.05864 p4_bpx_aei_ip_15_13_r4_flat
 470     -15.52887     -97.01993    1370.06298      -0.00221      -0.20218       0.05864 p4_bpx_aei_ho_15_13_r4_flat
 471      55.42561      -0.06606    1407.12030      -0.00165      -0.20750       0.05864 p4_irc_aei_15_r2_front
 472     -28.06704    -172.60373    1465.19473      -0.00067      -0.21469       0.05864  p4_baz_aei_15_16_r2_grove
 472     -28.06704    -172.60373    1465.19473      -0.00067      -0.21469       0.05864  p4_baz_aei_15_14_r2_grove
 473      42.32444    -172.42677    1493.73258      -0.00015      -0.21772       0.05864 p4_baz_aei_15_16_r2_cone
 473      42.32444    -172.42677    1493.73258      -0.00015      -0.21772       0.05864 p4_baz_aei_15_14_r2_cone
 474     -32.46560    -172.70489    1506.92279       0.00010      -0.21900       0.05864 p4_baz_aei_15_16_r2_flat
 474     -32.46560    -172.70489    1506.92279       0.00010      -0.21900       0.05864 p4_baz_aei_15_14_r2_flat
 475     -27.38707      97.23690    1666.15291       0.00358      -0.22887       0.05864 p4_bpx_aei_ip_15_01_r5_cone
 476     -26.86445     -97.26763    1666.26179       0.00358      -0.22888       0.05864 p4_bpx_aei_ho_15_01_r5_cone
 477      48.45198      97.41657    1670.23995       0.00368      -0.22899       0.05864 p4_bpx_aei_ip_15_01_r5_flat
 478      48.97111     -97.02606    1670.39974       0.00368      -0.22899       0.05864 p4_bpx_aei_ho_15_01_r5_flat
 479      34.70277      97.39674    1709.88064       0.00468      -0.22976       0.05864 p4_bpx_aei_ip_15_01_r5_grove
 480      35.20620     -97.05439    1710.02834       0.00468      -0.22976       0.05864 p4_bpx_aei_ho_15_01_r5_grove
 481      46.76946      97.45519    1758.95631       0.00599      -0.22982       0.05864 p4_bpx_aei_ip_15_13_r5_cone
 482      47.24459     -97.02673    1759.11517       0.00599      -0.22982       0.05864 p4_bpx_aei_ho_15_13_r5_cone
 483     -28.04457      97.29016    1771.93988       0.00635      -0.22967       0.05864 p4_bpx_aei_ip_15_13_r5_grove
 484     -27.58075     -97.23086    1772.05631       0.00635      -0.22967       0.05864 p4_bpx_aei_ho_15_13_r5_grove
 485      -9.74352      97.33685    1809.68200       0.00743      -0.22884       0.05864 p4_bpx_aei_ip_15_13_r5_flat
 486      -9.30369     -97.15138    1809.81134       0.00743      -0.22883       0.05864 p4_bpx_aei_ho_15_13_r5_flat
 487      55.43465      -0.28038    1879.95261       0.00956      -0.22573       0.05864 p4_irl_aei_15_r2_front
 488     -13.36908      41.42824    2021.31227       0.01434      -0.21333       0.05864 p4_gim_aei_15_surf_r1
 489     -55.63525      -0.35716    2116.03598       0.01752      -0.20260       0.05864 p4_srg_aei_15_r2_rear
 490     -52.50109      51.88875    2116.04893       0.01752      -0.20260       0.05864 p4_srg_aei_15_r2_135deg
 491      -0.38561      73.59200    2116.06759       0.01752      -0.20259       0.05864 p4_srg_aei_15_r2_90deg
 492      51.91495      52.23183    2116.11767       0.01753      -0.20259       0.05864 p4_srg_aei_15_r2_45deg
 493      55.46629       0.00782    2116.12046       0.01753      -0.20259       0.05864 p4_srg_aei_15_r2_front
 494     -51.95887     -52.19378    2116.16484       0.01753      -0.20259       0.05864 p4_srg_aei_15_r2_225deg
 495       0.35239     -73.44404    2116.16832       0.01753      -0.20258       0.05864 p4_srg_aei_15_r2_270deg
 496      52.41078     -51.62040    2116.19369       0.01753      -0.20258       0.05864 p4_srg_aei_15_r2_315deg
 497     -34.62437      97.33399    2206.41964       0.01968      -0.19528       0.05864 p4_bpx_aei_ip_15_01_r6_cone
 498     -34.19642     -97.25153    2206.72719       0.01969      -0.19526       0.05864 p4_bpx_aei_ho_15_01_r6_cone
 499      41.20365      97.40783    2210.56052       0.01976      -0.19501       0.05864 p4_bpx_aei_ip_15_01_r6_flat
 500      41.63051     -96.96889    2210.84468       0.01976      -0.19499       0.05864 p4_bpx_aei_ho_15_01_r6_flat
 501      27.43023      97.38843    2250.19113       0.02041      -0.19281       0.05864 p4_bpx_aei_ip_15_01_r6_grove
 502      27.87028     -97.03549    2250.47392       0.02041      -0.19279       0.05864 p4_bpx_aei_ho_15_01_r6_grove
 503      39.56003      97.41964    2332.27440       0.02121      -0.19007       0.05864 p4_bpx_aei_ip_15_13_r6_cone
 504      40.03208     -97.04509    2332.55913       0.02121      -0.19007       0.05864 p4_bpx_aei_ho_15_13_r6_cone
 505     -35.26032      97.30960    2345.21333       0.02127      -0.18987       0.05864 p4_bpx_aei_ip_15_13_r6_grove
 506     -34.79608     -97.29372    2345.50958       0.02127      -0.18986       0.05864 p4_bpx_aei_ho_15_13_r6_grove
 507     -16.98186      97.31353    2382.96681       0.02135      -0.18962       0.05864 p4_bpx_aei_ip_15_13_r6_flat
 508     -16.53961     -97.27349    2383.25818       0.02135      -0.18962       0.05864 p4_bpx_aei_ho_15_13_r6_flat
 509     -15.00000       0.00000      66.10000       0.00000      -0.00000       1.59270 p1_irm_aei_15_s1
 510      15.00000       0.00000      66.10000       0.00000      -0.00000       1.59270 p1_irm_aei_15_l1
 511      15.00000       0.00000    2291.90000       0.00000      -0.00000   -3140.00000 p1_irm_aei_15_s2
 512     -15.00000       0.00000    2291.90000       0.00000      -0.00000   -3140.00000 p1_irm_aei_15_l2
 513     -15.08315       0.00029      66.14254       0.00247      -0.67013       1.60456 p2_irm_aei_15_s1
 514      14.91685      -0.00007      66.12244       0.00247      -0.67013       1.60456 p2_irm_aei_15_l1
 515      14.95555       0.00203    2291.94106      -0.00146       0.23542   -3139.98814 p2_irm_aei_15_s2
 516     -15.04445       0.00238    2291.93400      -0.00146       0.23542   -3139.98814 p2_irm_aei_15_l2
 517     -14.99247       0.00001      66.09235       0.00201       0.09426       1.62604 p3_irm_aei_15_s1
 518      15.00753      -0.00099      66.09518       0.00201       0.09426       1.62604 p3_irm_aei_15_l1
 519      14.98907       0.00076    2291.90201       0.00073       0.07364   -3139.96666 p3_irm_aei_15_s2
 520     -15.01093       0.00176    2291.89980       0.00073       0.07364   -3139.96666 p3_irm_aei_15_l2
 521     -14.93384      -0.00170      66.06604       0.02183       0.56163       1.65134 p4_irm_aei_15_s1
 522      15.06616      -0.00346      66.08289       0.02183       0.56163       1.65134 p4_irm_aei_15_l1
 523      15.04422       0.01362    2291.87833       0.02091      -0.19111   -3139.94136 p4_irm_aei_15_s2
 524     -14.95578       0.01538    2291.88406       0.02091      -0.19111   -3139.94136 p4_irm_aei_15_l2
