   1       0.00000       0.00000     580.80000       0.00000       0.00000       0.00000 p1_aei_04_par_1
   2       0.00000       0.00000    1710.90000      26.08587       0.00000       0.00000 p1_aei_04_par_2
   3       0.00000       0.00000    2382.00000       0.00000       0.00000       0.00000 p1_aei_04_par_3
   4       0.00000       0.00000       0.00000       0.00000       0.00000       0.00000 p1_aei_04
   5     -15.00000       0.00000      66.10000       0.00000      -0.00000   -3141.59261 p1_irm_aei_04_s1_fixed
   6      15.00000       0.00000    2291.90000       0.00000      -0.00000       0.00000 p1_irm_aei_04_s2_fixed
   7      15.00000       0.00000      66.10000       0.00000      -0.00000   -3141.59261 p1_irm_aei_04_l1_fixed
   8     -15.00000       0.00000    2291.90000       0.00000      -0.00000       0.00000 p1_irm_aei_04_l2_fixed
   9     -15.00000       0.00000     478.00000       0.00000      -0.00000       0.00000 p1_irl_aei_04_s1
  10      15.00000       0.00000    1880.00000       0.00000      -0.00000       0.00000 p1_irl_aei_04_s2
  11      15.00000       0.00000     950.50000       0.00000      -0.00000       0.00000 p1_irl_aei_04_l1
  12     -15.00000       0.00000    1407.50000       0.00000      -0.00000       0.00000 p1_irl_aei_04_l2
  13     -15.00000       0.00000     941.20000       0.00000      -0.00000       0.00000 p1_irc_aei_04_s1
  14      15.00000       0.00000    1416.80000       0.00000      -0.00000       0.00000 p1_irc_aei_04_s2
  15      15.00000       0.00000    1398.20000       0.00000      -0.00000       0.00000 p1_irc_aei_04_l1
  16     -15.00000       0.00000     959.80000       0.00000      -0.00000       0.00000 p1_irc_aei_04_l2
  17       0.00000       0.00000       0.00000       0.00000      -0.00000       0.00000 p1_irt_aei_04_r1
  18       0.00000       0.00000     397.00000       0.00000      -0.00000       0.00000 p1_irt_aei_04_r2
  19       0.00000       0.00000     794.00000       0.00000      -0.00000       0.00000 p1_irt_aei_04_r3
  20       0.00000       0.00000    1191.00000       0.00000      -0.00000       0.00000 p1_irt_aei_04_r4
  21       0.00000       0.00000    1588.00000       0.00000      -0.00000       0.00000 p1_irt_aei_04_r5
  22       0.00000       0.00000    1985.00000       0.00000      -0.00000       0.00000 p1_irt_aei_04_r6
  23       0.00000       0.00000    2382.00000       0.00000      -0.00000       0.00000 p1_irt_aei_04_r7
  24     -34.22850     -97.67020      18.76190       0.00000      -0.00000       0.00000 p1_bpx_aei_ip_04_06_r1_cone
  25     -33.92340      96.93560      19.02940       0.00000      -0.00000       0.00000 p1_bpx_aei_ho_04_06_r1_cone
  26      40.96420     -97.82490      29.39510       0.00000      -0.00000       0.00000 p1_bpx_aei_ip_04_06_r1_flat
  27      41.27170      96.77840      29.63690       0.00000      -0.00000       0.00000 p1_bpx_aei_ho_04_06_r1_flat
  28      23.84750     -97.80770      67.69800       0.00000      -0.00000       0.00000 p1_bpx_aei_ip_04_06_r1_grove
  29      24.18220      96.74840      67.94140       0.00000      -0.00000       0.00000 p1_bpx_aei_ho_04_06_r1_grove
  30      34.87250     -97.85610     109.17680       0.00000      -0.00000       0.00000 p1_bpx_aei_ip_04_02_r1_cone
  31      35.21880      96.67430     109.41170       0.00000      -0.00000       0.00000 p1_bpx_aei_ho_04_02_r1_cone
  32     -40.78990     -97.73170     115.65600       0.00000      -0.00000       0.00000 p1_bpx_aei_ip_04_02_r1_grove
  33     -40.42690      96.82860     115.92360       0.00000      -0.00000       0.00000 p1_bpx_aei_ho_04_02_r1_grove
  34     -25.80360     -97.76700     154.83670       0.00000      -0.00000       0.00000 p1_bpx_aei_ip_04_02_r1_flat
  35     -25.42600      96.70980     155.10490       0.00000      -0.00000       0.00000 p1_bpx_aei_ho_04_02_r1_flat
  36      37.00900    -173.11620     194.89750       0.00000      -0.00000       0.00000 p1_baz_aei_04_05_r1_flat
  36      37.00900    -173.11620     194.89750       0.00000      -0.00000       0.00000 p1_baz_aei_04_03_r1_flat
  37     -33.00750    -173.02230     224.32390       0.00000      -0.00000       0.00000 p1_baz_aei_04_05_r1_cone
  37     -33.00750    -173.02230     224.32390       0.00000      -0.00000       0.00000 p1_baz_aei_04_03_r1_cone
  38      41.94750    -173.11940     236.55480       0.00000      -0.00000       0.00000  p1_baz_aei_04_05_r1_grove
  38      41.94750    -173.11940     236.55480       0.00000      -0.00000       0.00000  p1_baz_aei_04_03_r1_grove
  39     -52.23090     -52.25790     282.58620       0.00000      -0.00000       0.00000 p1_srg_aei_04_r1_225deg
  40     -55.45400       0.00000     282.58710       0.00000      -0.00000       0.00000 p1_srg_aei_04_r1_rear
  41       0.06290     -73.89230     282.59640       0.00000      -0.00000       0.00000 p1_srg_aei_04_r1_270deg
  42      55.45650       0.00000     282.60000       0.00000      -0.00000       0.00000 p1_srg_aei_04_r1_front
  43      52.21040     -52.28080     282.60470       0.00000      -0.00000       0.00000 p1_srg_aei_04_r1_315deg
  44      52.27040      51.52880     282.67400       0.00000      -0.00000       0.00000 p1_srg_aei_04_r1_45deg
  45     -52.21240      51.41240     282.71240       0.00000      -0.00000       0.00000 p1_srg_aei_04_r1_135deg
  46       0.00370      73.01090     282.71290       0.00000      -0.00000       0.00000 p1_srg_aei_04_r1_90deg
  47     -28.11930     -97.56740     336.04320       0.00000      -0.00000       0.00000 p1_bpx_aei_ip_04_06_r2_cone
  48     -27.62720      96.97600     336.05330       0.00000      -0.00000       0.00000 p1_bpx_aei_ho_04_06_r2_cone
  49      47.18510     -97.71750     345.96080       0.00000      -0.00000       0.00000 p1_bpx_aei_ip_04_06_r2_flat
  50      47.65050      96.74110     345.97890       0.00000      -0.00000       0.00000 p1_bpx_aei_ho_04_06_r2_flat
  51      30.43430     -97.73910     384.42200       0.00000      -0.00000       0.00000 p1_bpx_aei_ip_04_06_r2_grove
  52      30.89320      96.74210     384.43750       0.00000      -0.00000       0.00000 p1_bpx_aei_ho_04_06_r2_grove
  53      46.33010     -97.84960     430.09450       0.00000      -0.00000       0.00000 p1_bpx_aei_ip_04_02_r2_cone
  54      46.76960      96.67050     430.11850       0.00000      -0.00000       0.00000 p1_bpx_aei_ho_04_02_r2_cone
  55     -29.25950     -97.72380     437.29330       0.00000      -0.00000       0.00000 p1_bpx_aei_ip_04_02_r2_grove
  56     -28.80810      96.82730     437.29950       0.00000      -0.00000       0.00000 p1_bpx_aei_ho_04_02_r2_grove
  57     -13.90940     -97.80780     476.33400       0.00000      -0.00000       0.00000 p1_bpx_aei_ip_04_02_r2_flat
  58     -13.47200      96.72960     476.34190       0.00000      -0.00000       0.00000 p1_bpx_aei_ho_04_02_r2_flat
  59      -0.58570     -45.54070     560.55840       0.00000      -0.00000       0.00000 p1_slm_aei_04_surf_r2
  60     -51.91010      52.00250     747.31450       0.00000      -0.00000       0.00000 p1_srg_aei_04_r2_135deg
  61       0.43080      73.17000     747.32660       0.00000      -0.00000       0.00000 p1_srg_aei_04_r2_90deg
  62     -55.59070      -0.00470     747.33700       0.00000      -0.00000       0.00000 p1_srg_aei_04_r2_rear
  63      52.46540      51.30030     747.35850       0.00000      -0.00000       0.00000 p1_srg_aei_04_r2_45deg
  64     -52.29060     -52.24790     747.36070       0.00000      -0.00000       0.00000 p1_srg_aei_04_r2_225deg
  65      -0.09610     -73.84560     747.43670       0.00000      -0.00000       0.00000 p1_srg_aei_04_r2_270deg
  66      52.08080     -52.36880     747.46070       0.00000      -0.00000       0.00000 p1_srg_aei_04_r2_315deg
  67      55.47020      -0.10860     747.46600       0.00000      -0.00000       0.00000 p1_srg_aei_04_r2_front
  68     193.69640     -32.87150     928.25050       0.00000      -0.00000       0.00000 p1_bpl_aei_04_r1_grove
  69     196.14620      40.10670     949.07400       0.00000      -0.00000       0.00000 p1_bpl_aei_04_r1_cone
  70     198.15000     -32.87090     969.93760       0.00000      -0.00000       0.00000 p1_bpl_aei_04_r1_flat
  71     -47.29770     -97.58030    1034.64610       0.00000      -0.00000       0.00000 p1_bpx_aei_ip_04_06_r3_cone
  72     -46.84170      97.30160    1034.98770       0.00000      -0.00000       0.00000 p1_bpx_aei_ho_04_06_r3_cone
  73      27.94350     -97.70730    1044.90570       0.00000      -0.00000       0.00000 p1_bpx_aei_ip_04_06_r3_flat
  74      28.39860      97.01870    1045.25760       0.00000      -0.00000       0.00000 p1_bpx_aei_ho_04_06_r3_flat
  75      11.01730     -97.69760    1083.28860       0.00000      -0.00000       0.00000 p1_bpx_aei_ip_04_06_r3_grove
  76      11.47040      96.90220    1083.63630       0.00000      -0.00000       0.00000 p1_bpx_aei_ho_04_06_r3_grove
  77      28.94630     -97.76130    1117.96790       0.00000      -0.00000       0.00000 p1_bpx_aei_ip_04_02_r3_cone
  78      29.39240      96.69950    1118.31500       0.00000      -0.00000       0.00000 p1_bpx_aei_ho_04_02_r3_cone
  79     -46.68400     -97.63900    1124.81420       0.00000      -0.00000       0.00000 p1_bpx_aei_ip_04_02_r3_grove
  80     -46.23230      96.93040    1125.15520       0.00000      -0.00000       0.00000 p1_bpx_aei_ho_04_02_r3_grove
  81     -31.51250     -97.68090    1163.91940       0.00000      -0.00000       0.00000 p1_bpx_aei_ip_04_02_r3_flat
  82     -31.06650      96.68450    1164.26270       0.00000      -0.00000       0.00000 p1_bpx_aei_ho_04_02_r3_flat
  83      55.56460      -0.19140    1178.96780       0.00000      -0.00000       0.00000 p1_mid_aei_04_front
  84     -44.40010     -97.68170    1367.88020       0.00000      -0.00000       0.00000 p1_bpx_aei_ip_04_06_r4_cone
  85     -44.07870      97.07300    1367.95140       0.00000      -0.00000       0.00000 p1_bpx_aei_ho_04_06_r4_cone
  86      30.85930     -97.74970    1378.02570       0.00000      -0.00000       0.00000 p1_bpx_aei_ip_04_06_r4_flat
  87      31.18350      96.85500    1378.05560       0.00000      -0.00000       0.00000 p1_bpx_aei_ho_04_06_r4_flat
  88      13.99490     -97.72410    1416.43820       0.00000      -0.00000       0.00000 p1_bpx_aei_ip_04_06_r4_grove
  89      14.33970      96.86910    1416.47920       0.00000      -0.00000       0.00000 p1_bpx_aei_ho_04_06_r4_grove
  90      45.43950     -97.77350    1445.46850       0.00000      -0.00000       0.00000 p1_bpx_aei_ip_04_02_r4_cone
  91      45.80240      96.76160    1445.48380       0.00000      -0.00000       0.00000 p1_bpx_aei_ho_04_02_r4_cone
  92     -30.17530     -97.70610    1452.42350       0.00000      -0.00000       0.00000 p1_bpx_aei_ip_04_02_r4_grove
  93     -29.80860      96.98780    1452.48180       0.00000      -0.00000       0.00000 p1_bpx_aei_ho_04_02_r4_grove
  94     -14.94240     -97.71580    1491.50960       0.00000      -0.00000       0.00000 p1_bpx_aei_ip_04_02_r4_flat
  95     -14.55650      96.89890    1491.56320       0.00000      -0.00000       0.00000 p1_bpx_aei_ho_04_02_r4_flat
  96      32.56680    -210.52480    1532.24770       0.00000      -0.00000       0.00000 p1_baz_aei_04_03_r2_flat
  96      32.56680    -210.52480    1532.24770       0.00000      -0.00000       0.00000 p1_baz_aei_04_02_r2_flat
  97     -43.36300    -210.40060    1532.74230       0.00000      -0.00000       0.00000 p1_baz_aei_04_03_r2_cone
  97     -43.36300    -210.40060    1532.74230       0.00000      -0.00000       0.00000 p1_baz_aei_04_02_r2_cone
  98      21.25460    -210.48070    1572.63480       0.00000      -0.00000       0.00000  p1_baz_aei_04_03_r2_grove
  98      21.25460    -210.48070    1572.63480       0.00000      -0.00000       0.00000  p1_baz_aei_04_02_r2_grove
  99     -37.09250     -22.45500    1690.75220       0.00000      -0.00000       0.00000 p1_gim_aei_04_surf_r2
 100      -0.11170     -73.73750    1825.17310       0.00000      -0.00000       0.00000 p1_srg_aei_04_r3_270deg
 101     -52.25520     -52.13910    1825.22600       0.00000      -0.00000       0.00000 p1_srg_aei_04_r3_225deg
 102      52.10890     -52.21300    1825.26630       0.00000      -0.00000       0.00000 p1_srg_aei_04_r3_315deg
 103     -55.53530       0.08920    1825.27460       0.00000      -0.00000       0.00000 p1_srg_aei_04_r3_rear
 104      52.84840      51.10180    1825.31890       0.00000      -0.00000       0.00000 p1_srg_aei_04_r3_45deg
 105     -51.50740      52.52490    1825.31990       0.00000      -0.00000       0.00000 p1_srg_aei_04_r3_135deg
 106       0.96190      73.36410    1825.35020       0.00000      -0.00000       0.00000 p1_srg_aei_04_r3_90deg
 107      55.45650       0.00000    1825.35380       0.00000      -0.00000       0.00000 p1_srg_aei_04_r3_front
 108      29.71770     -97.43930    1893.98430       0.00000      -0.00000       0.00000 p1_bpx_aei_ip_04_02_r5_cone
 109      30.09420      97.18240    1894.55550       0.00000      -0.00000       0.00000 p1_bpx_aei_ho_04_02_r5_cone
 110     -46.14030     -97.35610    1897.40730       0.00000      -0.00000       0.00000 p1_bpx_aei_ip_04_02_r5_grove
 111     -45.76560      97.38020    1898.01100       0.00000      -0.00000       0.00000 p1_bpx_aei_ho_04_02_r5_grove
 112     -32.74460     -97.46110    1937.16460       0.00000      -0.00000       0.00000 p1_bpx_aei_ip_04_02_r5_flat
 113     -32.35230      97.22110    1937.76090       0.00000      -0.00000       0.00000 p1_bpx_aei_ho_04_02_r5_flat
 114     -43.97140     -97.54160    1978.04760       0.00000      -0.00000       0.00000 p1_bpx_aei_ip_04_06_r5_cone
 115     -43.55500      97.13970    1978.63970       0.00000      -0.00000       0.00000 p1_bpx_aei_ho_04_06_r5_cone
 116      30.73520     -97.68530    1991.68580       0.00000      -0.00000       0.00000 p1_bpx_aei_ip_04_06_r5_flat
 117      31.14810      96.88130    1992.25450       0.00000      -0.00000       0.00000 p1_bpx_aei_ho_04_06_r5_flat
 118      12.09440     -97.72150    2029.26820       0.00000      -0.00000       0.00000 p1_bpx_aei_ip_04_06_r5_grove
 119      12.52830      96.81340    2029.83850       0.00000      -0.00000       0.00000 p1_bpx_aei_ho_04_06_r5_grove
 120      44.12280    -210.61580    2055.27120       0.00000      -0.00000       0.00000 p1_baz_aei_04_05_r2_cone
 120      44.12280    -210.61580    2055.27120       0.00000      -0.00000       0.00000 p1_baz_aei_04_06_r2_cone
 121     -29.76100    -210.49530    2072.80480       0.00000      -0.00000       0.00000  p1_baz_aei_04_05_r2_grove
 121     -29.76100    -210.49530    2072.80480       0.00000      -0.00000       0.00000  p1_baz_aei_04_06_r2_grove
 122      -9.18830    -210.54850    2109.35570       0.00000      -0.00000       0.00000 p1_baz_aei_04_05_r2_flat
 122      -9.18830    -210.54850    2109.35570       0.00000      -0.00000       0.00000 p1_baz_aei_04_06_r2_flat
 123     -84.66590     -97.88720    2207.80570       0.00000      -0.00000       0.00000 p1_bpx_aei_ip_04_06_r6_cone
 124     -84.19940      97.09790    2208.24380       0.00000      -0.00000       0.00000 p1_bpx_aei_ho_04_06_r6_cone
 125      -9.50940     -97.96920    2218.66230       0.00000      -0.00000       0.00000 p1_bpx_aei_ip_04_06_r6_flat
 126      -9.10490      96.78160    2219.12710       0.00000      -0.00000       0.00000 p1_bpx_aei_ho_04_06_r6_flat
 127      85.17620     -98.16090    2235.73560       0.00000      -0.00000       0.00000 p1_bpx_aei_ip_04_02_r6_cone
 128      85.58900      96.47860    2236.20950       0.00000      -0.00000       0.00000 p1_bpx_aei_ho_04_02_r6_cone
 129       9.49020     -98.02280    2241.98630       0.00000      -0.00000       0.00000 p1_bpx_aei_ip_04_02_r6_grove
 130       9.90010      96.67700    2242.42700       0.00000      -0.00000       0.00000 p1_bpx_aei_ho_04_02_r6_grove
 131     -26.73230     -97.99600    2256.91930       0.00000      -0.00000       0.00000 p1_bpx_aei_ip_04_06_r6_grove
 132     -26.29480      96.78160    2257.33130       0.00000      -0.00000       0.00000 p1_bpx_aei_ho_04_06_r6_grove
 133      24.35370     -98.09620    2281.21290       0.00000      -0.00000       0.00000 p1_bpx_aei_ip_04_02_r6_flat
 134      24.69960      96.56790    2281.72310       0.00000      -0.00000       0.00000 p1_bpx_aei_ho_04_02_r6_flat
 135    -110.22020     -73.85010    2298.58650       0.00000      -0.00000       0.00000 p1_bbi_aei_04_03_flat
 136    -114.02110    -149.63730    2298.59100       0.00000      -0.00000       0.00000 p1_bbi_aei_04_03_cone
 137     -70.47860     -87.44800    2300.31600       0.00000      -0.00000       0.00000 p1_bbi_aei_04_03_grove
 138     -42.11170     -89.03300    2301.50540       0.00000      -0.00000       0.00000 p1_bbi_aei_04_05_grove
 139      -2.39710     -75.64450    2303.14760       0.00000      -0.00000       0.00000 p1_bbi_aei_04_05_flat
 140       0.97820    -151.54900    2303.51710       0.00000      -0.00000       0.00000 p1_bbi_aei_04_05_cone
 141     484.26560    -108.77990    2318.41700       0.00000      -0.00000       0.00000 p1_bpl_aei_04_r2_grove
 142    -506.47690     -95.54750    2335.75000       0.00000      -0.00000       0.00000 p1_bbe_aei_04_03_flat
 143    -484.80210     -22.77080    2336.09730       0.00000      -0.00000       0.00000 p1_bbe_aei_04_03_cone
 144    -464.56660     -95.94120    2337.49150       0.00000      -0.00000       0.00000 p1_bbe_aei_04_03_grove
 145     449.07280    -116.40900    2339.89180       0.00000      -0.00000       0.00000 p1_bpl_aei_04_r2_flat
 146     468.57520     -44.88390    2356.31790       0.00000      -0.00000       0.00000 p1_bpl_aei_04_r2_cone
 147     325.76510     -98.00340    2372.32710       0.00000      -0.00000       0.00000 p1_bbe_aei_04_05_flat
 148     346.43970     -24.94210    2372.69540       0.00000      -0.00000       0.00000 p1_bbe_aei_04_05_cone
 149     367.66590     -97.83630    2374.21650       0.00000      -0.00000       0.00000 p1_bbe_aei_04_05_grove
 150       0.37373       0.01606     580.80000       0.00000       0.00000       0.00000 p2_aei_04_par_1
 151       0.25502       0.01753    1710.90000      26.08587       0.00000       0.00000 p2_aei_04_par_2
 152       0.01812       0.00441    2382.00000    3789.20867      -0.25495       0.00005 p2_aei_04_par_3
 153       0.09971       0.00833       0.02059      -0.00550       0.05855       0.00415 p2_aei_04
 154     -15.08052       0.00282      66.12609       0.00743      -0.34950   -3141.58846 p2_irm_aei_04_s1_fixed
 155      14.97968      -0.00422    2291.92936      -0.00650       0.03916       0.00415 p2_irm_aei_04_s2_fixed
 156      14.91948       0.00270      66.11561       0.00743      -0.34950   -3141.58846 p2_irm_aei_04_l1_fixed
 157     -15.02032      -0.00409    2291.92818      -0.00650       0.03916       0.00415 p2_irm_aei_04_l2_fixed
 158     -14.95195       0.00522     478.02579       0.00186      -0.21990       0.00415 p2_irl_aei_04_s1
 159      14.99491      -0.00176    1880.02790      -0.00473       0.03190       0.00415 p2_irl_aei_04_s2
 160      15.05436       0.00216     950.52595      -0.00961       0.11321       0.00415 p2_irl_aei_04_l1
 161     -14.99100      -0.00058    1407.52500      -0.00232       0.05626       0.00415 p2_irl_aei_04_l2
 162     -14.94459       0.00237     941.22254      -0.00967       0.11172       0.00415 p2_irc_aei_04_s1
 163      15.00848      -0.00073    1416.82669      -0.00219       0.05413       0.00415 p2_irc_aei_04_s2
 164      15.00953      -0.00069    1398.22669      -0.00245       0.05841       0.00415 p2_irc_aei_04_l1
 165     -14.94670       0.00220     959.82256      -0.00955       0.11453       0.00415 p2_irc_aei_04_l2
 166      -0.10364       0.00227       0.02057       0.00744      -0.34984       0.00415 p2_irt_aei_04_r1
 167       0.02786       0.00490     397.02218       0.00424      -0.27540       0.00415 p2_irt_aei_04_r2
 168       0.06886       0.00373     794.02368      -0.00919       0.06262       0.00415 p2_irt_aei_04_r3
 169       0.02660       0.00026    1191.02510      -0.00621       0.10447       0.00415 p2_irt_aei_04_r4
 170       0.00211      -0.00091    1588.02645      -0.00103       0.02394       0.00415 p2_irt_aei_04_r5
 171      -0.00865      -0.00224    1985.02777      -0.00563       0.03559       0.00415 p2_irt_aei_04_r6
 172      -0.02386      -0.00474    2382.02907      -0.00651       0.03920       0.00415 p2_irt_aei_04_r7
 173     -34.22380     -97.67125      18.76062       0.00744      -0.34983       0.00415 p2_bpx_aei_ip_04_06_r1_cone
 174     -33.92420      96.93315      19.02887       0.00744      -0.34983       0.00415 p2_bpx_aei_ho_04_06_r1_cone
 175      40.96893     -97.82538      29.39626       0.00744      -0.34981       0.00415 p2_bpx_aei_ip_04_06_r1_flat
 176      41.27183      96.77642      29.64061       0.00744      -0.34981       0.00415 p2_bpx_aei_ho_04_06_r1_flat
 177      23.85212     -97.81083      67.69642       0.00742      -0.34947       0.00415 p2_bpx_aei_ip_04_06_r1_grove
 178      24.18442      96.74417      67.94436       0.00742      -0.34947       0.00415 p2_bpx_aei_ho_04_06_r1_grove
 179      34.87430     -97.85497     109.17828       0.00737      -0.34829       0.00415 p2_bpx_aei_ip_04_02_r1_cone
 180      35.21709      96.67403     109.41283       0.00737      -0.34828       0.00415 p2_bpx_aei_ho_04_02_r1_cone
 181     -40.78726     -97.72751     115.65115       0.00736      -0.34800       0.00415 p2_bpx_aei_ip_04_02_r1_grove
 182     -40.42935      96.82660     115.92499       0.00736      -0.34799       0.00415 p2_bpx_aei_ho_04_02_r1_grove
 183     -25.80406     -97.76838     154.83472       0.00725      -0.34543       0.00415 p2_bpx_aei_ip_04_02_r1_flat
 184     -25.42906      96.71002     155.10508       0.00725      -0.34540       0.00415 p2_bpx_aei_ho_04_02_r1_flat
 185      37.00959    -173.11405     194.89737       0.00706      -0.34104       0.00415 p2_baz_aei_04_05_r1_flat
 185      37.00959    -173.11405     194.89737       0.00706      -0.34104       0.00415 p2_baz_aei_04_03_r1_flat
 186     -33.00685    -173.01796     224.32188       0.00686      -0.33642       0.00415 p2_baz_aei_04_05_r1_cone
 186     -33.00685    -173.01796     224.32188       0.00686      -0.33642       0.00415 p2_baz_aei_04_03_r1_cone
 187      41.94476    -173.11749     236.55489       0.00676      -0.33409       0.00415  p2_baz_aei_04_05_r1_grove
 187      41.94476    -173.11749     236.55489       0.00676      -0.33409       0.00415  p2_baz_aei_04_03_r1_grove
 188     -55.45859       0.00452     282.58644       0.00629      -0.32301       0.00415 p2_srg_aei_04_r1_rear
 189     -52.23521     -52.25639     282.58603       0.00629      -0.32301       0.00415 p2_srg_aei_04_r1_225deg
 190       0.05861     -73.89001     282.59627       0.00629      -0.32300       0.00415 p2_srg_aei_04_r1_270deg
 191      52.20731     -52.28043     282.60449       0.00629      -0.32299       0.00415 p2_srg_aei_04_r1_315deg
 192      55.44983       0.00406     282.60382       0.00629      -0.32299       0.00415 p2_srg_aei_04_r1_front
 193      52.26446      51.52957     282.67652       0.00629      -0.32297       0.00415 p2_srg_aei_04_r1_45deg
 194     -52.21794      51.41091     282.71507       0.00629      -0.32297       0.00415 p2_srg_aei_04_r1_135deg
 195      -0.00274      73.01029     282.71537       0.00629      -0.32296       0.00415 p2_srg_aei_04_r1_90deg
 196     -28.12239     -97.56788     336.04405       0.00550      -0.30471       0.00415 p2_bpx_aei_ip_04_06_r2_cone
 197     -27.63068      96.97532     336.05793       0.00550      -0.30470       0.00415 p2_bpx_aei_ho_04_06_r2_cone
 198      47.18182     -97.71884     345.95652       0.00532      -0.30058       0.00415 p2_bpx_aei_ip_04_06_r2_flat
 199      47.64563      96.73786     345.97835       0.00532      -0.30057       0.00415 p2_bpx_aei_ho_04_06_r2_flat
 200      30.43334     -97.73738     384.41899       0.00454      -0.28226       0.00415 p2_bpx_aei_ip_04_06_r2_grove
 201      30.89015      96.74022     384.43888       0.00454      -0.28225       0.00415 p2_bpx_aei_ho_04_06_r2_grove
 202      46.33044     -97.84796     430.09243       0.00337      -0.25519       0.00415 p2_bpx_aei_ip_04_02_r2_cone
 203      46.76705      96.67044     430.12076       0.00337      -0.25517       0.00415 p2_bpx_aei_ho_04_02_r2_cone
 204     -29.25955     -97.71932     437.29238       0.00317      -0.25037       0.00415 p2_bpx_aei_ip_04_02_r2_grove
 205     -28.81054      96.82847     437.30335       0.00317      -0.25037       0.00415 p2_bpx_aei_ho_04_02_r2_grove
 206     -13.90883     -97.80649     476.33106       0.00192      -0.22128       0.00415 p2_bpx_aei_ip_04_02_r2_flat
 207     -13.47612      96.72751     476.34390       0.00191      -0.22127       0.00415 p2_bpx_aei_ho_04_02_r2_flat
 208      -0.52180     -45.53552     560.55562      -0.00156      -0.14030       0.00415 p2_slm_aei_04_surf_r2
 209     -51.91151      52.00276     747.31700      -0.00843       0.03550       0.00415 p2_srg_aei_04_r2_135deg
 210       0.43958      73.17334     747.32764      -0.00843       0.03551       0.00415 p2_srg_aei_04_r2_90deg
 211     -55.58872      -0.00172     747.33593      -0.00843       0.03552       0.00415 p2_srg_aei_04_r2_rear
 212      52.46799      51.30063     747.36210      -0.00843       0.03553       0.00415 p2_srg_aei_04_r2_45deg
 213     -52.28424     -52.24984     747.36011      -0.00843       0.03553       0.00415 p2_srg_aei_04_r2_225deg
 214      -0.09353     -73.84435     747.43448      -0.00843       0.03558       0.00415 p2_srg_aei_04_r2_270deg
 215      52.08415     -52.36277     747.45962      -0.00843       0.03559       0.00415 p2_srg_aei_04_r2_315deg
 216      55.46807      -0.11049     747.46908      -0.00843       0.03560       0.00415 p2_srg_aei_04_r2_front
 217     193.70070     -32.87107     928.25492      -0.00972       0.10935       0.00415 p2_bpl_aei_04_r1_grove
 218     196.15119      40.10672     949.07858      -0.00962       0.11298       0.00415 p2_bpl_aei_04_r1_cone
 219     198.14750     -32.87368     969.94164      -0.00948       0.11577       0.00415 p2_bpl_aei_04_r1_flat
 220     -47.29342     -97.57886    1034.64123      -0.00880       0.11950       0.00415 p2_bpx_aei_ip_04_06_r3_cone
 221     -46.83845      97.29914    1034.99110      -0.00880       0.11950       0.00415 p2_bpx_aei_ho_04_06_r3_cone
 222      27.94625     -97.70216    1044.90277      -0.00867       0.11946       0.00415 p2_bpx_aei_ip_04_06_r3_flat
 223      28.40082      97.01293    1045.25951      -0.00866       0.11946       0.00415 p2_bpx_aei_ho_04_06_r3_flat
 224      11.02089     -97.69491    1083.28652      -0.00811       0.11798       0.00415 p2_bpx_aei_ip_04_06_r3_grove
 225      11.47086      96.89908    1083.63955      -0.00810       0.11796       0.00415 p2_bpx_aei_ho_04_06_r3_grove
 226      28.94915     -97.76336    1117.96553      -0.00754       0.11499       0.00415 p2_bpx_aei_ip_04_02_r3_cone
 227      29.39431      96.69784    1118.31785      -0.00753       0.11495       0.00415 p2_bpx_aei_ho_04_02_r3_cone
 228     -46.68134     -97.63960    1124.81150      -0.00742       0.11423       0.00415 p2_bpx_aei_ip_04_02_r3_grove
 229     -46.23037      96.93040    1125.15620      -0.00742       0.11419       0.00415 p2_bpx_aei_ho_04_02_r3_grove
 230     -31.50991     -97.68034    1163.91731      -0.00672       0.10895       0.00415 p2_bpx_aei_ip_04_02_r3_flat
 231     -31.06514      96.68476    1164.26617      -0.00671       0.10890       0.00415 p2_bpx_aei_ho_04_02_r3_flat
 232      55.56418      -0.19520    1178.97107      -0.00643       0.10654       0.00415 p2_mid_aei_04_front
 233     -44.40040     -97.67666    1367.88001      -0.00292       0.06557       0.00415 p2_bpx_aei_ip_04_06_r4_cone
 234     -44.08239      97.07414    1367.95190      -0.00292       0.06555       0.00415 p2_bpx_aei_ho_04_06_r4_cone
 235      30.85735     -97.75010    1378.02402      -0.00276       0.06316       0.00415 p2_bpx_aei_ip_04_06_r4_flat
 236      31.18036      96.85050    1378.05788      -0.00276       0.06315       0.00415 p2_bpx_aei_ho_04_06_r4_flat
 237      13.99250     -97.72252    1416.43582      -0.00219       0.05422       0.00415 p2_bpx_aei_ip_04_06_r4_grove
 238      14.33700      96.86567    1416.48186      -0.00219       0.05420       0.00415 p2_bpx_aei_ho_04_06_r4_grove
 239      45.43682     -97.77221    1445.46666      -0.00182       0.04775       0.00415 p2_bpx_aei_ip_04_02_r4_cone
 240      45.79792      96.75719    1445.48653      -0.00182       0.04775       0.00415 p2_bpx_aei_ho_04_02_r4_cone
 241     -30.17711     -97.70361    1452.42083      -0.00174       0.04626       0.00415 p2_bpx_aei_ip_04_02_r4_grove
 242     -29.81240      96.98579    1452.48409      -0.00174       0.04624       0.00415 p2_bpx_aei_ho_04_02_r4_grove
 243     -14.94556     -97.71003    1491.50692      -0.00136       0.03835       0.00415 p2_bpx_aei_ip_04_02_r4_flat
 244     -14.56195      96.89616    1491.56570      -0.00136       0.03834       0.00415 p2_bpx_aei_ho_04_02_r4_flat
 245      32.56476    -210.52628    1532.24475      -0.00111       0.03123       0.00415 p2_baz_aei_04_03_r2_flat
 245      32.56476    -210.52628    1532.24475      -0.00111       0.03123       0.00415 p2_baz_aei_04_02_r2_flat
 246     -43.36556    -210.39777    1532.74088      -0.00111       0.03115       0.00415 p2_baz_aei_04_03_r2_cone
 246     -43.36556    -210.39777    1532.74088      -0.00111       0.03115       0.00415 p2_baz_aei_04_02_r2_cone
 247      21.25192    -210.47788    1572.63193      -0.00102       0.02563       0.00415  p2_baz_aei_04_03_r2_grove
 247      21.25192    -210.47788    1572.63193      -0.00102       0.02563       0.00415  p2_baz_aei_04_02_r2_grove
 248     -37.09324     -22.45569    1690.74949      -0.00191       0.02054       0.00415 p2_gim_aei_04_surf_r2
 249      -0.11272     -73.73475    1825.17634      -0.00408       0.02924       0.00415 p2_srg_aei_04_r3_270deg
 250     -52.25453     -52.13984    1825.22550      -0.00408       0.02924       0.00415 p2_srg_aei_04_r3_225deg
 251      52.12457     -52.19667    1825.26806      -0.00408       0.02924       0.00415 p2_srg_aei_04_r3_315deg
 252     -55.53352       0.09218    1825.27422      -0.00408       0.02924       0.00415 p2_srg_aei_04_r3_rear
 253      52.87159      51.08573    1825.31460      -0.00408       0.02925       0.00415 p2_srg_aei_04_r3_45deg
 254     -51.50860      52.52716    1825.32165      -0.00408       0.02925       0.00415 p2_srg_aei_04_r3_135deg
 255       0.96179      73.36474    1825.35257      -0.00408       0.02925       0.00415 p2_srg_aei_04_r3_90deg
 256      55.45308      -0.00169    1825.35947      -0.00408       0.02925       0.00415 p2_srg_aei_04_r3_front
 257      29.71925     -97.43919    1893.98256      -0.00487       0.03249       0.00415 p2_bpx_aei_ip_04_02_r5_cone
 258      30.09454      97.18071    1894.55703      -0.00488       0.03252       0.00415 p2_bpx_aei_ho_04_02_r5_cone
 259     -46.13806     -97.35539    1897.40680      -0.00491       0.03263       0.00415 p2_bpx_aei_ip_04_02_r5_grove
 260     -45.76437      97.37821    1898.01127      -0.00491       0.03266       0.00415 p2_bpx_aei_ho_04_02_r5_grove
 261     -32.74279     -97.45965    1937.16458      -0.00527       0.03412       0.00415 p2_bpx_aei_ip_04_02_r5_flat
 262     -32.35180      97.22415    1937.75992      -0.00527       0.03414       0.00415 p2_bpx_aei_ho_04_02_r5_flat
 263     -43.97091     -97.53912    1978.04445      -0.00558       0.03540       0.00415 p2_bpx_aei_ip_04_06_r5_cone
 264     -43.55332      97.13767    1978.63885      -0.00558       0.03541       0.00415 p2_bpx_aei_ho_04_06_r5_cone
 265      30.73641     -97.68151    1991.68334      -0.00567       0.03577       0.00415 p2_bpx_aei_ip_04_06_r5_flat
 266      31.15009      96.87769    1992.25426      -0.00567       0.03578       0.00415 p2_bpx_aei_ho_04_06_r5_flat
 267      12.09644     -97.71795    2029.27048      -0.00589       0.03667       0.00415 p2_bpx_aei_ip_04_06_r5_grove
 268      12.53073      96.81125    2029.83895      -0.00589       0.03668       0.00415 p2_bpx_aei_ho_04_06_r5_grove
 269      44.12292    -210.61474    2055.26717      -0.00602       0.03719       0.00415 p2_baz_aei_04_05_r2_cone
 269      44.12292    -210.61474    2055.26717      -0.00602       0.03719       0.00415 p2_baz_aei_04_06_r2_cone
 270     -29.76014    -210.49434    2072.80116      -0.00609       0.03749       0.00415  p2_baz_aei_04_05_r2_grove
 270     -29.76014    -210.49434    2072.80116      -0.00609       0.03749       0.00415  p2_baz_aei_04_06_r2_grove
 271      -9.18822    -210.54825    2109.35482      -0.00622       0.03803       0.00415 p2_baz_aei_04_05_r2_flat
 271      -9.18822    -210.54825    2109.35482      -0.00622       0.03803       0.00415 p2_baz_aei_04_06_r2_flat
 272     -84.66515     -97.88936    2207.80358      -0.00643       0.03890       0.00415 p2_bpx_aei_ip_04_06_r6_cone
 273     -84.19625      97.09544    2208.24295      -0.00643       0.03890       0.00415 p2_bpx_aei_ho_04_06_r6_cone
 274      -9.50547     -97.96714    2218.66093      -0.00644       0.03895       0.00415 p2_bpx_aei_ip_04_06_r6_flat
 275      -9.10628      96.77956    2219.12780      -0.00644       0.03895       0.00415 p2_bpx_aei_ho_04_06_r6_flat
 276      85.17637     -98.15724    2235.73608      -0.00646       0.03902       0.00415 p2_bpx_aei_ip_04_02_r6_cone
 277      85.59115      96.47185    2236.21235      -0.00646       0.03902       0.00415 p2_bpx_aei_ho_04_02_r6_cone
 278       9.49372     -98.02117    2241.98275      -0.00647       0.03904       0.00415 p2_bpx_aei_ip_04_02_r6_grove
 279       9.89621      96.67223    2242.42592      -0.00647       0.03904       0.00415 p2_bpx_aei_ho_04_02_r6_grove
 280     -26.73066     -97.99622    2256.91838      -0.00648       0.03909       0.00415 p2_bpx_aei_ip_04_06_r6_grove
 281     -26.29797      96.78518    2257.33256      -0.00648       0.03909       0.00415 p2_bpx_aei_ho_04_06_r6_grove
 282      24.35379     -98.09599    2281.21285      -0.00649       0.03914       0.00415 p2_bpx_aei_ip_04_02_r6_flat
 283      24.70138      96.56661    2281.72383      -0.00649       0.03914       0.00415 p2_bpx_aei_ho_04_02_r6_flat
 284    -110.22159     -73.84994    2298.58460      -0.00650       0.03917       0.00415 p2_bbi_aei_04_03_flat
 285    -114.02051    -149.63772    2298.58836      -0.00650       0.03917       0.00415 p2_bbi_aei_04_03_cone
 286     -70.47952     -87.44812    2300.31477      -0.00650       0.03917       0.00415 p2_bbi_aei_04_03_grove
 287     -42.11477     -89.03124    2301.52808      -0.00650       0.03917       0.00415 p2_bbi_aei_04_05_grove
 288      -2.39738     -75.64392    2303.14432      -0.00650       0.03917       0.00415 p2_bbi_aei_04_05_flat
 289       0.97859    -151.54773    2303.51146      -0.00650       0.03917       0.00415 p2_bbi_aei_04_05_cone
 290     484.26649    -108.78133    2318.42073      -0.00650       0.03919       0.00415 p2_bpl_aei_04_r2_grove
 291    -506.47564     -95.54354    2335.74654      -0.00650       0.03920       0.00415 p2_bbe_aei_04_03_flat
 292    -484.80165     -22.77103    2336.09507      -0.00650       0.03920       0.00415 p2_bbe_aei_04_03_cone
 293    -464.56531     -95.93932    2337.49059      -0.00650       0.03920       0.00415 p2_bbe_aei_04_03_grove
 294     449.07591    -116.40893    2339.89627      -0.00650       0.03920       0.00415 p2_bpl_aei_04_r2_flat
 295     468.57207     -44.88532    2356.31566      -0.00651       0.03920       0.00415 p2_bpl_aei_04_r2_cone
 296     325.76412     -98.00263    2372.32767      -0.00651       0.03920       0.00415 p2_bbe_aei_04_05_flat
 297     346.43681     -24.93972    2372.69925      -0.00651       0.03920       0.00415 p2_bbe_aei_04_05_cone
 298     367.66555     -97.83651    2374.21552      -0.00651       0.03920       0.00415 p2_bbe_aei_04_05_grove
 299      -0.00249       0.00670     580.80000       0.00000       0.00000       0.00000 p3_aei_04_par_1
 300       0.17302       0.01128    1710.90000      26.08587       0.00000       0.00000 p3_aei_04_par_2
 301       0.26153       0.00709    2382.00000    3692.17182      -0.83477      -0.00062 p3_aei_04_par_3
 302      -0.00759      -0.00001       0.00240       0.00100      -0.02063       0.02260 p3_aei_04
 303     -15.01086      -0.00163      66.10309       0.00610      -0.02919   -3141.57001 p3_irm_aei_04_s1_fixed
 304      14.80583      -0.00237    2291.91385      -0.00838       0.45391       0.02260 p3_irm_aei_04_s2_fixed
 305      14.98914      -0.00230      66.10221       0.00610      -0.02919   -3141.57001 p3_irm_aei_04_l1_fixed
 306     -15.19417      -0.00170    2291.90024      -0.00838       0.45391       0.02260 p3_irm_aei_04_l2_fixed
 307     -14.99873       0.00061     478.00475       0.00377      -0.03006       0.02260 p3_irl_aei_04_s1
 308      14.97984       0.00073    1880.01295      -0.00555       0.34920       0.02260 p3_irl_aei_04_s2
 309      15.02101       0.00026     950.50509      -0.00009      -0.06498       0.02260 p3_irl_aei_04_l1
 310     -14.95033       0.00165    1407.50762       0.00270      -0.02171       0.02260 p3_irl_aei_04_l2
 311     -14.97959       0.00093     941.20699      -0.00015      -0.06402       0.02260 p3_irc_aei_04_s1
 312      15.04985       0.00099    1416.80705       0.00268      -0.01785       0.02260 p3_irc_aei_04_s2
 313      15.04945       0.00094    1398.20690       0.00270      -0.02541       0.02260 p3_irc_aei_04_l1
 314     -14.97838       0.00093     959.80708      -0.00004      -0.06591       0.02260 p3_irc_aei_04_l2
 315      -0.01279      -0.00237       0.00240       0.00610      -0.02919       0.02260 p3_irt_aei_04_r1
 316      -0.00115      -0.00008     397.00397       0.00477      -0.02969       0.02260 p3_irt_aei_04_r2
 317       0.01224       0.00065     794.00552      -0.00044      -0.04677       0.02260 p3_irt_aei_04_r3
 318       0.03830       0.00079    1191.00680       0.00179      -0.07151       0.02260 p3_irt_aei_04_r4
 319       0.04499       0.00170    1588.00758       0.00125       0.08528       0.02260 p3_irt_aei_04_r5
 320      -0.05984       0.00040    1985.00764      -0.00699       0.40243       0.02260 p3_irt_aei_04_r6
 321      -0.23511      -0.00279    2382.00675      -0.00840       0.45452       0.02260 p3_irt_aei_04_r7
 322     -34.22705     -97.67068      18.76296       0.00610      -0.02919       0.02260 p3_bpx_aei_ip_04_06_r1_cone
 323     -33.92495      96.93451      19.03127       0.00610      -0.02919       0.02260 p3_bpx_aei_ho_04_06_r1_cone
 324      40.96706     -97.82742      29.39611       0.00610      -0.02919       0.02260 p3_bpx_aei_ip_04_06_r1_flat
 325      41.26966      96.77828      29.63862       0.00610      -0.02919       0.02260 p3_bpx_aei_ho_04_06_r1_flat
 326      23.84928     -97.80660      67.69666       0.00610      -0.02919       0.02260 p3_bpx_aei_ip_04_06_r1_grove
 327      24.18188      96.74690      67.94286       0.00610      -0.02919       0.02260 p3_bpx_aei_ho_04_06_r1_grove
 328      34.87339     -97.85319     109.17670       0.00608      -0.02920       0.02260 p3_bpx_aei_ip_04_02_r1_cone
 329      35.21819      96.67070     109.41141       0.00607      -0.02920       0.02260 p3_bpx_aei_ho_04_02_r1_cone
 330     -40.78702     -97.73044     115.65343       0.00607      -0.02920       0.02260 p3_bpx_aei_ip_04_02_r1_grove
 331     -40.42872      96.82595     115.92514       0.00607      -0.02920       0.02260 p3_bpx_aei_ho_04_02_r1_grove
 332     -25.80348     -97.77034     154.83494       0.00602      -0.02922       0.02260 p3_bpx_aei_ip_04_02_r1_flat
 333     -25.42778      96.70745     155.10656       0.00602      -0.02922       0.02260 p3_bpx_aei_ho_04_02_r1_flat
 334      37.01119    -173.11262     194.89571       0.00594      -0.02925       0.02260 p3_baz_aei_04_05_r1_flat
 334      37.01119    -173.11262     194.89571       0.00594      -0.02925       0.02260 p3_baz_aei_04_03_r1_flat
 335     -33.00385    -173.02117     224.32296       0.00586      -0.02928       0.02260 p3_baz_aei_04_05_r1_cone
 335     -33.00385    -173.02117     224.32296       0.00586      -0.02928       0.02260 p3_baz_aei_04_03_r1_cone
 336      41.94821    -173.11849     236.55251       0.00582      -0.02930       0.02260  p3_baz_aei_04_05_r1_grove
 336      41.94821    -173.11849     236.55251       0.00582      -0.02930       0.02260  p3_baz_aei_04_03_r1_grove
 337     -52.23201     -52.25820     282.58504       0.00562      -0.02937       0.02260 p3_srg_aei_04_r1_225deg
 338     -55.45493       0.00057     282.58584       0.00562      -0.02937       0.02260 p3_srg_aei_04_r1_rear
 339       0.06110     -73.89178     282.59593       0.00562      -0.02937       0.02260 p3_srg_aei_04_r1_270deg
 340      55.45197      -0.00193     282.60188       0.00562      -0.02937       0.02260 p3_srg_aei_04_r1_front
 341      52.21009     -52.28146     282.60527       0.00562      -0.02937       0.02260 p3_srg_aei_04_r1_315deg
 342      52.26724      51.52894     282.67579       0.00562      -0.02937       0.02260 p3_srg_aei_04_r1_45deg
 343     -52.21526      51.40970     282.71236       0.00562      -0.02937       0.02260 p3_srg_aei_04_r1_135deg
 344       0.00032      73.01132     282.71420       0.00562      -0.02937       0.02260 p3_srg_aei_04_r1_90deg
 345     -28.11986     -97.56395     336.04417       0.00529      -0.02949       0.02260 p3_bpx_aei_ip_04_06_r2_cone
 346     -27.62927      96.97574     336.05473       0.00529      -0.02949       0.02260 p3_bpx_aei_ho_04_06_r2_cone
 347      47.18473     -97.71510     345.95858       0.00522      -0.02952       0.02260 p3_bpx_aei_ip_04_06_r2_flat
 348      47.64902      96.73869     345.98006       0.00522      -0.02952       0.02260 p3_bpx_aei_ho_04_06_r2_flat
 349      30.43437     -97.73813     384.42280       0.00489      -0.02964       0.02260 p3_bpx_aei_ip_04_06_r2_grove
 350      30.89096      96.73936     384.44013       0.00489      -0.02964       0.02260 p3_bpx_aei_ho_04_06_r2_grove
 351      46.32872     -97.84737     430.09425       0.00441      -0.02982       0.02260 p3_bpx_aei_ip_04_02_r2_cone
 352      46.76872      96.67092     430.11959       0.00440      -0.02982       0.02260 p3_bpx_aei_ho_04_02_r2_cone
 353     -29.25966     -97.71833     437.29373       0.00432      -0.02985       0.02260 p3_bpx_aei_ip_04_02_r2_grove
 354     -28.81037      96.82636     437.30248       0.00432      -0.02985       0.02260 p3_bpx_aei_ho_04_02_r2_grove
 355     -13.91009     -97.80752     476.33278       0.00380      -0.03005       0.02260 p3_bpx_aei_ip_04_02_r2_flat
 356     -13.47450      96.72707     476.34193       0.00380      -0.03005       0.02260 p3_bpx_aei_ho_04_02_r2_flat
 357      -0.58166     -45.54066     560.55615       0.00234      -0.03059       0.02260 p3_slm_aei_04_surf_r2
 358     -51.91575      51.99974     747.31681      -0.00026      -0.04153       0.02260 p3_srg_aei_04_r2_135deg
 359       0.43863      73.17436     747.32664      -0.00026      -0.04153       0.02260 p3_srg_aei_04_r2_90deg
 360     -55.59432      -0.00527     747.33835      -0.00026      -0.04153       0.02260 p3_srg_aei_04_r2_rear
 361     -52.28890     -52.25245     747.36140      -0.00026      -0.04153       0.02260 p3_srg_aei_04_r2_225deg
 362      52.46414      51.29938     747.36058      -0.00026      -0.04153       0.02260 p3_srg_aei_04_r2_45deg
 363      -0.09898     -73.84463     747.43643      -0.00026      -0.04154       0.02260 p3_srg_aei_04_r2_270deg
 364      52.08060     -52.36631     747.45957      -0.00026      -0.04154       0.02260 p3_srg_aei_04_r2_315deg
 365      55.46608      -0.10948     747.46594      -0.00026      -0.04154       0.02260 p3_srg_aei_04_r2_front
 366     193.69895     -32.86948     928.25065      -0.00021      -0.06263       0.02260 p3_bpl_aei_04_r1_grove
 367     196.14813      40.10736     949.07235      -0.00010      -0.06484       0.02260 p3_bpl_aei_04_r1_cone
 368     198.14595     -32.87108     969.93608       0.00002      -0.06689       0.02260 p3_bpl_aei_04_r1_flat
 369     -47.29610     -97.58052    1034.64729       0.00049      -0.07197       0.02260 p3_bpx_aei_ip_04_06_r3_cone
 370     -46.84008      97.29877    1034.99076       0.00049      -0.07199       0.02260 p3_bpx_aei_ho_04_06_r3_cone
 371      27.94503     -97.70532    1044.90460       0.00057      -0.07255       0.02260 p3_bpx_aei_ip_04_06_r3_flat
 372      28.39976      97.01457    1045.25756       0.00058      -0.07257       0.02260 p3_bpx_aei_ho_04_06_r3_flat
 373      11.01965     -97.69680    1083.28886       0.00089      -0.07408       0.02260 p3_bpx_aei_ip_04_06_r3_grove
 374      11.47147      96.89819    1083.63815       0.00089      -0.07409       0.02260 p3_bpx_aei_ho_04_06_r3_grove
 375      28.94873     -97.75987    1117.96665       0.00118      -0.07446       0.02260 p3_bpx_aei_ip_04_02_r3_cone
 376      29.39465      96.69942    1118.31759       0.00119      -0.07446       0.02260 p3_bpx_aei_ho_04_02_r3_cone
 377     -46.68226     -97.63696    1124.81321       0.00124      -0.07441       0.02260 p3_bpx_aei_ip_04_02_r3_grove
 378     -46.23034      96.93033    1125.15633       0.00125      -0.07440       0.02260 p3_bpx_aei_ho_04_02_r3_grove
 379     -31.51017     -97.68044    1163.92169       0.00157      -0.07325       0.02260 p3_bpx_aei_ip_04_02_r3_flat
 380     -31.06425      96.68505    1164.26405       0.00157      -0.07323       0.02260 p3_bpx_aei_ho_04_02_r3_flat
 381      55.56683      -0.19289    1178.96814       0.00169      -0.07238       0.02260 p3_mid_aei_04_front
 382     -44.39970     -97.68219    1367.88160       0.00269      -0.03638       0.02260 p3_bpx_aei_ip_04_06_r4_cone
 383     -44.08059      97.06540    1367.95146       0.00269      -0.03636       0.02260 p3_bpx_aei_ho_04_06_r4_cone
 384      30.85685     -97.74667    1378.02399       0.00270      -0.03290       0.02260 p3_bpx_aei_ip_04_06_r4_flat
 385      31.18205      96.85032    1378.05615       0.00270      -0.03288       0.02260 p3_bpx_aei_ho_04_06_r4_flat
 386      13.99404     -97.72168    1416.43793       0.00268      -0.01801       0.02260 p3_bpx_aei_ip_04_06_r4_grove
 387      14.33884      96.86641    1416.47920       0.00268      -0.01799       0.02260 p3_bpx_aei_ho_04_06_r4_grove
 388      45.43767     -97.77492    1445.46800       0.00261      -0.00491       0.02260 p3_bpx_aei_ip_04_02_r4_cone
 389      45.79887      96.76048    1445.48509       0.00261      -0.00491       0.02260 p3_bpx_aei_ho_04_02_r4_cone
 390     -30.17620     -97.70209    1452.42168       0.00258      -0.00153       0.02260 p3_bpx_aei_ip_04_02_r4_grove
 391     -29.81180      96.98740    1452.48348       0.00258      -0.00150       0.02260 p3_bpx_aei_ho_04_02_r4_grove
 392     -14.94534     -97.71384    1491.50889       0.00236       0.01933       0.02260 p3_bpx_aei_ip_04_02_r4_flat
 393     -14.56094      96.89795    1491.56394       0.00236       0.01936       0.02260 p3_bpx_aei_ho_04_02_r4_flat
 394      32.56432    -210.52502    1532.24548       0.00199       0.04456       0.02260 p3_baz_aei_04_03_r2_flat
 394      32.56432    -210.52502    1532.24548       0.00199       0.04456       0.02260 p3_baz_aei_04_02_r2_flat
 395     -43.36500    -210.39481    1532.74008       0.00199       0.04489       0.02260 p3_baz_aei_04_03_r2_cone
 395     -43.36500    -210.39481    1532.74008       0.00199       0.04489       0.02260 p3_baz_aei_04_02_r2_cone
 396      21.25186    -210.47750    1572.63303       0.00148       0.07331       0.02260  p3_baz_aei_04_03_r2_grove
 396      21.25186    -210.47750    1572.63303       0.00148       0.07331       0.02260  p3_baz_aei_04_02_r2_grove
 397     -37.06184     -22.45243    1690.74875      -0.00100       0.18079       0.02260 p3_gim_aei_04_surf_r2
 398      -0.11490     -73.73235    1825.17605      -0.00451       0.31078       0.02260 p3_srg_aei_04_r3_270deg
 399     -52.25613     -52.13898    1825.22644      -0.00451       0.31083       0.02260 p3_srg_aei_04_r3_225deg
 400      52.12837     -52.18384    1825.27029      -0.00451       0.31084       0.02260 p3_srg_aei_04_r3_315deg
 401     -55.53496       0.08910    1825.27455      -0.00451       0.31087       0.02260 p3_srg_aei_04_r3_rear
 402      52.87459      51.08065    1825.30989      -0.00451       0.31087       0.02260 p3_srg_aei_04_r3_45deg
 403     -51.50919      52.52521    1825.31964      -0.00451       0.31090       0.02260 p3_srg_aei_04_r3_135deg
 404      55.45442       0.00009    1825.35726      -0.00451       0.31090       0.02260 p3_srg_aei_04_r3_front
 405       0.96337      73.36382    1825.35225      -0.00451       0.31091       0.02260 p3_srg_aei_04_r3_90deg
 406      29.71680     -97.43638    1893.98238      -0.00578       0.35774       0.02260 p3_bpx_aei_ip_04_02_r5_cone
 407      30.09540      97.17910    1894.55525      -0.00579       0.35808       0.02260 p3_bpx_aei_ho_04_02_r5_cone
 408     -46.14203     -97.35659    1897.40684      -0.00583       0.35978       0.02260 p3_bpx_aei_ip_04_02_r5_grove
 409     -45.76545      97.37740    1898.01260      -0.00584       0.36014       0.02260 p3_bpx_aei_ho_04_02_r5_grove
 410     -32.74568     -97.46004    1937.16439      -0.00642       0.38124       0.02260 p3_bpx_aei_ip_04_02_r5_flat
 411     -32.35141      97.22055    1937.76108      -0.00642       0.38153       0.02260 p3_bpx_aei_ho_04_02_r5_flat
 412     -43.97216     -97.53666    1978.04642      -0.00691       0.39965       0.02260 p3_bpx_aei_ip_04_06_r5_cone
 413     -43.55359      97.14083    1978.63742      -0.00692       0.39988       0.02260 p3_bpx_aei_ho_04_06_r5_cone
 414      30.73507     -97.68114    1991.68362      -0.00706       0.40501       0.02260 p3_bpx_aei_ip_04_06_r5_flat
 415      31.14773      96.88195    1992.25417      -0.00706       0.40522       0.02260 p3_bpx_aei_ho_04_06_r5_flat
 416      12.09089     -97.72319    2029.26825      -0.00741       0.41798       0.02260 p3_bpx_aei_ip_04_06_r5_grove
 417      12.52895      96.80939    2029.83698      -0.00741       0.41815       0.02260 p3_bpx_aei_ho_04_06_r5_grove
 418      44.12308    -210.61631    2055.26637      -0.00761       0.42547       0.02260 p3_baz_aei_04_05_r2_cone
 418      44.12308    -210.61631    2055.26637      -0.00761       0.42547       0.02260 p3_baz_aei_04_06_r2_cone
 419     -29.76174    -210.49588    2072.80285      -0.00773       0.42991       0.02260  p3_baz_aei_04_05_r2_grove
 419     -29.76174    -210.49588    2072.80285      -0.00773       0.42991       0.02260  p3_baz_aei_04_06_r2_grove
 420      -9.18899    -210.55023    2109.35233      -0.00794       0.43765       0.02260 p3_baz_aei_04_05_r2_flat
 420      -9.18899    -210.55023    2109.35233      -0.00794       0.43765       0.02260 p3_baz_aei_04_06_r2_flat
 421     -84.66565     -97.88532    2207.80492      -0.00828       0.45012       0.02260 p3_bpx_aei_ip_04_06_r6_cone
 422     -84.19574      97.09496    2208.24314      -0.00828       0.45016       0.02260 p3_bpx_aei_ho_04_06_r6_cone
 423      -9.50703     -97.96851    2218.66082      -0.00830       0.45089       0.02260 p3_bpx_aei_ip_04_06_r6_flat
 424      -9.10404      96.78267    2219.12561      -0.00830       0.45092       0.02260 p3_bpx_aei_ho_04_06_r6_flat
 425      85.17708     -98.15809    2235.73405      -0.00833       0.45191       0.02260 p3_bpx_aei_ip_04_02_r6_cone
 426      85.59226      96.47559    2236.21086      -0.00833       0.45194       0.02260 p3_bpx_aei_ho_04_02_r6_cone
 427       9.49124     -98.01834    2241.98404      -0.00834       0.45223       0.02260 p3_bpx_aei_ip_04_02_r6_grove
 428       9.89844      96.67105    2242.42554      -0.00834       0.45226       0.02260 p3_bpx_aei_ho_04_02_r6_grove
 429     -26.73233     -97.99684    2256.91620      -0.00836       0.45289       0.02260 p3_bpx_aei_ip_04_06_r6_grove
 430     -26.29491      96.77694    2257.33082      -0.00836       0.45291       0.02260 p3_bpx_aei_ho_04_06_r6_grove
 431      24.35317     -98.09760    2281.21179      -0.00838       0.45367       0.02260 p3_bpx_aei_ip_04_02_r6_flat
 432      24.70234      96.56569    2281.72118      -0.00838       0.45368       0.02260 p3_bpx_aei_ho_04_02_r6_flat
 433    -110.21900     -73.85051    2298.58345      -0.00839       0.45404       0.02260 p3_bbi_aei_04_03_flat
 434    -114.02091    -149.63712    2298.58699      -0.00839       0.45404       0.02260 p3_bbi_aei_04_03_cone
 435     -70.48058     -87.44672    2300.31907      -0.00839       0.45407       0.02260 p3_bbi_aei_04_03_grove
 436     -42.11206     -89.03177    2301.52604      -0.00839       0.45409       0.02260 p3_bbi_aei_04_05_grove
 437      -2.40040     -75.64298    2303.17248      -0.00839       0.45411       0.02260 p3_bbi_aei_04_05_flat
 438       0.97913    -151.54936    2303.51477      -0.00839       0.45412       0.02260 p3_bbi_aei_04_05_cone
 439     484.26723    -108.78070    2318.42345      -0.00839       0.45430       0.02260 p3_bpl_aei_04_r2_grove
 440    -506.47575     -95.54297    2335.74424      -0.00840       0.45444       0.02260 p3_bbe_aei_04_03_flat
 441    -484.80256     -22.77076    2336.09110      -0.00840       0.45444       0.02260 p3_bbe_aei_04_03_cone
 442    -464.56594     -95.93943    2337.48517      -0.00840       0.45445       0.02260 p3_bbe_aei_04_03_grove
 443     449.07620    -116.40739    2339.88910      -0.00840       0.45446       0.02260 p3_bpl_aei_04_r2_flat
 444     468.57665     -44.88287    2356.31793      -0.00840       0.45451       0.02260 p3_bpl_aei_04_r2_cone
 445     325.76664     -98.00378    2372.32723      -0.00840       0.45452       0.02260 p3_bbe_aei_04_05_flat
 446     346.44063     -24.94185    2372.69384      -0.00840       0.45452       0.02260 p3_bbe_aei_04_05_cone
 447     367.66610     -97.83574    2374.21797      -0.00840       0.45452       0.02260 p3_bbe_aei_04_05_grove
 448      -0.26486       0.03959     580.80000       0.00000       0.00000       0.00000 p4_aei_04_par_1
 449      -0.27659       0.05624    1710.90000      26.08587       0.00000       0.00000 p4_aei_04_par_2
 450      -0.55530       0.01694    2382.00000    1813.58444       2.32596       0.00080 p4_aei_04_par_3
 451      -0.17494       0.00271      -0.02674      -0.00401      -0.04137      -0.01383 p4_aei_04
 452     -14.87769      -0.00543      66.06461       0.01781       0.57719    3141.57887 p4_irm_aei_04_s1_fixed
 453      15.57223      -0.00537    2291.86573      -0.00712      -1.31714      -0.01383 p4_irm_aei_04_s2_fixed
 454      15.12231      -0.00502      66.08192       0.01781       0.57719    3141.57887 p4_irm_aei_04_l1_fixed
 455     -14.42777      -0.00579    2291.90524      -0.00712      -1.31714      -0.01383 p4_irm_aei_04_l2_fixed
 456     -15.10453       0.00027     477.96625       0.00408       0.48534      -0.01383 p4_irl_aei_04_s1
 457      15.05720      -0.00328    1879.96397      -0.00034      -1.09479      -0.01383 p4_irl_aei_04_s2
 458      14.74541      -0.00598     950.47695      -0.01826       0.16345      -0.01383 p4_irl_aei_04_l1
 459     -15.25049      -0.00826    1407.48010       0.01052      -0.23477      -0.01383 p4_irl_aei_04_l2
 460     -15.25304      -0.00622     941.17194      -0.01863       0.16914      -0.01383 p4_irc_aei_04_s1
 461      14.75175      -0.00775    1416.77293       0.01095      -0.24711      -0.01383 p4_irc_aei_04_s2
 462      14.74738      -0.00794    1398.17319       0.01007      -0.22267      -0.01383 p4_irc_aei_04_l1
 463     -15.25608      -0.00656     959.77217      -0.01786       0.15774      -0.01383 p4_irc_aei_04_l2
 464       0.16048      -0.00640      -0.02675       0.01785       0.57743      -0.01383 p4_irt_aei_04_r1
 465      -0.06353      -0.00010     396.97345       0.00996       0.52467      -0.01383 p4_irt_aei_04_r2
 466      -0.22158      -0.00302     793.97407      -0.02088       0.25875      -0.01383 p4_irt_aei_04_r3
 467      -0.27468      -0.00893    1190.97543      -0.00334      -0.00564      -0.01383 p4_irt_aei_04_r4
 468      -0.18379      -0.00566    1587.97781       0.01420      -0.52174      -0.01383 p4_irt_aei_04_r5
 469       0.17855      -0.00372    1984.98152      -0.00378      -1.20782      -0.01383 p4_irt_aei_04_r6
 470       0.69099      -0.00622    2381.98685      -0.00716      -1.31843      -0.01383 p4_irt_aei_04_r7
 471     -34.22553     -97.67464      18.75615       0.01785       0.57743      -0.01383 p4_bpx_aei_ip_04_06_r1_cone
 472     -33.92729      96.92226      19.03805       0.01785       0.57743      -0.01383 p4_bpx_aei_ho_04_06_r1_cone
 473      40.96566     -97.82532      29.39067       0.01785       0.57741      -0.01383 p4_bpx_aei_ip_04_06_r1_flat
 474      41.26922      96.76879      29.64787       0.01785       0.57741      -0.01383 p4_bpx_aei_ho_04_06_r1_flat
 475      23.84904     -97.81077      67.69090       0.01781       0.57717      -0.01383 p4_bpx_aei_ip_04_06_r1_grove
 476      24.18040      96.74284      67.95033       0.01781       0.57717      -0.01383 p4_bpx_aei_ho_04_06_r1_grove
 477      34.87392     -97.85258     109.17035       0.01768       0.57634      -0.01383 p4_bpx_aei_ip_04_02_r1_cone
 478      35.21798      96.66883     109.42241       0.01768       0.57633      -0.01383 p4_bpx_aei_ho_04_02_r1_cone
 479     -40.78384     -97.73221     115.64475       0.01765       0.57613      -0.01383 p4_bpx_aei_ip_04_02_r1_grove
 480     -40.43050      96.81970     115.93172       0.01765       0.57612      -0.01383 p4_bpx_aei_ho_04_02_r1_grove
 481     -25.79908     -97.76892     154.82794       0.01738       0.57430      -0.01383 p4_bpx_aei_ip_04_02_r1_flat
 482     -25.43003      96.70199     155.11247       0.01738       0.57428      -0.01383 p4_bpx_aei_ho_04_02_r1_flat
 483      37.01174    -173.11156     194.89025       0.01692       0.57119      -0.01383 p4_baz_aei_04_05_r1_flat
 483      37.01174    -173.11156     194.89025       0.01692       0.57119      -0.01383 p4_baz_aei_04_03_r1_flat
 484     -33.00175    -173.02244     224.31421       0.01643       0.56791      -0.01383 p4_baz_aei_04_05_r1_cone
 484     -33.00175    -173.02244     224.31421       0.01643       0.56791      -0.01383 p4_baz_aei_04_03_r1_cone
 485      41.94854    -173.11750     236.54617       0.01618       0.56627      -0.01383  p4_baz_aei_04_05_r1_grove
 485      41.94854    -173.11750     236.54617       0.01618       0.56627      -0.01383  p4_baz_aei_04_03_r1_grove
 486      52.21016     -52.27884     282.59780       0.01500       0.55840      -0.01383 p4_srg_aei_04_r1_315deg
 487      55.45514      -0.00079     282.60433       0.01500       0.55840      -0.01383 p4_srg_aei_04_r1_front
 488       0.06275     -73.89116     282.59040       0.01500       0.55840      -0.01383 p4_srg_aei_04_r1_270deg
 489     -52.22766     -52.26088     282.57878       0.01500       0.55840      -0.01383 p4_srg_aei_04_r1_225deg
 490     -55.45999      -0.00233     282.57929       0.01500       0.55840      -0.01383 p4_srg_aei_04_r1_rear
 491      52.26858      51.52936     282.68367       0.01500       0.55839      -0.01383 p4_srg_aei_04_r1_45deg
 492      -0.00036      73.00714     282.71916       0.01500       0.55837      -0.01383 p4_srg_aei_04_r1_90deg
 493     -52.21557      51.40942     282.72063       0.01500       0.55837      -0.01383 p4_srg_aei_04_r1_135deg
 494     -28.11265     -97.56690     336.03215       0.01307       0.54543      -0.01383 p4_bpx_aei_ip_04_06_r2_cone
 495     -27.63286      96.97571     336.06177       0.01306       0.54542      -0.01383 p4_bpx_aei_ho_04_06_r2_cone
 496      47.18528     -97.71333     345.94896       0.01263       0.54252      -0.01383 p4_bpx_aei_ip_04_06_r2_flat
 497      47.64657      96.74128     345.99105       0.01263       0.54251      -0.01383 p4_bpx_aei_ho_04_06_r2_flat
 498      30.43425     -97.73611     384.41243       0.01069       0.52953      -0.01383 p4_bpx_aei_ip_04_06_r2_grove
 499      30.88854      96.74000     384.45029       0.01069       0.52952      -0.01383 p4_bpx_aei_ho_04_06_r2_grove
 500      46.33060     -97.84146     430.08513       0.00782       0.51035      -0.01383 p4_bpx_aei_ip_04_02_r2_cone
 501      46.76478      96.67364     430.13013       0.00782       0.51033      -0.01383 p4_bpx_aei_ho_04_02_r2_cone
 502     -29.25879     -97.72156     437.28351       0.00731       0.50691      -0.01383 p4_bpx_aei_ip_04_02_r2_grove
 503     -28.81669      96.82805     437.30961       0.00731       0.50690      -0.01383 p4_bpx_aei_ho_04_02_r2_grove
 504     -13.90768     -97.80462     476.32373       0.00423       0.48629      -0.01383 p4_bpx_aei_ip_04_02_r2_flat
 505     -13.47959      96.72989     476.35191       0.00422       0.48628      -0.01383 p4_bpx_aei_ho_04_02_r2_flat
 506      -0.72838     -45.53942     560.55399      -0.00435       0.42890      -0.01383 p4_slm_aei_04_surf_r2
 507       0.41737      73.16795     747.33320      -0.01982       0.28861      -0.01383 p4_srg_aei_04_r2_90deg
 508     -55.58633      -0.00393     747.33499      -0.01982       0.28860      -0.01383 p4_srg_aei_04_r2_rear
 509      52.46436      51.30037     747.36919      -0.01982       0.28860      -0.01383 p4_srg_aei_04_r2_45deg
 510     -51.98015      52.04972     747.34266      -0.01982       0.28859      -0.01383 p4_srg_aei_04_r2_135deg
 511     -52.33031     -52.21898     747.35139      -0.01982       0.28859      -0.01383 p4_srg_aei_04_r2_225deg
 512      -0.09503     -73.84646     747.42934      -0.01983       0.28854      -0.01383 p4_srg_aei_04_r2_270deg
 513      52.08447     -52.36504     747.44922      -0.01983       0.28854      -0.01383 p4_srg_aei_04_r2_315deg
 514      55.47555      -0.10449     747.47133      -0.01983       0.28853      -0.01383 p4_srg_aei_04_r2_front
 515     193.70305     -32.85929     928.26054      -0.01911       0.17702      -0.01383 p4_bpl_aei_04_r1_grove
 516     196.14739      40.11226     949.08621      -0.01831       0.16432      -0.01383 p4_bpl_aei_04_r1_cone
 517     198.15370     -32.86239     969.94015      -0.01740       0.15147      -0.01383 p4_bpl_aei_04_r1_flat
 518     -47.29018     -97.58630    1034.62904      -0.01397       0.11019      -0.01383 p4_bpx_aei_ip_04_06_r3_cone
 519     -46.84762      97.29450    1035.00212      -0.01395       0.10994      -0.01383 p4_bpx_aei_ho_04_06_r3_cone
 520      27.94732     -97.70530    1044.89444      -0.01335       0.10339      -0.01383 p4_bpx_aei_ip_04_06_r3_flat
 521      28.39349      97.01280    1045.27138      -0.01333       0.10314      -0.01383 p4_bpx_aei_ho_04_06_r3_flat
 522      11.02205     -97.69720    1083.27898      -0.01091       0.07711      -0.01383 p4_bpx_aei_ip_04_06_r3_grove
 523      11.46543      96.89670    1083.65123      -0.01088       0.07685      -0.01383 p4_bpx_aei_ho_04_06_r3_grove
 524      28.94851     -97.75529    1117.95510      -0.00855       0.05209      -0.01383 p4_bpx_aei_ip_04_02_r3_cone
 525      29.38920      96.69511    1118.32857      -0.00853       0.05181      -0.01383 p4_bpx_aei_ho_04_02_r3_cone
 526     -46.67853     -97.64000    1124.80127      -0.00807       0.04698      -0.01383 p4_bpx_aei_ip_04_02_r3_grove
 527     -46.23784      96.92971    1125.17087      -0.00805       0.04670      -0.01383 p4_bpx_aei_ho_04_02_r3_grove
 528     -31.50518     -97.68235    1163.91067      -0.00529       0.01664      -0.01383 p4_bpx_aei_ip_04_02_r3_flat
 529     -31.07037      96.68186    1164.27791      -0.00526       0.01634      -0.01383 p4_bpx_aei_ho_04_02_r3_flat
 530      55.56531      -0.18801    1178.97592      -0.00420       0.00437      -0.01383 p4_mid_aei_04_front
 531     -44.39294     -97.68164    1367.86493       0.00848      -0.18482      -0.01383 p4_bpx_aei_ip_04_06_r4_cone
 532     -44.08341      97.06566    1367.95963       0.00848      -0.18493      -0.01383 p4_bpx_aei_ho_04_06_r4_cone
 533      30.86310     -97.74621    1378.01765       0.00903      -0.19725      -0.01383 p4_bpx_aei_ip_04_06_r4_flat
 534      31.17842      96.84639    1378.07073       0.00903      -0.19731      -0.01383 p4_bpx_aei_ho_04_06_r4_flat
 535      13.99692     -97.72596    1416.42859       0.01093      -0.24665      -0.01383 p4_bpx_aei_ip_04_06_r4_grove
 536      14.33534      96.86494    1416.49188       0.01093      -0.24674      -0.01383 p4_bpx_aei_ho_04_06_r4_grove
 537      45.44145     -97.77399    1445.45621       0.01213      -0.28671      -0.01383 p4_bpx_aei_ip_04_02_r4_cone
 538      45.79718      96.75691    1445.49754       0.01214      -0.28677      -0.01383 p4_bpx_aei_ho_04_02_r4_cone
 539     -30.17122     -97.70755    1452.41245       0.01239      -0.29664      -0.01383 p4_bpx_aei_ip_04_02_r4_grove
 540     -29.81709      96.98385    1452.49614       0.01239      -0.29677      -0.01383 p4_bpx_aei_ho_04_02_r4_grove
 541     -14.94009     -97.71083    1491.50158       0.01356      -0.35535      -0.01383 p4_bpx_aei_ip_04_02_r4_flat
 542     -14.56226      96.89357    1491.57541       0.01356      -0.35547      -0.01383 p4_bpx_aei_ho_04_02_r4_flat
 543      32.57028    -210.52181    1532.23928       0.01425      -0.42174      -0.01383 p4_baz_aei_04_03_r2_flat
 543      32.57028    -210.52181    1532.23928       0.01425      -0.42174      -0.01383 p4_baz_aei_04_02_r2_flat
 544     -43.35693    -210.40755    1532.72874       0.01425      -0.42252      -0.01383 p4_baz_aei_04_03_r2_cone
 544     -43.35693    -210.40755    1532.72874       0.01425      -0.42252      -0.01383 p4_baz_aei_04_02_r2_cone
 545      21.25703    -210.48689    1572.62404       0.01433      -0.49309      -0.01383  p4_baz_aei_04_03_r2_grove
 545      21.25703    -210.48689    1572.62404       0.01433      -0.49309      -0.01383  p4_baz_aei_04_02_r2_grove
 546     -37.21429     -22.45867    1690.74370       0.01049      -0.73683      -0.01383 p4_gim_aei_04_surf_r2
 547      -0.12693     -73.73124    1825.16683       0.00215      -1.01324      -0.01383 p4_srg_aei_04_r3_270deg
 548     -52.26573     -52.13416    1825.22032       0.00215      -1.01324      -0.01383 p4_srg_aei_04_r3_225deg
 549     -55.53720       0.09200    1825.26912       0.00215      -1.01332      -0.01383 p4_srg_aei_04_r3_rear
 550     -51.57058      52.48915    1825.31210       0.00214      -1.01339      -0.01383 p4_srg_aei_04_r3_135deg
 551      52.08011     -52.22481    1825.25218       0.00214      -1.01347      -0.01383 p4_srg_aei_04_r3_315deg
 552      52.81164      51.12320    1825.31471       0.00214      -1.01357      -0.01383 p4_srg_aei_04_r3_45deg
 553       0.87954      73.36718    1825.36950       0.00214      -1.01358      -0.01383 p4_srg_aei_04_r3_90deg
 554      55.45610      -0.00277    1825.35804       0.00214      -1.01365      -0.01383 p4_srg_aei_04_r3_front
 555      29.71724     -97.43499    1893.97685      -0.00089      -1.11302      -0.01383 p4_bpx_aei_ip_04_02_r5_cone
 556      30.09040      97.18202    1894.56810      -0.00092      -1.11377      -0.01383 p4_bpx_aei_ho_04_02_r5_cone
 557     -46.13755     -97.35554    1897.39300      -0.00102      -1.11720      -0.01383 p4_bpx_aei_ip_04_02_r5_grove
 558     -45.77254      97.38227    1898.02424      -0.00105      -1.11798      -0.01383 p4_bpx_aei_ho_04_02_r5_grove
 559     -32.74228     -97.45612    1937.15587      -0.00241      -1.16279      -0.01383 p4_bpx_aei_ip_04_02_r5_flat
 560     -32.35925      97.22058    1937.77332      -0.00243      -1.16344      -0.01383 p4_bpx_aei_ho_04_02_r5_flat
 561     -43.96913     -97.54230    1978.03914      -0.00360      -1.20186      -0.01383 p4_bpx_aei_ip_04_06_r5_cone
 562     -43.56028      97.14230    1978.65518      -0.00362      -1.20240      -0.01383 p4_bpx_aei_ho_04_06_r5_cone
 563      30.73555     -97.67862    1991.67454      -0.00395      -1.21335      -0.01383 p4_bpx_aei_ip_04_06_r5_flat
 564      31.14477      96.87648    1992.26261      -0.00397      -1.21382      -0.01383 p4_bpx_aei_ho_04_06_r5_flat
 565      12.09886     -97.71554    2029.25733      -0.00479      -1.24086      -0.01383 p4_bpx_aei_ip_04_06_r5_grove
 566      12.53130      96.80906    2029.84883      -0.00480      -1.24125      -0.01383 p4_bpx_aei_ho_04_06_r5_grove
 567      44.11934    -210.61193    2055.25731      -0.00528      -1.25680      -0.01383 p4_baz_aei_04_05_r2_cone
 567      44.11934    -210.61193    2055.25731      -0.00528      -1.25680      -0.01383 p4_baz_aei_04_06_r2_cone
 568     -29.76105    -210.49545    2072.79222      -0.00556      -1.26616      -0.01383  p4_baz_aei_04_05_r2_grove
 568     -29.76105    -210.49545    2072.79222      -0.00556      -1.26616      -0.01383  p4_baz_aei_04_06_r2_grove
 569      -9.18793    -210.55138    2109.34243      -0.00606      -1.28260      -0.01383 p4_baz_aei_04_05_r2_flat
 569      -9.18793    -210.55138    2109.34243      -0.00606      -1.28260      -0.01383 p4_baz_aei_04_06_r2_flat
 570     -84.66085     -97.88987    2207.79025      -0.00687      -1.30907      -0.01383 p4_bpx_aei_ip_04_06_r6_cone
 571     -84.19333      97.09774    2208.26179      -0.00687      -1.30914      -0.01383 p4_bpx_aei_ho_04_06_r6_cone
 572      -9.50240     -97.96510    2218.64714      -0.00692      -1.31072      -0.01383 p4_bpx_aei_ip_04_06_r6_flat
 573      -9.09885      96.78030    2219.14027      -0.00692      -1.31079      -0.01383 p4_bpx_aei_ho_04_06_r6_flat
 574      85.17886     -98.15941    2235.72262      -0.00699      -1.31291      -0.01383 p4_bpx_aei_ip_04_02_r6_cone
 575      85.59732      96.47209    2236.22473      -0.00699      -1.31297      -0.01383 p4_bpx_aei_ho_04_02_r6_cone
 576       9.49853     -98.02660    2241.97167      -0.00701      -1.31358      -0.01383 p4_bpx_aei_ip_04_02_r6_grove
 577       9.90075      96.67160    2242.43691      -0.00701      -1.31363      -0.01383 p4_bpx_aei_ho_04_02_r6_grove
 578     -26.72730     -97.99041    2256.90572      -0.00705      -1.31497      -0.01383 p4_bpx_aei_ip_04_06_r6_grove
 579     -26.29391      96.77799    2257.34623      -0.00705      -1.31500      -0.01383 p4_bpx_aei_ho_04_06_r6_grove
 580      24.35646     -98.08658    2281.20460      -0.00710      -1.31662      -0.01383 p4_bpx_aei_ip_04_02_r6_flat
 581      24.70557      96.55963    2281.73653      -0.00710      -1.31665      -0.01383 p4_bpx_aei_ho_04_02_r6_flat
 582    -110.22044     -73.84556    2298.55892      -0.00712      -1.31740      -0.01383 p4_bbi_aei_04_03_flat
 583    -114.02295    -149.63111    2298.59939      -0.00712      -1.31740      -0.01383 p4_bbi_aei_04_03_cone
 584     -70.48277     -87.44212    2300.32171      -0.00713      -1.31746      -0.01383 p4_bbi_aei_04_03_grove
 585     -42.11491     -89.02504    2301.52665      -0.00713      -1.31751      -0.01383 p4_bbi_aei_04_05_grove
 586      -2.40609     -75.64430    2303.14775      -0.00713      -1.31756      -0.01383 p4_bbi_aei_04_05_flat
 587       0.97406    -151.54566    2303.51986      -0.00713      -1.31758      -0.01383 p4_bbi_aei_04_05_cone
 588     484.25810    -108.78688    2318.41336      -0.00714      -1.31799      -0.01383 p4_bpl_aei_04_r2_grove
 589    -506.47650     -95.53041    2335.74923      -0.00715      -1.31825      -0.01383 p4_bbe_aei_04_03_flat
 590    -484.80381     -22.75641    2336.09619      -0.00715      -1.31825      -0.01383 p4_bbe_aei_04_03_cone
 591    -464.56342     -95.92824    2337.49202      -0.00715      -1.31827      -0.01383 p4_bbe_aei_04_03_grove
 592     449.06756    -116.41232    2339.89361      -0.00715      -1.31830      -0.01383 p4_bpl_aei_04_r2_flat
 593     468.57216     -44.88887    2356.31734      -0.00716      -1.31840      -0.01383 p4_bpl_aei_04_r2_cone
 594     325.76346     -98.00056    2372.32780      -0.00716      -1.31843      -0.01383 p4_bbe_aei_04_05_flat
 595     346.43928     -24.94168    2372.69967      -0.00716      -1.31843      -0.01383 p4_bbe_aei_04_05_cone
 596     367.66143     -97.83569    2374.22050      -0.00716      -1.31843      -0.01383 p4_bbe_aei_04_05_grove
 597     -15.00000       0.00000      66.10000       0.00000      -0.00000       1.59270 p1_irm_aei_04_s1
 598      15.00000       0.00000      66.10000       0.00000      -0.00000       1.59270 p1_irm_aei_04_l1
 599      15.00000       0.00000    2291.90000       0.00000      -0.00000   -3140.00000 p1_irm_aei_04_s2
 600     -15.00000       0.00000    2291.90000       0.00000      -0.00000   -3140.00000 p1_irm_aei_04_l2
 601     -15.08052       0.00282      66.12609       0.00743      -0.34950       1.59685 p2_irm_aei_04_s1
 602      14.91948       0.00270      66.11561       0.00743      -0.34950       1.59685 p2_irm_aei_04_l1
 603      14.97968      -0.00422    2291.92936      -0.00650       0.03916   -3139.99585 p2_irm_aei_04_s2
 604     -15.02032      -0.00409    2291.92818      -0.00650       0.03916   -3139.99585 p2_irm_aei_04_l2
 605     -15.01086      -0.00163      66.10309       0.00610      -0.02919       1.61530 p3_irm_aei_04_s1
 606      14.98914      -0.00230      66.10221       0.00610      -0.02919       1.61530 p3_irm_aei_04_l1
 607      14.80583      -0.00237    2291.91385      -0.00838       0.45391   -3139.97740 p3_irm_aei_04_s2
 608     -15.19417      -0.00170    2291.90024      -0.00838       0.45391   -3139.97740 p3_irm_aei_04_l2
 609     -14.87769      -0.00543      66.06461       0.01781       0.57719       1.57887 p4_irm_aei_04_s1
 610      15.12231      -0.00502      66.08192       0.01781       0.57719       1.57887 p4_irm_aei_04_l1
 611      15.57223      -0.00537    2291.86573      -0.00712      -1.31714   -3140.01383 p4_irm_aei_04_s2
 612     -14.42777      -0.00579    2291.90524      -0.00712      -1.31714   -3140.01383 p4_irm_aei_04_l2
