1       0.00000       0.00000     739.80000       0.00000       0.00000       0.00000 p1_cei_11_par_1
2       0.00000       0.00000    2041.34000      26.08587       0.00000       0.00000 p1_cei_11_par_2
3       0.00000       0.00000    2382.00000       0.00000       0.00000       0.00000 p1_cei_11_par_3
4       0.00000       0.00000       0.00000       0.00000       0.00000       0.00000 p1_cei_11
5     -15.00000       0.00000      66.10000       0.00000      -0.00000   -3141.59261 p1_irm_cei_11_s1_fixed
6      15.00000       0.00000    2291.90000       0.00000      -0.00000       0.00000 p1_irm_cei_11_s2_fixed
7      15.00000       0.00000      66.10000       0.00000      -0.00000   -3141.59261 p1_irm_cei_11_l1_fixed
8     -15.00000       0.00000    2291.90000       0.00000      -0.00000       0.00000 p1_irm_cei_11_l2_fixed
9     -15.00000       0.00000     478.00000       0.00000      -0.00000       0.00000 p1_irl_cei_11_s1
10      15.00000       0.00000    1880.00000       0.00000      -0.00000       0.00000 p1_irl_cei_11_s2
11      15.00000       0.00000     950.50000       0.00000      -0.00000       0.00000 p1_irl_cei_11_l1
12     -15.00000       0.00000    1407.50000       0.00000      -0.00000       0.00000 p1_irl_cei_11_l2
13     -15.00000       0.00000     941.20000       0.00000      -0.00000       0.00000 p1_irc_cei_11_s1
14      15.00000       0.00000    1416.80000       0.00000      -0.00000       0.00000 p1_irc_cei_11_s2
15      15.00000       0.00000    1398.20000       0.00000      -0.00000       0.00000 p1_irc_cei_11_l1
16     -15.00000       0.00000     959.80000       0.00000      -0.00000       0.00000 p1_irc_cei_11_l2
17       0.00000       0.00000       0.00000       0.00000      -0.00000       0.00000 p1_irt_cei_11_r1
18       0.00000       0.00000     397.00000       0.00000      -0.00000       0.00000 p1_irt_cei_11_r2
19       0.00000       0.00000     794.00000       0.00000      -0.00000       0.00000 p1_irt_cei_11_r3
20       0.00000       0.00000    1191.00000       0.00000      -0.00000       0.00000 p1_irt_cei_11_r4
21       0.00000       0.00000    1588.00000       0.00000      -0.00000       0.00000 p1_irt_cei_11_r5
22       0.00000       0.00000    1985.00000       0.00000      -0.00000       0.00000 p1_irt_cei_11_r6
23       0.00000       0.00000    2382.00000       0.00000      -0.00000       0.00000 p1_irt_cei_11_r7
24     -37.20830     -97.62770      14.85800       0.00000      -0.00000       0.00000 p1_bpx_cei_ip_11_13_r1_cone
25     -37.02050      97.26220      15.23620       0.00000      -0.00000       0.00000 p1_bpx_cei_ho_11_13_r1_cone
26      38.70550     -97.69210      16.94410       0.00000      -0.00000       0.00000 p1_bpx_cei_ip_11_13_r1_flat
27      38.88720      97.13340      17.28040       0.00000      -0.00000       0.00000 p1_bpx_cei_ho_11_13_r1_flat
28      26.02490     -97.66370      56.93270       0.00000      -0.00000       0.00000 p1_bpx_cei_ip_11_13_r1_grove
29      26.22410      97.08150      57.27680       0.00000      -0.00000       0.00000 p1_bpx_cei_ho_11_13_r1_grove
30      23.59800     -97.63480      88.83050       0.00000      -0.00000       0.00000 p1_bpx_cei_ip_11_09_r1_cone
31      23.81910      97.02880      89.17320       0.00000      -0.00000       0.00000 p1_bpx_cei_ho_11_09_r1_cone
32     -50.85300     -97.56250     103.79330       0.00000      -0.00000       0.00000 p1_bpx_cei_ip_11_09_r1_grove
33     -50.61910      97.15490     104.18010       0.00000      -0.00000       0.00000 p1_bpx_cei_ho_11_09_r1_grove
34     -31.55730     -97.55600     141.03690       0.00000      -0.00000       0.00000 p1_bpx_cei_ip_11_09_r1_flat
35     -31.30660      97.04160     141.41280       0.00000      -0.00000       0.00000 p1_bpx_cei_ho_11_09_r1_flat
36     -55.58770       0.00000     193.16710       0.00000      -0.00000       0.00000 p1_srg_cei_11_r1_rear
37     -52.28150     -52.22870     193.22860       0.00000      -0.00000       0.00000 p1_srg_cei_11_r1_225deg
38      -0.06340     -73.84640     193.24070       0.00000      -0.00000       0.00000 p1_srg_cei_11_r1_270deg
39      52.44440      51.38090     193.25860       0.00000      -0.00000       0.00000 p1_srg_cei_11_r1_45deg
40      52.12990     -52.23520     193.27840       0.00000      -0.00000       0.00000 p1_srg_cei_11_r1_315deg
41     -51.95510      51.95760     193.28030       0.00000      -0.00000       0.00000 p1_srg_cei_11_r1_135deg
42       0.36830      73.24050     193.28660       0.00000      -0.00000       0.00000 p1_srg_cei_11_r1_90deg
43      55.45650       0.00000     193.30000       0.00000      -0.00000       0.00000 p1_srg_cei_11_r1_front
44      50.43280     209.69550     248.30250       0.00000      -0.00000       0.00000 p1_baz_cei_11_10_09_r1_cone
45     -25.50550     209.86390     249.04310       0.00000      -0.00000       0.00000 p1_baz_cei_11_10_09_r1_grove
46     -13.52320     209.80070     289.25170       0.00000      -0.00000       0.00000 p1_baz_cei_11_10_09_r1_flat
47     -38.24680     -97.49330     324.79800       0.00000      -0.00000       0.00000 p1_bpx_cei_ip_11_13_r2_cone
48     -37.97720      97.23900     324.81510       0.00000      -0.00000       0.00000 p1_bpx_cei_ho_11_13_r2_cone
49      37.66110     -97.57100     327.50900       0.00000      -0.00000       0.00000 p1_bpx_cei_ip_11_13_r2_flat
50      37.92220      97.10820     327.53580       0.00000      -0.00000       0.00000 p1_bpx_cei_ho_11_13_r2_flat
51      24.63800     -97.55890     367.37670       0.00000      -0.00000       0.00000 p1_bpx_cei_ip_11_13_r2_grove
52      24.89690      97.09640     367.41310       0.00000      -0.00000       0.00000 p1_bpx_cei_ho_11_13_r2_grove
53      28.16650     -97.56460     401.94950       0.00000      -0.00000       0.00000 p1_bpx_cei_ip_11_09_r2_cone
54      28.41800      97.06880     401.97610       0.00000      -0.00000       0.00000 p1_bpx_cei_ho_11_09_r2_cone
55     -46.40300     -97.47890     416.30010       0.00000      -0.00000       0.00000 p1_bpx_cei_ip_11_09_r2_grove
56     -46.14360      97.20460     416.32350       0.00000      -0.00000       0.00000 p1_bpx_cei_ho_11_09_r2_grove
57     -27.41480     -97.49590     453.69640       0.00000      -0.00000       0.00000 p1_bpx_cei_ip_11_09_r2_flat
58     -27.16590      97.12270     453.72690       0.00000      -0.00000       0.00000 p1_bpx_cei_ho_11_09_r2_flat
59      55.64760       0.08890     478.09880       0.00000      -0.00000       0.00000 p1_irl_cei_11_r1_front
60     -36.29800     210.04940     548.78560       0.00000      -0.00000       0.00000 p1_baz_cei_11_12_13_r1_cone
61      37.87010     209.82660     565.13390       0.00000      -0.00000       0.00000 p1_baz_cei_11_12_13_r1_flat
62      17.87870     209.85510     602.01490       0.00000      -0.00000       0.00000 p1_baz_cei_11_12_13_r1_grove
63      -7.69840     -36.10490     719.66390       0.00000      -0.00000       0.00000 p1_slm_cei_11_surf_r1
64     -37.43500     -97.42250     811.69080       0.00000      -0.00000       0.00000 p1_bpx_cei_ip_11_13_r3_cone
65     -37.17410      97.26660     811.90590       0.00000      -0.00000       0.00000 p1_bpx_cei_ho_11_13_r3_cone
66      38.41840     -97.52540     815.29710       0.00000      -0.00000       0.00000 p1_bpx_cei_ip_11_13_r3_flat
67      38.68170      97.12680     815.48970       0.00000      -0.00000       0.00000 p1_bpx_cei_ho_11_13_r3_flat
68      24.93570     -97.56150     855.02460       0.00000      -0.00000       0.00000 p1_bpx_cei_ip_11_13_r3_grove
69      25.20930      97.11130     855.21980       0.00000      -0.00000       0.00000 p1_bpx_cei_ho_11_13_r3_grove
70      27.72390     -97.62300     891.80520       0.00000      -0.00000       0.00000 p1_bpx_cei_ip_11_09_r3_cone
71      28.00410      97.07560     892.00200       0.00000      -0.00000       0.00000 p1_bpx_cei_ho_11_09_r3_cone
72     -47.01150     -97.54620     905.27910       0.00000      -0.00000       0.00000 p1_bpx_cei_ip_11_09_r3_grove
73     -46.72400      97.21440     905.50140       0.00000      -0.00000       0.00000 p1_bpx_cei_ho_11_09_r3_grove
74     -28.46020     -97.61070     942.89760       0.00000      -0.00000       0.00000 p1_bpx_cei_ip_11_09_r3_flat
75     -28.16980      97.14110     943.11130       0.00000      -0.00000       0.00000 p1_bpx_cei_ho_11_09_r3_flat
76      55.50680       0.09520     950.50910       0.00000      -0.00000       0.00000 p1_irc_cei_11_r1_front
77      55.50010       0.22800    1178.75230       0.00000      -0.00000       0.00000 p1_mid_cei_11_front
78     -36.51090      97.26160    1240.89000       0.00000      -0.00000       0.00000 p1_bpx_cei_ho_11_13_r4_cone
79     -36.76620     -97.42760    1240.93910       0.00000      -0.00000       0.00000 p1_bpx_cei_ip_11_13_r4_cone
80      39.31890      97.11750    1245.01830       0.00000      -0.00000       0.00000 p1_bpx_cei_ho_11_13_r4_flat
81      39.06180     -97.50090    1245.07860       0.00000      -0.00000       0.00000 p1_bpx_cei_ip_11_13_r4_flat
82      25.56040      97.08980    1284.64760       0.00000      -0.00000       0.00000 p1_bpx_cei_ho_11_13_r4_grove
83      25.29420     -97.55470    1284.70960       0.00000      -0.00000       0.00000 p1_bpx_cei_ip_11_13_r4_grove
84      40.96760      97.03690    1319.04270       0.00000      -0.00000       0.00000 p1_bpx_cei_ho_11_09_r4_cone
85      40.70270     -97.64150    1319.10980       0.00000      -0.00000       0.00000 p1_bpx_cei_ip_11_09_r4_cone
86     -33.85230      97.14560    1331.99920       0.00000      -0.00000       0.00000 p1_bpx_cei_ho_11_09_r4_grove
87     -34.12340     -97.57950    1332.05410       0.00000      -0.00000       0.00000 p1_bpx_cei_ip_11_09_r4_grove
88     -15.55080      97.05050    1369.76520       0.00000      -0.00000       0.00000 p1_bpx_cei_ho_11_09_r4_flat
89     -15.83220     -97.64700    1369.81090       0.00000      -0.00000       0.00000 p1_bpx_cei_ip_11_09_r4_flat
90      55.48470       0.04910    1407.41830       0.00000      -0.00000       0.00000 p1_irc_cei_11_r2_front
91     -28.18850     172.63690    1465.59860       0.00000      -0.00000       0.00000 p1_baz_cei_11_12_10_r2_grove
92      42.19170     172.43080    1494.12480       0.00000      -0.00000       0.00000 p1_baz_cei_11_12_10_r2_cone
93     -32.59440     172.57750    1507.32870       0.00000      -0.00000       0.00000 p1_baz_cei_11_12_10_r2_flat
94     -27.22450     -97.60770    1665.80960       0.00000      -0.00000       0.00000 p1_bpx_cei_ip_11_13_r5_cone
95     -26.95050      97.27910    1666.04740       0.00000      -0.00000       0.00000 p1_bpx_cei_ho_11_13_r5_cone
96      48.61350     -97.67610    1669.95590       0.00000      -0.00000       0.00000 p1_bpx_cei_ip_11_13_r5_flat
97      48.88620      97.14090    1670.18340       0.00000      -0.00000       0.00000 p1_bpx_cei_ho_11_13_r5_flat
98      34.83960     -97.67320    1709.58140       0.00000      -0.00000       0.00000 p1_bpx_cei_ip_11_13_r5_grove
99      35.11450      97.10050    1709.81380       0.00000      -0.00000       0.00000 p1_bpx_cei_ho_11_13_r5_grove
100      46.87410     -97.70410    1758.67120       0.00000      -0.00000       0.00000 p1_bpx_cei_ip_11_09_r5_cone
101      47.15340      97.00640    1758.90040       0.00000      -0.00000       0.00000 p1_bpx_cei_ho_11_09_r5_cone
102     -27.95600     -97.62160    1771.59260       0.00000      -0.00000       0.00000 p1_bpx_cei_ip_11_09_r5_grove
103     -27.67010      97.12770    1771.83550       0.00000      -0.00000       0.00000 p1_bpx_cei_ho_11_09_r5_grove
104      -9.67860     -97.64550    1809.35310       0.00000      -0.00000       0.00000 p1_bpx_cei_ip_11_09_r5_flat
105      -9.39260      97.01870    1809.59580       0.00000      -0.00000       0.00000 p1_bpx_cei_ho_11_09_r5_flat
106      55.51340       0.06960    1880.22030       0.00000      -0.00000       0.00000 p1_irl_cei_11_r2_front
107     -13.36970     -41.41730    2020.87300       0.00000      -0.00000       0.00000 p1_gim_cei_11_surf_r1
108     -52.21980     -52.35190    2115.68370       0.00000      -0.00000       0.00000 p1_srg_cei_11_r2_225deg
109      -0.01070     -73.86090    2115.70530       0.00000      -0.00000       0.00000 p1_srg_cei_11_r2_270deg
110     -55.67720      -0.13450    2115.73660       0.00000      -0.00000       0.00000 p1_srg_cei_11_r2_rear
111     -51.77080      52.25270    2115.73730       0.00000      -0.00000       0.00000 p1_srg_cei_11_r2_135deg
112      52.16950     -52.21770    2115.79010       0.00000      -0.00000       0.00000 p1_srg_cei_11_r2_315deg
113       0.56800      73.24870    2115.79350       0.00000      -0.00000       0.00000 p1_srg_cei_11_r2_90deg
114      52.72740      51.29670    2115.80010       0.00000      -0.00000       0.00000 p1_srg_cei_11_r2_45deg
115      55.45650       0.00000    2115.85430       0.00000      -0.00000       0.00000 p1_srg_cei_11_r2_front
116     -34.23460      97.09560    2206.15510       0.00000      -0.00000       0.00000 p1_bpx_cei_ho_11_13_r6_cone
117     -34.51110     -97.70460    2206.41860       0.00000      -0.00000       0.00000 p1_bpx_cei_ip_11_13_r6_cone
118      41.59050      96.88080    2210.27610       0.00000      -0.00000       0.00000 p1_bpx_cei_ho_11_13_r6_flat
119      41.31920     -97.75090    2210.55070       0.00000      -0.00000       0.00000 p1_bpx_cei_ip_11_13_r6_flat
120      27.82620      96.96460    2249.90910       0.00000      -0.00000       0.00000 p1_bpx_cei_ho_11_13_r6_grove
121      27.55300     -97.71200    2250.18600       0.00000      -0.00000       0.00000 p1_bpx_cei_ip_11_13_r6_grove
122      39.97650      97.07540    2331.99910       0.00000      -0.00000       0.00000 p1_bpx_cei_ho_11_09_r6_cone
123      39.69980     -97.68010    2332.27410       0.00000      -0.00000       0.00000 p1_bpx_cei_ip_11_09_r6_cone
124     -34.85540      97.22830    2344.94810       0.00000      -0.00000       0.00000 p1_bpx_cei_ho_11_09_r6_grove
125     -35.12690     -97.60870    2345.21940       0.00000      -0.00000       0.00000 p1_bpx_cei_ip_11_09_r6_grove
126     -16.57050      97.23670    2382.71010       0.00000      -0.00000       0.00000 p1_bpx_cei_ho_11_09_r6_flat
127     -16.84710     -97.58490    2382.97460       0.00000      -0.00000       0.00000 p1_bpx_cei_ip_11_09_r6_flat
128      99.04240       1.27741     739.80000       0.00000       0.00000       0.00000 p2_cei_11_par_1
129     129.86169       5.12904    2041.34000      26.08587       0.00000       0.00000 p2_cei_11_par_2
130      -9.13588       2.72526    2382.00000    4653.93258      -0.23185       0.00021 p2_cei_11_par_3
131       0.37070       0.00273       0.03026      -0.00082       0.17535       0.02189 p2_cei_11
132     -15.08579      -0.00073      66.14058       0.00711      -0.67026   -3141.57072 p2_irm_cei_11_s1_fixed
133      14.95413      -0.00068    2291.94433      -0.00680       0.23014       0.02189 p2_irm_cei_11_s2_fixed
134      14.91421      -0.00138      66.12047       0.00711      -0.67026   -3141.57072 p2_irm_cei_11_l1_fixed
135     -15.04587      -0.00003    2291.93743      -0.00680       0.23014       0.02189 p2_irm_cei_11_l2_fixed
136     -14.84236       0.00178     478.03946       0.00438      -0.45827       0.02189 p2_irl_cei_11_s1
137      15.05198       0.00117    1880.04255      -0.00157       0.24575       0.02189 p2_irl_cei_11_s2
138      15.24720       0.00160     950.53590      -0.00188       0.07733       0.02189 p2_irl_cei_11_l1
139     -14.83455       0.00179    1407.53337       0.00048       0.22479       0.02189 p2_irl_cei_11_l2
140     -14.75212       0.00228     941.23366      -0.00183       0.06957       0.02189 p2_irc_cei_11_s1
141      15.16335       0.00114    1416.84017       0.00051       0.22576       0.02189 p2_irc_cei_11_s2
142      15.16753       0.00113    1398.24006       0.00044       0.22379       0.02189 p2_irc_cei_11_l1
143     -14.75356       0.00224     959.83351      -0.00192       0.08486       0.02189 p2_irc_cei_11_l2
144      -0.13028      -0.00153       0.03017       0.00716      -0.67439       0.02189 p2_irt_cei_11_r1
145       0.11773       0.00106     397.03219       0.00524      -0.52531       0.02189 p2_irt_cei_11_r2
146       0.24748       0.00213     794.03405      -0.00039      -0.08487       0.02189 p2_irt_cei_11_r3
147       0.21119       0.00150    1191.03579      -0.00110       0.19571       0.02189 p2_irt_cei_11_r4
148       0.12340       0.00157    1588.03754       0.00059       0.23968       0.02189 p2_irt_cei_11_r5
149       0.02633       0.00126    1985.03936      -0.00304       0.24249       0.02189 p2_irt_cei_11_r6
150      -0.06656      -0.00098    2382.04135      -0.00701       0.22943       0.02189 p2_irt_cei_11_r7
151     -37.21094     -97.62601      14.85716       0.00716      -0.67418       0.02189 p2_bpx_cei_ip_11_13_r1_cone
152     -37.02052      97.26489      15.23663       0.00716      -0.67417       0.02189 p2_bpx_cei_ho_11_13_r1_cone
153      38.70261     -97.68816      16.94159       0.00716      -0.67412       0.02189 p2_bpx_cei_ip_11_13_r1_flat
154      38.88620      97.12984      17.28028       0.00716      -0.67411       0.02189 p2_bpx_cei_ho_11_13_r1_flat
155      26.02352     -97.66189      56.93104       0.00712      -0.67132       0.02189 p2_bpx_cei_ip_11_13_r1_grove
156      26.22461      97.07921      57.27572       0.00712      -0.67129       0.02189 p2_bpx_cei_ho_11_13_r1_grove
157      23.59686     -97.63431      88.82855       0.00707      -0.66693       0.02189 p2_bpx_cei_ip_11_09_r1_cone
158      23.81896      97.02959      89.17353       0.00706      -0.66687       0.02189 p2_bpx_cei_ho_11_09_r1_cone
159     -50.85272     -97.56808     103.79414       0.00703      -0.66421       0.02189 p2_bpx_cei_ip_11_09_r1_grove
160     -50.61820      97.15052     104.18162       0.00703      -0.66413       0.02189 p2_bpx_cei_ho_11_09_r1_grove
161     -31.55732     -97.55554     141.03635       0.00692      -0.65559       0.02189 p2_bpx_cei_ip_11_09_r1_flat
162     -31.30571      97.04176     141.41334       0.00692      -0.65549       0.02189 p2_bpx_cei_ho_11_09_r1_flat
163     -55.58713       0.00104     193.16501       0.00671      -0.63912       0.02189 p2_srg_cei_11_r1_rear
164     -52.27863     -52.22853     193.23254       0.00671      -0.63909       0.02189 p2_srg_cei_11_r1_225deg
165      -0.06167     -73.84797     193.24302       0.00671      -0.63908       0.02189 p2_srg_cei_11_r1_270deg
166     -51.95452      51.95606     193.28354       0.00671      -0.63907       0.02189 p2_srg_cei_11_r1_135deg
167       0.36908      73.23732     193.28945       0.00671      -0.63906       0.02189 p2_srg_cei_11_r1_90deg
168      52.44471      51.37958     193.26002       0.00671      -0.63906       0.02189 p2_srg_cei_11_r1_45deg
169      52.13166     -52.23361     193.27892       0.00671      -0.63905       0.02189 p2_srg_cei_11_r1_315deg
170      55.45431      -0.00139     193.29574       0.00671      -0.63904       0.02189 p2_srg_cei_11_r1_front
171      50.43415     209.69389     248.30437       0.00641      -0.61607       0.02189 p2_baz_cei_11_10_09_r1_cone
172     -25.50483     209.86245     249.04514       0.00641      -0.61574       0.02189 p2_baz_cei_11_10_09_r1_grove
173     -13.52157     209.79864     289.25376       0.00614      -0.59527       0.02189 p2_baz_cei_11_10_09_r1_flat
174     -38.24661     -97.49150     324.79724       0.00588      -0.57464       0.02189 p2_bpx_cei_ip_11_13_r2_cone
175     -37.97744      97.23589     324.81694       0.00588      -0.57462       0.02189 p2_bpx_cei_ho_11_13_r2_cone
176      37.66088     -97.56735     327.50649       0.00586      -0.57294       0.02189 p2_bpx_cei_ip_11_13_r2_flat
177      37.92245      97.10325     327.53381       0.00585      -0.57292       0.02189 p2_bpx_cei_ho_11_13_r2_flat
178      24.64060     -97.55563     367.37517       0.00552      -0.54674       0.02189 p2_bpx_cei_ip_11_13_r2_grove
179      24.89868      97.09836     367.41386       0.00552      -0.54671       0.02189 p2_bpx_cei_ho_11_13_r2_grove
180      28.16998     -97.56473     401.94920       0.00519      -0.52158       0.02189 p2_bpx_cei_ip_11_09_r2_cone
181      28.41875      97.06717     401.97896       0.00519      -0.52156       0.02189 p2_bpx_cei_ho_11_09_r2_cone
182     -46.39984     -97.47742     416.29903       0.00505      -0.51050       0.02189 p2_bpx_cei_ip_11_09_r2_grove
183     -46.14267      97.20467     416.32282       0.00505      -0.51048       0.02189 p2_bpx_cei_ho_11_09_r2_grove
184     -27.41451     -97.49555     453.69574       0.00465      -0.47972       0.02189 p2_bpx_cei_ip_11_09_r2_flat
185     -27.16584      97.12264     453.72732       0.00465      -0.47970       0.02189 p2_bpx_cei_ho_11_09_r2_flat
186      55.64610       0.08834     478.09956       0.00438      -0.45818       0.02189 p2_irl_cei_11_r1_front
187     -36.29651     210.04843     548.78830       0.00349      -0.38956       0.02189 p2_baz_cei_11_12_13_r1_cone
188      37.87183     209.83016     565.13488       0.00327      -0.37231       0.02189 p2_baz_cei_11_12_13_r1_flat
189      17.87811     209.85511     602.01503       0.00275      -0.33161       0.02189 p2_baz_cei_11_12_13_r1_grove
190      -7.46266     -36.10222     719.66526       0.00085      -0.18454       0.02189 p2_slm_cei_11_surf_r1
191     -37.43664     -97.42085     811.69365      -0.00063      -0.06321       0.02189 p2_bpx_cei_ip_11_13_r3_cone
192     -37.17547      97.26684     811.91044      -0.00064      -0.06295       0.02189 p2_bpx_cei_ho_11_13_r3_cone
193      38.41618     -97.52272     815.29723      -0.00068      -0.05889       0.02189 p2_bpx_cei_ip_11_13_r3_flat
194      38.67945      97.12788     815.48905      -0.00068      -0.05866       0.02189 p2_bpx_cei_ho_11_13_r3_flat
195      24.93460     -97.56106     855.02447      -0.00115      -0.01367       0.02189 p2_bpx_cei_ip_11_13_r3_grove
196      25.20627      97.10823     855.22100      -0.00116      -0.01346       0.02189 p2_bpx_cei_ho_11_13_r3_grove
197      27.72419     -97.62157     891.80610      -0.00150       0.02434       0.02189 p2_bpx_cei_ip_11_09_r3_cone
198      28.00135      97.07532     892.00271      -0.00150       0.02453       0.02189 p2_bpx_cei_ho_11_09_r3_cone
199     -47.01262     -97.54455     905.27932      -0.00161       0.03733       0.02189 p2_bpx_cei_ip_11_09_r3_grove
200     -46.72597      97.21524     905.49834      -0.00161       0.03754       0.02189 p2_bpx_cei_ho_11_09_r3_grove
201     -28.46267     -97.61113     942.89689      -0.00184       0.07098       0.02189 p2_bpx_cei_ip_11_09_r3_flat
202     -28.17342      97.13867     943.10897      -0.00184       0.07116       0.02189 p2_bpx_cei_ho_11_09_r3_flat
203      55.50360       0.09612     950.50781      -0.00188       0.07731       0.02189 p2_irc_cei_11_r1_front
204      55.49848       0.22600    1178.75064      -0.00123       0.19351       0.02189 p2_mid_cei_11_front
205     -36.50984      97.25796    1240.88930      -0.00060       0.20350       0.02189 p2_bpx_cei_ho_11_13_r4_cone
206     -36.76391     -97.42643    1240.93853      -0.00060       0.20350       0.02189 p2_bpx_cei_ip_11_13_r4_cone
207      39.31902      97.11780    1245.01837      -0.00056       0.20411       0.02189 p2_bpx_cei_ho_11_13_r4_flat
208      39.06075     -97.50150    1245.07941      -0.00056       0.20412       0.02189 p2_bpx_cei_ip_11_13_r4_flat
209      25.56071      97.09008    1284.64725      -0.00022       0.20979       0.02189 p2_bpx_cei_ho_11_13_r4_grove
210      25.29614     -97.54851    1284.71175      -0.00022       0.20980       0.02189 p2_bpx_cei_ip_11_13_r4_grove
211      40.96792      97.03724    1319.04139       0.00002       0.21438       0.02189 p2_bpx_cei_ho_11_09_r4_cone
212      40.70284     -97.63895    1319.11154       0.00002       0.21439       0.02189 p2_bpx_cei_ip_11_09_r4_cone
213     -33.85147      97.14428    1331.99695       0.00011       0.21604       0.02189 p2_bpx_cei_ho_11_09_r4_grove
214     -34.12194     -97.57871    1332.05531       0.00011       0.21604       0.02189 p2_bpx_cei_ip_11_09_r4_grove
215     -15.54922      97.04799    1369.76508       0.00032       0.22060       0.02189 p2_bpx_cei_ho_11_09_r4_flat
216     -15.83019     -97.64590    1369.81147       0.00032       0.22060       0.02189 p2_bpx_cei_ip_11_09_r4_flat
217      55.48708       0.05045    1407.41687       0.00048       0.22478       0.02189 p2_irc_cei_11_r2_front
218     -28.18670     172.63581    1465.59745       0.00063       0.23051       0.02189 p2_baz_cei_11_12_10_r2_grove
219      42.19139     172.43149    1494.12340       0.00067       0.23299       0.02189 p2_baz_cei_11_12_10_r2_cone
220     -32.59369     172.57714    1507.32760       0.00067       0.23407       0.02189 p2_baz_cei_11_12_10_r2_flat
221     -27.22324     -97.60909    1665.81046       0.00029       0.24347       0.02189 p2_bpx_cei_ip_11_13_r5_cone
222     -26.95023      97.27930    1666.04587       0.00029       0.24348       0.02189 p2_bpx_cei_ho_11_13_r5_cone
223      48.61445     -97.67485    1669.95645       0.00027       0.24363       0.02189 p2_bpx_cei_ip_11_13_r5_flat
224      48.88626      97.13974    1670.18226       0.00027       0.24363       0.02189 p2_bpx_cei_ho_11_13_r5_flat
225      34.83957     -97.67184    1709.58210       0.00004       0.24491       0.02189 p2_bpx_cei_ip_11_13_r5_grove
226      35.11408      97.09855    1709.81316       0.00004       0.24491       0.02189 p2_bpx_cei_ho_11_13_r5_grove
227      46.87342     -97.70121    1758.67198      -0.00032       0.24593       0.02189 p2_bpx_cei_ip_11_09_r5_cone
228      47.15293      97.00278    1758.90012      -0.00032       0.24593       0.02189 p2_bpx_cei_ho_11_09_r5_cone
229     -27.95636     -97.62148    1771.59263      -0.00043       0.24609       0.02189 p2_bpx_cei_ip_11_09_r5_grove
230     -27.67075      97.12541    1771.83438      -0.00043       0.24609       0.02189 p2_bpx_cei_ho_11_09_r5_grove
231      -9.67975     -97.64400    1809.35456      -0.00078       0.24632       0.02189 p2_bpx_cei_ip_11_09_r5_flat
232      -9.39185      97.01819    1809.59499      -0.00078       0.24632       0.02189 p2_bpx_cei_ho_11_09_r5_flat
233      55.51164       0.07009    1880.21920      -0.00157       0.24575       0.02189 p2_irl_cei_11_r2_front
234     -13.35194     -41.41577    2020.87477      -0.00363       0.24072       0.02189 p2_gim_cei_11_surf_r1
235     -52.21965     -52.34954    2115.68242      -0.00516       0.23562       0.02189 p2_srg_cei_11_r2_225deg
236      -0.01193     -73.85948    2115.70291      -0.00516       0.23562       0.02189 p2_srg_cei_11_r2_270deg
237     -51.77127      52.25165    2115.73707      -0.00516       0.23562       0.02189 p2_srg_cei_11_r2_135deg
238     -55.67862      -0.13536    2115.73938      -0.00516       0.23562       0.02189 p2_srg_cei_11_r2_rear
239      52.16803     -52.21862    2115.79052      -0.00516       0.23562       0.02189 p2_srg_cei_11_r2_315deg
240      52.72499      51.29647    2115.79859      -0.00516       0.23562       0.02189 p2_srg_cei_11_r2_45deg
241       0.56617      73.24941    2115.79151      -0.00516       0.23562       0.02189 p2_srg_cei_11_r2_90deg
242      55.45156      -0.00049    2115.84796      -0.00516       0.23561       0.02189 p2_srg_cei_11_r2_front
243     -34.23593      97.09705    2206.15621      -0.00620       0.23213       0.02189 p2_bpx_cei_ho_11_13_r6_cone
244     -34.51215     -97.70414    2206.41833      -0.00621       0.23212       0.02189 p2_bpx_cei_ip_11_13_r6_cone
245      41.59071      96.88107    2210.27392      -0.00624       0.23201       0.02189 p2_bpx_cei_ho_11_13_r6_flat
246      41.31779     -97.75013    2210.55065      -0.00624       0.23200       0.02189 p2_bpx_cei_ip_11_13_r6_flat
247      27.82474      96.96662    2249.90794      -0.00655       0.23095       0.02189 p2_bpx_cei_ho_11_13_r6_grove
248      27.55142     -97.71258    2250.18690      -0.00656       0.23095       0.02189 p2_bpx_cei_ip_11_13_r6_grove
249      39.97775      97.07859    2331.99836      -0.00694       0.22965       0.02189 p2_bpx_cei_ho_11_09_r6_cone
250      39.69992     -97.68000    2332.27554      -0.00694       0.22965       0.02189 p2_bpx_cei_ip_11_09_r6_cone
251     -34.85412      97.22414    2344.94765      -0.00697       0.22955       0.02189 p2_bpx_cei_ho_11_09_r6_grove
252     -35.12665     -97.60996    2345.22013      -0.00697       0.22955       0.02189 p2_bpx_cei_ip_11_09_r6_grove
253     -16.56969      97.23538    2382.70985      -0.00701       0.22943       0.02189 p2_bpx_cei_ho_11_09_r6_flat
254     -16.84631     -97.58632    2382.97432      -0.00701       0.22943       0.02189 p2_bpx_cei_ip_11_09_r6_flat
255       2.24137       0.94583     739.80000       0.00000       0.00000       0.00000 p3_cei_11_par_1
256     140.65939       5.16480    2041.34000      26.08587       0.00000       0.00000 p3_cei_11_par_2
257      87.97963       2.70849    2382.00000    5761.03019      -0.79672       0.00038 p3_cei_11_par_3
258      -0.08784       0.00130      -0.01030       0.00003      -0.04042       0.02083 p3_cei_11
259     -14.99173       0.00004      66.08876       0.00413       0.09408   -3141.57178 p3_irm_cei_11_s1_fixed
260      14.98526       0.00014    2291.90307      -0.00480       0.07414       0.02083 p3_irm_cei_11_s2_fixed
261      15.00827      -0.00058      66.09158       0.00413       0.09408   -3141.57178 p3_irm_cei_11_l1_fixed
262     -15.01474       0.00076    2291.90085      -0.00480       0.07414       0.02083 p3_irm_cei_11_l2_fixed
263     -15.03122       0.00143     477.99133       0.00211       0.09888       0.02083 p3_irl_cei_11_s1
264      14.98550       0.00118    1879.99847       0.00034      -0.09138       0.02083 p3_irl_cei_11_s2
265      14.92118       0.00065     950.49662      -0.00223       0.08263       0.02083 p3_irl_cei_11_l1
266     -15.07365       0.00101    1407.49922       0.00163      -0.10884       0.02083 p3_irl_cei_11_l2
267     -15.07804       0.00129     941.19406      -0.00222       0.08491       0.02083 p3_irc_cei_11_s1
268      14.92738       0.00040    1416.79596       0.00168      -0.11140       0.02083 p3_irc_cei_11_s2
269      14.92535       0.00037    1398.19595       0.00157      -0.10617       0.02083 p3_irc_cei_11_l1
270     -15.07958       0.00125     959.79422      -0.00223       0.08025       0.02083 p3_irc_cei_11_l2
271       0.01448      -0.00054      -0.01031       0.00417       0.09399       0.02083 p3_irt_cei_11_r1
272      -0.02328       0.00092     396.99233       0.00275       0.09736       0.02083 p3_irt_cei_11_r2
273      -0.06368       0.00126     793.99457      -0.00140       0.10545       0.02083 p3_irt_cei_11_r3
274      -0.08834       0.00055    1190.99656      -0.00058      -0.01639       0.02083 p3_irt_cei_11_r4
275      -0.05074       0.00105    1587.99844       0.00212      -0.13767       0.02083 p3_irt_cei_11_r5
276      -0.00712       0.00146    1985.00036      -0.00108      -0.04666       0.02083 p3_irt_cei_11_r6
277      -0.02183       0.00000    2382.00246      -0.00501       0.08096       0.02083 p3_irt_cei_11_r7
278     -37.20855     -97.62461      14.85721       0.00417       0.09399       0.02083 p3_bpx_cei_ip_11_13_r1_cone
279     -37.01942      97.26239      15.23642       0.00417       0.09399       0.02083 p3_bpx_cei_ho_11_13_r1_cone
280      38.70446     -97.68978      16.94136       0.00417       0.09399       0.02083 p3_bpx_cei_ip_11_13_r1_flat
281      38.88658      97.13162      17.27987       0.00417       0.09399       0.02083 p3_bpx_cei_ho_11_13_r1_flat
282      26.02330     -97.66035      56.93195       0.00414       0.09405       0.02083 p3_bpx_cei_ip_11_13_r1_grove
283      26.22512      97.08005      57.27637       0.00414       0.09406       0.02083 p3_bpx_cei_ho_11_13_r1_grove
284      23.59760     -97.63347      88.82945       0.00410       0.09415       0.02083 p3_bpx_cei_ip_11_09_r1_cone
285      23.81932      97.02723      89.17457       0.00410       0.09416       0.02083 p3_bpx_cei_ho_11_09_r1_cone
286     -50.85291     -97.56756     103.79274       0.00408       0.09422       0.02083 p3_bpx_cei_ip_11_09_r1_grove
287     -50.61899      97.15284     104.18157       0.00408       0.09422       0.02083 p3_bpx_cei_ho_11_09_r1_grove
288     -31.55772     -97.55451     141.03710       0.00399       0.09441       0.02083 p3_bpx_cei_ip_11_09_r1_flat
289     -31.30551      97.03939     141.41295       0.00399       0.09441       0.02083 p3_bpx_cei_ho_11_09_r1_flat
290     -55.58922       0.00140     193.16497       0.00384       0.09478       0.02083 p3_srg_cei_11_r1_rear
291     -52.28032     -52.22747     193.23178       0.00384       0.09478       0.02083 p3_srg_cei_11_r1_225deg
292      -0.06327     -73.84756     193.24191       0.00384       0.09478       0.02083 p3_srg_cei_11_r1_270deg
293      52.44354      51.38045     193.25901       0.00384       0.09478       0.02083 p3_srg_cei_11_r1_45deg
294      52.13018     -52.23335     193.28058       0.00384       0.09479       0.02083 p3_srg_cei_11_r1_315deg
295     -51.95555      51.95662     193.28241       0.00384       0.09479       0.02083 p3_srg_cei_11_r1_135deg
296       0.36829      73.23643     193.28849       0.00384       0.09479       0.02083 p3_srg_cei_11_r1_90deg
297      55.45276      -0.00091     193.29629       0.00384       0.09479       0.02083 p3_srg_cei_11_r1_front
298      50.43060     209.69200     248.30525       0.00362       0.09531       0.02083 p3_baz_cei_11_10_09_r1_cone
299     -25.50556     209.85788     249.04561       0.00361       0.09531       0.02083 p3_baz_cei_11_10_09_r1_grove
300     -13.52301     209.80287     289.25305       0.00342       0.09578       0.02083 p3_baz_cei_11_10_09_r1_flat
301     -38.24652     -97.49140     324.79682       0.00322       0.09624       0.02083 p3_bpx_cei_ip_11_13_r2_cone
302     -37.97697      97.23530     324.81562       0.00322       0.09624       0.02083 p3_bpx_cei_ho_11_13_r2_cone
303      37.66152     -97.56497     327.50824       0.00320       0.09628       0.02083 p3_bpx_cei_ip_11_13_r2_flat
304      37.92227      97.10413     327.53424       0.00320       0.09628       0.02083 p3_bpx_cei_ho_11_13_r2_flat
305      24.63857     -97.55707     367.37553       0.00295       0.09687       0.02083 p3_bpx_cei_ip_11_13_r2_grove
306      24.89642      97.09742     367.41458       0.00295       0.09688       0.02083 p3_bpx_cei_ho_11_13_r2_grove
307      28.16811     -97.56245     401.94857       0.00271       0.09744       0.02083 p3_bpx_cei_ip_11_09_r2_cone
308      28.41786      97.06805     401.97657       0.00271       0.09744       0.02083 p3_bpx_cei_ho_11_09_r2_cone
309     -46.40109     -97.47416     416.29977       0.00261       0.09770       0.02083 p3_bpx_cei_ip_11_09_r2_grove
310     -46.14264      97.20414     416.32379       0.00261       0.09770       0.02083 p3_bpx_cei_ho_11_09_r2_grove
311     -27.41506     -97.49436     453.69540       0.00231       0.09839       0.02083 p3_bpx_cei_ip_11_09_r2_flat
312     -27.16491      97.12103     453.72818       0.00231       0.09839       0.02083 p3_bpx_cei_ho_11_09_r2_flat
313      55.64677       0.08896     478.09982       0.00211       0.09888       0.02083 p3_irl_cei_11_r1_front
314     -36.29830     210.04400     548.78598       0.00145       0.10043       0.02083 p3_baz_cei_11_12_13_r1_cone
315      37.87075     209.82748     565.13447       0.00129       0.10082       0.02083 p3_baz_cei_11_12_13_r1_flat
316      17.87942     209.85494     602.01556       0.00090       0.10174       0.02083 p3_baz_cei_11_12_13_r1_grove
317      -7.75527     -36.10390     719.66505      -0.00050       0.10507       0.02083 p3_slm_cei_11_surf_r1
318     -37.43506     -97.42018     811.69121      -0.00157       0.10451       0.02083 p3_bpx_cei_ip_11_13_r3_cone
319     -37.17433      97.26521     811.90584      -0.00158       0.10450       0.02083 p3_bpx_cei_ho_11_13_r3_cone
320      38.41816     -97.52457     815.29934      -0.00161       0.10427       0.02083 p3_bpx_cei_ip_11_13_r3_flat
321      38.68119      97.12663     815.49088      -0.00161       0.10426       0.02083 p3_bpx_cei_ho_11_13_r3_flat
322      24.93538     -97.56076     855.02372      -0.00190       0.10046       0.02083 p3_bpx_cei_ip_11_13_r3_grove
323      25.20782      97.11124     855.21982      -0.00191       0.10043       0.02083 p3_bpx_cei_ho_11_13_r3_grove
324      27.72278     -97.62039     891.80602      -0.00210       0.09504       0.02083 p3_bpx_cei_ip_11_09_r3_cone
325      28.00252      97.07670     892.00135      -0.00210       0.09500       0.02083 p3_bpx_cei_ho_11_09_r3_cone
326     -47.01228     -97.54456     905.28019      -0.00214       0.09260       0.02083 p3_bpx_cei_ip_11_09_r3_grove
327     -46.72615      97.21623     905.50054      -0.00215       0.09255       0.02083 p3_bpx_cei_ho_11_09_r3_grove
328     -28.46092     -97.61003     942.89762      -0.00222       0.08450       0.02083 p3_bpx_cei_ip_11_09_r3_flat
329     -28.17058      97.13966     943.11158      -0.00222       0.08445       0.02083 p3_bpx_cei_ho_11_09_r3_flat
330      55.50308       0.09510     950.50757      -0.00223       0.08263       0.02083 p3_irc_cei_11_r1_front
331      55.49711       0.22670    1178.75078      -0.00075      -0.00947       0.02083 p3_mid_cei_11_front
332     -36.51061      97.25800    1240.88787       0.00009      -0.04329       0.02083 p3_bpx_cei_ho_11_13_r4_cone
333     -36.76367     -97.42540    1240.93700       0.00009      -0.04332       0.02083 p3_bpx_cei_ip_11_13_r4_cone
334      39.31927      97.11692    1245.01982       0.00014      -0.04537       0.02083 p3_bpx_cei_ho_11_13_r4_flat
335      39.06192     -97.50177    1245.08036       0.00014      -0.04540       0.02083 p3_bpx_cei_ip_11_13_r4_flat
336      25.55944      97.08882    1284.64841       0.00059      -0.06413       0.02083 p3_bpx_cei_ho_11_13_r4_grove
337      25.29559     -97.54737    1284.70944       0.00059      -0.06416       0.02083 p3_bpx_cei_ip_11_13_r4_grove
338      40.96770      97.03123    1319.04075       0.00094      -0.07870       0.02083 p3_bpx_cei_ho_11_09_r4_cone
339      40.70185     -97.64037    1319.11005       0.00094      -0.07873       0.02083 p3_bpx_cei_ip_11_09_r4_cone
340     -33.85064      97.14380    1331.99956       0.00106      -0.08377       0.02083 p3_bpx_cei_ho_11_09_r4_grove
341     -34.12299     -97.57700    1332.05579       0.00106      -0.08379       0.02083 p3_bpx_cei_ip_11_09_r4_grove
342     -15.55082      97.04816    1369.76638       0.00137      -0.09727       0.02083 p3_bpx_cei_ho_11_09_r4_flat
343     -15.83057     -97.64663    1369.81138       0.00137      -0.09729       0.02083 p3_bpx_cei_ip_11_09_r4_flat
344      55.48495       0.04854    1407.41634       0.00163      -0.10882       0.02083 p3_irc_cei_11_r2_front
345     -28.18790     172.63609    1465.59629       0.00192      -0.12291       0.02083 p3_baz_cei_11_12_10_r2_grove
346      42.19248     172.43048    1494.12304       0.00202      -0.12815       0.02083 p3_baz_cei_11_12_10_r2_cone
347     -32.59501     172.57766    1507.32754       0.00205      -0.13021       0.02083 p3_baz_cei_11_12_10_r2_flat
348     -27.22555     -97.60652    1665.81041       0.00196      -0.13656       0.02083 p3_bpx_cei_ip_11_13_r5_cone
349     -26.95056      97.28248    1666.04529       0.00196      -0.13654       0.02083 p3_bpx_cei_ho_11_13_r5_cone
350      48.61342     -97.67459    1669.95509       0.00194      -0.13627       0.02083 p3_bpx_cei_ip_11_13_r5_flat
351      48.88670      97.13780    1670.18158       0.00194      -0.13625       0.02083 p3_bpx_cei_ho_11_13_r5_flat
352      34.83905     -97.67243    1709.58268       0.00177      -0.13235       0.02083 p3_bpx_cei_ip_11_13_r5_grove
353      35.11433      97.09917    1709.81390       0.00177      -0.13232       0.02083 p3_bpx_cei_ho_11_13_r5_grove
354      46.87446     -97.70100    1758.67095       0.00147      -0.12456       0.02083 p3_bpx_cei_ip_11_09_r5_cone
355      47.15365      97.00399    1758.90184       0.00147      -0.12451       0.02083 p3_bpx_cei_ho_11_09_r5_cone
356     -27.95624     -97.62082    1771.59245       0.00137      -0.12197       0.02083 p3_bpx_cei_ip_11_09_r5_grove
357     -27.67036      97.12537    1771.83555       0.00137      -0.12192       0.02083 p3_bpx_cei_ho_11_09_r5_grove
358      -9.67870     -97.64546    1809.35339       0.00106      -0.11311       0.02083 p3_bpx_cei_ip_11_09_r5_flat
359      -9.39222      97.01904    1809.59565       0.00106      -0.11305       0.02083 p3_bpx_cei_ho_11_09_r5_flat
360      55.51372       0.06654    1880.21757       0.00034      -0.09130       0.02083 p3_irl_cei_11_r2_front
361     -13.37604     -41.41561    2020.87344      -0.00166      -0.02798       0.02083 p3_gim_cei_11_surf_r1
362     -52.21915     -52.35034    2115.68224      -0.00318       0.02137       0.02083 p3_srg_cei_11_r2_225deg
363      -0.01020     -73.85893    2115.70269      -0.00318       0.02138       0.02083 p3_srg_cei_11_r2_270deg
364     -51.76977      52.25155    2115.73728      -0.00318       0.02139       0.02083 p3_srg_cei_11_r2_135deg
365     -55.67966      -0.13617    2115.73993      -0.00318       0.02139       0.02083 p3_srg_cei_11_r2_rear
366      52.16835     -52.21771    2115.79077      -0.00318       0.02141       0.02083 p3_srg_cei_11_r2_315deg
367       0.56776      73.24776    2115.79097      -0.00318       0.02141       0.02083 p3_srg_cei_11_r2_90deg
368      52.72611      51.29708    2115.79892      -0.00318       0.02142       0.02083 p3_srg_cei_11_r2_45deg
369      55.45094       0.00002    2115.84791      -0.00318       0.02144       0.02083 p3_srg_cei_11_r2_front
370     -34.23500      97.09615    2206.15622      -0.00422       0.05498       0.02083 p3_bpx_cei_ho_11_13_r6_cone
371     -34.51227     -97.70565    2206.41979      -0.00422       0.05506       0.02083 p3_bpx_cei_ip_11_13_r6_cone
372      41.59317      96.88155    2210.27437      -0.00425       0.05618       0.02083 p3_bpx_cei_ho_11_13_r6_flat
373      41.31750     -97.75124    2210.55153      -0.00425       0.05626       0.02083 p3_bpx_cei_ip_11_13_r6_flat
374      27.82714      96.96736    2249.90752      -0.00456       0.06630       0.02083 p3_bpx_cei_ho_11_13_r6_grove
375      27.55156     -97.71233    2250.18622      -0.00457       0.06636       0.02083 p3_bpx_cei_ip_11_13_r6_grove
376      39.97700      97.07822    2331.99931      -0.00495       0.07886       0.02083 p3_bpx_cei_ho_11_09_r6_cone
377      39.69873     -97.68018    2332.27473      -0.00495       0.07888       0.02083 p3_bpx_cei_ip_11_09_r6_cone
378     -34.85482      97.22611    2344.94746      -0.00498       0.07981       0.02083 p3_bpx_cei_ho_11_09_r6_grove
379     -35.12660     -97.61048    2345.21956      -0.00498       0.07982       0.02083 p3_bpx_cei_ip_11_09_r6_grove
380     -16.57036      97.23424    2382.70871      -0.00501       0.08096       0.02083 p3_bpx_cei_ho_11_09_r6_flat
381     -16.84734     -97.58505    2382.97491      -0.00501       0.08096       0.02083 p3_bpx_cei_ip_11_09_r6_flat
382     -81.29355       5.43031     739.80000       0.00000       0.00000       0.00000 p4_cei_11_par_1
383     -85.11813      17.37985    2041.34000      26.08587       0.00000       0.00000 p4_cei_11_par_2
384      19.41010       0.34754    2382.00000    2718.07429       2.09334      -0.00026 p4_cei_11_par_3
385      -0.32954       0.00831      -0.02136      -0.00693      -0.15718       0.00155 p4_cei_11
386     -14.93609      -0.00337      66.07013       0.01992       0.56344   -3141.59106 p4_irm_cei_11_s1_fixed
387      15.04134      -0.00489    2291.88653       0.00368      -0.19156       0.00155 p4_irm_cei_11_s2_fixed
388      15.06391      -0.00341      66.08704       0.01992       0.56344   -3141.59106 p4_irm_cei_11_l1_fixed
389     -14.95866      -0.00484    2291.89228       0.00368      -0.19156       0.00155 p4_irm_cei_11_l2_fixed
390     -15.14138       0.00305     477.97330       0.00830       0.38944       0.00155 p4_irl_cei_11_s1
391      14.95583      -0.00649    1879.98282       0.00365      -0.22653       0.00155 p4_irl_cei_11_s2
392      14.77916       0.00015     950.47991      -0.01832      -0.05480       0.00156 p4_irl_cei_11_l1
393     -15.15050      -0.00636    1407.48620      -0.00615      -0.20805       0.00155 p4_irl_cei_11_l2
394     -15.22132       0.00037     941.18141      -0.01814      -0.04803       0.00156 p4_irc_cei_11_s1
395      14.85144      -0.00646    1416.78000      -0.00584      -0.20931       0.00155 p4_irc_cei_11_s2
396      14.84757      -0.00635    1398.17992      -0.00648      -0.20676       0.00155 p4_irc_cei_11_l1
397     -15.22030       0.00003     959.78169      -0.01849      -0.06140       0.00156 p4_irc_cei_11_l2
398       0.10130      -0.00472      -0.02142       0.02014       0.56683       0.00155 p4_irt_cei_11_r1
399      -0.10754       0.00220     396.97897       0.01197       0.44447       0.00155 p4_irt_cei_11_r2
400      -0.21932       0.00264     793.98010      -0.01200       0.08265       0.00155 p4_irt_cei_11_r3
401      -0.19162      -0.00414    1190.98187      -0.01496      -0.16856       0.00156 p4_irt_cei_11_r4
402      -0.11111      -0.00699    1587.98420      -0.00089      -0.22608       0.00155 p4_irt_cei_11_r5
403      -0.02079      -0.00605    1984.98699       0.00407      -0.21802       0.00155 p4_irt_cei_11_r6
404       0.05851      -0.00454    2381.99015       0.00365      -0.19006       0.00155 p4_irt_cei_11_r7
405     -37.19669     -97.63426      14.84041       0.02013       0.56666       0.00155 p4_bpx_cei_ip_11_13_r1_cone
406     -37.01672      97.25185      15.24649       0.02013       0.56665       0.00155 p4_bpx_cei_ho_11_13_r1_cone
407      38.71666     -97.69513      16.92983       0.02013       0.56661       0.00155 p4_bpx_cei_ip_11_13_r1_flat
408      38.89095      97.12587      17.29411       0.02013       0.56660       0.00155 p4_bpx_cei_ho_11_13_r1_flat
409      26.03393     -97.66771      56.91839       0.01998       0.56432       0.00155 p4_bpx_cei_ip_11_13_r1_grove
410      26.22282      97.07470      57.28880       0.01997       0.56428       0.00155 p4_bpx_cei_ho_11_13_r1_grove
411      23.60519     -97.64037      88.81453       0.01974       0.56071       0.00155 p4_bpx_cei_ip_11_09_r1_cone
412      23.81818      97.02363      89.18680       0.01973       0.56065       0.00155 p4_bpx_cei_ho_11_09_r1_cone
413     -50.84642     -97.57416     103.77519       0.01959       0.55846       0.00155 p4_bpx_cei_ip_11_09_r1_grove
414     -50.62005      97.14494     104.18711       0.01958       0.55840       0.00155 p4_bpx_cei_ho_11_09_r1_grove
415     -31.55348     -97.56047     141.01828       0.01911       0.55138       0.00155 p4_bpx_cei_ip_11_09_r1_flat
416     -31.31071      97.03743     141.42310       0.01911       0.55129       0.00155 p4_bpx_cei_ho_11_09_r1_flat
417     -55.59275      -0.00086     193.15327       0.01821       0.53785       0.00155 p4_srg_cei_11_r1_rear
418      -0.06348     -73.85055     193.22508       0.01821       0.53784       0.00155 p4_srg_cei_11_r1_270deg
419      52.13245     -52.23273     193.26726       0.01821       0.53783       0.00155 p4_srg_cei_11_r1_315deg
420     -52.28116     -52.23287     193.21300       0.01821       0.53783       0.00155 p4_srg_cei_11_r1_225deg
421      52.43861      51.37967     193.26994       0.01821       0.53783       0.00155 p4_srg_cei_11_r1_45deg
422      55.45011      -0.00103     193.30849       0.01821       0.53782       0.00155 p4_srg_cei_11_r1_front
423       0.36510      73.23425     193.29983       0.01821       0.53782       0.00155 p4_srg_cei_11_r1_90deg
424     -51.95934      51.95204     193.28878       0.01821       0.53781       0.00155 p4_srg_cei_11_r1_135deg
425      50.41884     209.69394     248.31706       0.01695       0.51896       0.00155 p4_baz_cei_11_10_09_r1_cone
426     -25.52077     209.85568     249.05636       0.01693       0.51866       0.00155 p4_baz_cei_11_10_09_r1_grove
427     -13.53759     209.79802     289.26410       0.01580       0.50185       0.00155 p4_baz_cei_11_10_09_r1_flat
428     -38.24610     -97.49290     324.77836       0.01467       0.48492       0.00155 p4_bpx_cei_ip_11_13_r2_cone
429     -37.98522      97.23450     324.82463       0.01467       0.48489       0.00155 p4_bpx_cei_ho_11_13_r2_cone
430      37.66131     -97.56818     327.49321       0.01458       0.48356       0.00155 p4_bpx_cei_ip_11_13_r2_flat
431      37.91478      97.10442     327.54850       0.01458       0.48353       0.00155 p4_bpx_cei_ho_11_13_r2_flat
432      24.63695     -97.55571     367.35892       0.01315       0.46205       0.00155 p4_bpx_cei_ip_11_13_r2_grove
433      24.88922      97.09719     367.42708       0.01314       0.46201       0.00155 p4_bpx_cei_ho_11_13_r2_grove
434      28.16633     -97.56058     401.92981       0.01177       0.44140       0.00155 p4_bpx_cei_ip_11_09_r2_cone
435      28.41010      97.06862     401.98892       0.01176       0.44137       0.00155 p4_bpx_cei_ho_11_09_r2_cone
436     -46.40367     -97.47480     416.28389       0.01116       0.43226       0.00155 p4_bpx_cei_ip_11_09_r2_grove
437     -46.15089      97.20490     416.33623       0.01115       0.43223       0.00155 p4_bpx_cei_ho_11_09_r2_grove
438     -27.41506     -97.49505     453.68091       0.00947       0.40701       0.00155 p4_bpx_cei_ip_11_09_r2_flat
439     -27.17118      97.12175     453.74176       0.00947       0.40697       0.00155 p4_bpx_cei_ho_11_09_r2_flat
440      55.64178       0.09644     478.10446       0.00829       0.38936       0.00155 p4_irl_cei_11_r1_front
441     -36.30709     210.04944     548.80054       0.00452       0.33297       0.00155 p4_baz_cei_11_12_13_r1_cone
442      37.86140     209.83279     565.14734       0.00358       0.31885       0.00155 p4_baz_cei_11_12_13_r1_flat
443      17.87274     209.85861     602.02734       0.00135       0.28543       0.00155 p4_baz_cei_11_12_13_r1_grove
444      -7.90093     -36.10385     719.65133      -0.00672       0.16472       0.00155 p4_slm_cei_11_surf_r1
445     -37.42547     -97.41753     811.66909      -0.01305       0.06461       0.00155 p4_bpx_cei_ip_11_13_r3_cone
446     -37.16668      97.27127     811.91966      -0.01306       0.06436       0.00155 p4_bpx_cei_ho_11_13_r3_cone
447      38.42801     -97.52069     815.28315      -0.01325       0.06100       0.00155 p4_bpx_cei_ip_11_13_r3_flat
448      38.68959      97.12970     815.50634      -0.01326       0.06078       0.00155 p4_bpx_cei_ho_11_13_r3_flat
449      24.94484     -97.55494     855.00513      -0.01526       0.02311       0.00156 p4_bpx_cei_ip_11_13_r3_grove
450      25.21534      97.11486     855.23520      -0.01527       0.02290       0.00156 p4_bpx_cei_ho_11_13_r3_grove
451      27.73160     -97.61823     891.78729      -0.01674      -0.00911       0.00156 p4_bpx_cei_ip_11_09_r3_cone
452      28.01110      97.07586     892.01715      -0.01675      -0.00930       0.00156 p4_bpx_cei_ho_11_09_r3_cone
453     -47.00401     -97.54375     905.26081      -0.01719      -0.02022       0.00156 p4_bpx_cei_ip_11_09_r3_grove
454     -46.71600      97.21465     905.51546      -0.01719      -0.02043       0.00156 p4_bpx_cei_ho_11_09_r3_grove
455     -28.45199     -97.60674     942.87831      -0.01817      -0.04928       0.00156 p4_bpx_cei_ip_11_09_r3_flat
456     -28.15988      97.14055     943.12775      -0.01818      -0.04946       0.00156 p4_bpx_cei_ho_11_09_r3_flat
457      55.50546       0.09669     950.51308      -0.01832      -0.05483       0.00156 p4_irc_cei_11_r1_front
458      55.49764       0.22346    1178.75989      -0.01551      -0.16563       0.00156 p4_mid_cei_11_front
459     -36.50818      97.25822    1240.90319      -0.01269      -0.17939       0.00155 p4_bpx_cei_ho_11_13_r4_cone
460     -36.77078     -97.42548    1240.91797      -0.01269      -0.17940       0.00155 p4_bpx_cei_ip_11_13_r4_cone
461      39.32027      97.11075    1245.03596      -0.01251      -0.18025       0.00155 p4_bpx_cei_ho_11_13_r4_flat
462      39.05737     -97.50515    1245.06107      -0.01251      -0.18025       0.00155 p4_bpx_cei_ip_11_13_r4_flat
463      25.55967      97.08511    1284.66449      -0.01082      -0.18804       0.00155 p4_bpx_cei_ho_11_13_r4_grove
464      25.28917     -97.55039    1284.69173      -0.01082      -0.18805       0.00155 p4_bpx_cei_ip_11_13_r4_grove
465      40.96634      97.03164    1319.05629      -0.00942      -0.19428       0.00155 p4_bpx_cei_ho_11_09_r4_cone
466      40.69265     -97.64556    1319.09421      -0.00942      -0.19429       0.00155 p4_bpx_cei_ip_11_09_r4_cone
467     -33.85243      97.14364    1332.01173      -0.00892      -0.19650       0.00155 p4_bpx_cei_ho_11_09_r4_grove
468     -34.13013     -97.57506    1332.03445      -0.00892      -0.19650       0.00155 p4_bpx_cei_ip_11_09_r4_grove
469     -15.55219      97.04950    1369.78140      -0.00749      -0.20258       0.00155 p4_bpx_cei_ho_11_09_r4_flat
470     -15.84079     -97.64300    1369.78930      -0.00749      -0.20258       0.00155 p4_bpx_cei_ip_11_09_r4_flat
471      55.47559       0.04723    1407.42521      -0.00616      -0.20805       0.00155 p4_irc_cei_11_r2_front
472     -28.18822     172.63606    1465.61330      -0.00425      -0.21534       0.00155 p4_baz_cei_11_12_10_r2_grove
473      42.19017     172.43024    1494.14085      -0.00339      -0.21840       0.00155 p4_baz_cei_11_12_10_r2_cone
474     -32.59504     172.58012    1507.34264      -0.00301      -0.21970       0.00155 p4_baz_cei_11_12_10_r2_flat
475     -27.23502     -97.60565    1665.79143       0.00080      -0.22966       0.00155 p4_bpx_cei_ip_11_13_r5_cone
476     -26.94645      97.28245    1666.06330       0.00081      -0.22967       0.00155 p4_bpx_cei_ho_11_13_r5_cone
477      48.60364     -97.67836    1669.93684       0.00088      -0.22978       0.00155 p4_bpx_cei_ip_11_13_r5_flat
478      48.88930      97.13764    1670.19660       0.00089      -0.22979       0.00155 p4_bpx_cei_ho_11_13_r5_flat
479      34.83106     -97.67429    1709.56402       0.00160      -0.23058       0.00155 p4_bpx_cei_ip_11_13_r5_grove
480      35.11882      97.09771    1709.82774       0.00161      -0.23058       0.00155 p4_bpx_cei_ho_11_13_r5_grove
481      46.86908     -97.70671    1758.65125       0.00236      -0.23065       0.00155 p4_bpx_cei_ip_11_09_r5_cone
482      47.16115      97.00199    1758.91353       0.00237      -0.23065       0.00155 p4_bpx_cei_ho_11_09_r5_cone
483     -27.96164     -97.61726    1771.57452       0.00254      -0.23050       0.00155 p4_bpx_cei_ip_11_09_r5_grove
484     -27.66147      97.12844    1771.85255       0.00254      -0.23050       0.00155 p4_bpx_cei_ho_11_09_r5_grove
485      -9.68075     -97.64469    1809.33471       0.00300      -0.22967       0.00155 p4_bpx_cei_ip_11_09_r5_flat
486      -9.37978      97.01991    1809.61006       0.00301      -0.22967       0.00155 p4_bpx_cei_ho_11_09_r5_flat
487      55.52409       0.06675    1880.22653       0.00365      -0.22652       0.00155 p4_irl_cei_11_r2_front
488     -13.37590     -41.42559    2020.85859       0.00407      -0.21407       0.00155 p4_gim_cei_11_surf_r1
489     -52.22826     -52.34095    2115.66741       0.00389      -0.20321       0.00155 p4_srg_cei_11_r2_225deg
490      -0.01329     -73.85793    2115.68919       0.00389      -0.20320       0.00155 p4_srg_cei_11_r2_270deg
491     -55.67237      -0.12834    2115.72421       0.00389      -0.20320       0.00155 p4_srg_cei_11_r2_rear
492     -51.86108      52.20355    2115.73653       0.00389      -0.20320       0.00155 p4_srg_cei_11_r2_135deg
493      52.16757     -52.22291    2115.77940       0.00389      -0.20319       0.00155 p4_srg_cei_11_r2_315deg
494       0.57337      73.24237    2115.80600       0.00389      -0.20319       0.00155 p4_srg_cei_11_r2_90deg
495      52.65093      51.30919    2115.80990       0.00389      -0.20319       0.00155 p4_srg_cei_11_r2_45deg
496      55.46326      -0.00562    2115.85823       0.00389      -0.20318       0.00155 p4_srg_cei_11_r2_front
497     -34.22029      97.10347    2206.16825       0.00375      -0.19579       0.00155 p4_bpx_cei_ho_11_13_r6_cone
498     -34.51615     -97.69643    2206.39904       0.00375      -0.19577       0.00155 p4_bpx_cei_ip_11_13_r6_cone
499      41.60541      96.87987    2210.29205       0.00375      -0.19552       0.00155 p4_bpx_cei_ho_11_13_r6_flat
500      41.31456     -97.74953    2210.53834       0.00375      -0.19550       0.00155 p4_bpx_cei_ip_11_13_r6_flat
501      27.83732      96.96893    2249.92663       0.00371      -0.19329       0.00155 p4_bpx_cei_ho_11_13_r6_grove
502      27.54616     -97.71026    2250.17231       0.00371      -0.19328       0.00155 p4_bpx_cei_ip_11_13_r6_grove
503      39.98385      97.07972    2332.01817       0.00366      -0.19052       0.00155 p4_bpx_cei_ho_11_09_r6_cone
504      39.68890     -97.68168    2332.26294       0.00366      -0.19051       0.00155 p4_bpx_cei_ip_11_09_r6_cone
505     -34.84948      97.23558    2344.96123       0.00365      -0.19031       0.00155 p4_bpx_cei_ho_11_09_r6_grove
506     -35.13794     -97.59892    2345.20110       0.00365      -0.19031       0.00155 p4_bpx_cei_ip_11_09_r6_grove
507     -16.56640      97.24209    2382.72576       0.00365      -0.19006       0.00155 p4_bpx_cei_ho_11_09_r6_flat
508     -16.85996     -97.57701    2382.95543       0.00365      -0.19006       0.00155 p4_bpx_cei_ip_11_09_r6_flat
509     -15.00000       0.00000      66.10000       0.00000      -0.00000       1.59270 p1_irm_cei_11_s1
510      15.00000       0.00000      66.10000       0.00000      -0.00000       1.59270 p1_irm_cei_11_l1
511      15.00000       0.00000    2291.90000       0.00000      -0.00000   -3140.00000 p1_irm_cei_11_s2
512     -15.00000       0.00000    2291.90000       0.00000      -0.00000   -3140.00000 p1_irm_cei_11_l2
513     -15.08579      -0.00073      66.14058       0.00711      -0.67026       1.61459 p2_irm_cei_11_s1
514      14.91421      -0.00138      66.12047       0.00711      -0.67026       1.61459 p2_irm_cei_11_l1
515      14.95413      -0.00068    2291.94433      -0.00680       0.23014   -3139.97811 p2_irm_cei_11_s2
516     -15.04587      -0.00003    2291.93743      -0.00680       0.23014   -3139.97811 p2_irm_cei_11_l2
517     -14.99173       0.00004      66.08876       0.00413       0.09408       1.61353 p3_irm_cei_11_s1
518      15.00827      -0.00058      66.09158       0.00413       0.09408       1.61353 p3_irm_cei_11_l1
519      14.98526       0.00014    2291.90307      -0.00480       0.07414   -3139.97917 p3_irm_cei_11_s2
520     -15.01474       0.00076    2291.90085      -0.00480       0.07414   -3139.97917 p3_irm_cei_11_l2
521     -14.93609      -0.00337      66.07013       0.01992       0.56344       1.59425 p4_irm_cei_11_s1
522      15.06391      -0.00341      66.08704       0.01992       0.56344       1.59425 p4_irm_cei_11_l1
523      15.04134      -0.00489    2291.88653       0.00368      -0.19156   -3139.99845 p4_irm_cei_11_s2
524     -14.95866      -0.00484    2291.89228       0.00368      -0.19156   -3139.99845 p4_irm_cei_11_l2
