1       0.00000       0.00000     739.80000       0.00000       0.00000       0.00000 p1_cei_05_par_1
2       0.00000       0.00000    2041.34000      26.08587       0.00000       0.00000 p1_cei_05_par_2
3       0.00000       0.00000    2382.00000       0.00000       0.00000       0.00000 p1_cei_05_par_3
4       0.00000       0.00000       0.00000       0.00000       0.00000       0.00000 p1_cei_05
5     -15.00000       0.00000      66.10000       0.00000      -0.00000   -3141.59261 p1_irm_cei_05_s1_fixed
6      15.00000       0.00000    2291.90000       0.00000      -0.00000       0.00000 p1_irm_cei_05_s2_fixed
7      15.00000       0.00000      66.10000       0.00000      -0.00000   -3141.59261 p1_irm_cei_05_l1_fixed
8     -15.00000       0.00000    2291.90000       0.00000      -0.00000       0.00000 p1_irm_cei_05_l2_fixed
9     -15.00000       0.00000     478.00000       0.00000      -0.00000       0.00000 p1_irl_cei_05_s1
10      15.00000       0.00000    1880.00000       0.00000      -0.00000       0.00000 p1_irl_cei_05_s2
11      15.00000       0.00000     950.50000       0.00000      -0.00000       0.00000 p1_irl_cei_05_l1
12     -15.00000       0.00000    1407.50000       0.00000      -0.00000       0.00000 p1_irl_cei_05_l2
13     -15.00000       0.00000     941.20000       0.00000      -0.00000       0.00000 p1_irc_cei_05_s1
14      15.00000       0.00000    1416.80000       0.00000      -0.00000       0.00000 p1_irc_cei_05_s2
15      15.00000       0.00000    1398.20000       0.00000      -0.00000       0.00000 p1_irc_cei_05_l1
16     -15.00000       0.00000     959.80000       0.00000      -0.00000       0.00000 p1_irc_cei_05_l2
17       0.00000       0.00000       0.00000       0.00000      -0.00000       0.00000 p1_irt_cei_05_r1
18       0.00000       0.00000     397.00000       0.00000      -0.00000       0.00000 p1_irt_cei_05_r2
19       0.00000       0.00000     794.00000       0.00000      -0.00000       0.00000 p1_irt_cei_05_r3
20       0.00000       0.00000    1191.00000       0.00000      -0.00000       0.00000 p1_irt_cei_05_r4
21       0.00000       0.00000    1588.00000       0.00000      -0.00000       0.00000 p1_irt_cei_05_r5
22       0.00000       0.00000    1985.00000       0.00000      -0.00000       0.00000 p1_irt_cei_05_r6
23       0.00000       0.00000    2382.00000       0.00000      -0.00000       0.00000 p1_irt_cei_05_r7
24     -36.89150      97.23900      14.65200       0.00000      -0.00000       0.00000 p1_bpx_cei_ho_05_07_r1_cone
25     -37.11500     -97.65140      14.82150       0.00000      -0.00000       0.00000 p1_bpx_cei_ip_05_07_r1_cone
26      39.01610      97.12920      16.77630       0.00000      -0.00000       0.00000 p1_bpx_cei_ho_05_07_r1_flat
27      38.79610     -97.71980      16.96080       0.00000      -0.00000       0.00000 p1_bpx_cei_ip_05_07_r1_flat
28      26.31210      97.04870      56.75630       0.00000      -0.00000       0.00000 p1_bpx_cei_ho_05_07_r1_grove
29      26.08770     -97.71100      56.94350       0.00000      -0.00000       0.00000 p1_bpx_cei_ip_05_07_r1_grove
30      23.87030      96.97050      88.64850       0.00000      -0.00000       0.00000 p1_bpx_cei_ho_05_03_r1_cone
31      23.63690     -97.71320      88.83440       0.00000      -0.00000       0.00000 p1_bpx_cei_ip_05_03_r1_cone
32     -50.58510      97.08020     103.57150       0.00000      -0.00000       0.00000 p1_bpx_cei_ho_05_03_r1_grove
33     -50.82380     -97.64550     103.74510       0.00000      -0.00000       0.00000 p1_bpx_cei_ip_05_03_r1_grove
34     -31.31320      96.93970     140.83260       0.00000      -0.00000       0.00000 p1_bpx_cei_ho_05_03_r1_flat
35     -31.55590     -97.65760     141.00530       0.00000      -0.00000       0.00000 p1_bpx_cei_ip_05_03_r1_flat
36      52.64230      51.16250     193.12730       0.00000      -0.00000       0.00000 p1_srg_cei_05_r1_45deg
37       0.60980      73.15930     193.16930       0.00000      -0.00000       0.00000 p1_srg_cei_05_r1_90deg
38     -51.77980      52.04670     193.21610       0.00000      -0.00000       0.00000 p1_srg_cei_05_r1_135deg
39     -55.49660       0.00000     193.24940       0.00000      -0.00000       0.00000 p1_srg_cei_05_r1_rear
40      55.45650       0.00000     193.30000       0.00000      -0.00000       0.00000 p1_srg_cei_05_r1_front
41     -52.24590     -52.28910     193.30180       0.00000      -0.00000       0.00000 p1_srg_cei_05_r1_225deg
42      52.17660     -52.22250     193.31990       0.00000      -0.00000       0.00000 p1_srg_cei_05_r1_315deg
43      -0.01030     -73.85600     193.32910       0.00000      -0.00000       0.00000 p1_srg_cei_05_r1_270deg
44      50.38780     209.68390     248.38100       0.00000      -0.00000       0.00000 p1_baz_cei_05_04_03_r1_cone
45     -25.54840     209.83320     249.09030       0.00000      -0.00000       0.00000 p1_baz_cei_05_04_03_r1_grove
46     -13.58260     209.76080     289.30240       0.00000      -0.00000       0.00000 p1_baz_cei_05_04_03_r1_flat
47     -38.43320     -97.62920     324.58830       0.00000      -0.00000       0.00000 p1_bpx_cei_ip_05_07_r2_cone
48     -38.10070      97.16510     324.72210       0.00000      -0.00000       0.00000 p1_bpx_cei_ho_05_07_r2_cone
49      37.46510     -97.75190     327.32110       0.00000      -0.00000       0.00000 p1_bpx_cei_ip_05_07_r2_flat
50      37.79600      97.07700     327.47930       0.00000      -0.00000       0.00000 p1_bpx_cei_ho_05_07_r2_flat
51      24.43970     -97.71980     367.20350       0.00000      -0.00000       0.00000 p1_bpx_cei_ip_05_07_r2_grove
52      24.75370      97.07990     367.34870       0.00000      -0.00000       0.00000 p1_bpx_cei_ho_05_07_r2_grove
53      27.96040     -97.72150     401.76050       0.00000      -0.00000       0.00000 p1_bpx_cei_ip_05_03_r2_cone
54      28.26110      97.06330     401.91450       0.00000      -0.00000       0.00000 p1_bpx_cei_ho_05_03_r2_cone
55     -46.61480     -97.61750     416.08960       0.00000      -0.00000       0.00000 p1_bpx_cei_ip_05_03_r2_grove
56     -46.31600      97.19320     416.22130       0.00000      -0.00000       0.00000 p1_bpx_cei_ho_05_03_r2_grove
57     -27.63530     -97.63300     453.49760       0.00000      -0.00000       0.00000 p1_bpx_cei_ip_05_03_r2_flat
58     -27.35440      97.14650     453.63710       0.00000      -0.00000       0.00000 p1_bpx_cei_ho_05_03_r2_flat
59      55.33300       0.02060     477.49930       0.00000      -0.00000       0.00000 p1_irl_cei_05_r1_front
60     -36.43190     210.01000     548.59040       0.00000      -0.00000       0.00000 p1_baz_cei_05_06_07_r1_cone
61      37.73750     209.80600     564.92490       0.00000      -0.00000       0.00000 p1_baz_cei_05_06_07_r1_flat
62      17.74910     209.84350     601.80960       0.00000      -0.00000       0.00000 p1_baz_cei_05_06_07_r1_grove
63      -7.69400     -36.10350     719.64210       0.00000      -0.00000       0.00000 p1_slm_cei_05_surf_r1
64     -37.62190     -97.58410     811.87720       0.00000      -0.00000       0.00000 p1_bpx_cei_ip_05_07_r3_cone
65     -37.33240      97.24650     812.02790       0.00000      -0.00000       0.00000 p1_bpx_cei_ho_05_07_r3_cone
66      38.22910     -97.67360     815.55640       0.00000      -0.00000       0.00000 p1_bpx_cei_ip_05_07_r3_flat
67      38.52780      97.07930     815.68900       0.00000      -0.00000       0.00000 p1_bpx_cei_ho_05_07_r3_flat
68      24.71250     -97.67930     855.27350       0.00000      -0.00000       0.00000 p1_bpx_cei_ip_05_07_r3_grove
69      25.01580      97.04600     855.40370       0.00000      -0.00000       0.00000 p1_bpx_cei_ho_05_07_r3_grove
70      27.46290     -97.71810     892.05650       0.00000      -0.00000       0.00000 p1_bpx_cei_ip_05_03_r3_cone
71      27.77670      96.98220     892.19070       0.00000      -0.00000       0.00000 p1_bpx_cei_ho_05_03_r3_cone
72     -47.28700     -97.63500     905.46070       0.00000      -0.00000       0.00000 p1_bpx_cei_ip_05_03_r3_grove
73     -46.96920      97.17010     905.61570       0.00000      -0.00000       0.00000 p1_bpx_cei_ho_05_03_r3_grove
74     -28.77420     -97.68330     943.09660       0.00000      -0.00000       0.00000 p1_bpx_cei_ip_05_03_r3_flat
75     -28.44920      97.06690     943.24450       0.00000      -0.00000       0.00000 p1_bpx_cei_ho_05_03_r3_flat
76      55.20570      -0.02890     950.43600       0.00000      -0.00000       0.00000 p1_irc_cei_05_r1_front
77      55.13150      -0.02490    1179.14010       0.00000      -0.00000       0.00000 p1_mid_cei_05_front
78     -36.99510      97.02740    1241.02230       0.00000      -0.00000       0.00000 p1_bpx_cei_ho_05_07_r4_cone
79     -37.27490     -97.51920    1241.21870       0.00000      -0.00000       0.00000 p1_bpx_cei_ip_05_07_r4_cone
80      38.84060      96.88260    1245.01310       0.00000      -0.00000       0.00000 p1_bpx_cei_ho_05_07_r4_flat
81      38.55500     -97.59160    1245.21880       0.00000      -0.00000       0.00000 p1_bpx_cei_ip_05_07_r4_flat
82      25.15230      96.93840    1284.67050       0.00000      -0.00000       0.00000 p1_bpx_cei_ho_05_07_r4_grove
83      24.86750     -97.61080    1284.87120       0.00000      -0.00000       0.00000 p1_bpx_cei_ip_05_07_r4_grove
84      40.62150      96.93830    1319.03730       0.00000      -0.00000       0.00000 p1_bpx_cei_ho_05_03_r4_cone
85      40.33780     -97.66960    1319.23400       0.00000      -0.00000       0.00000 p1_bpx_cei_ip_05_03_r4_cone
86     -34.17050      97.11060    1332.12650       0.00000      -0.00000       0.00000 p1_bpx_cei_ho_05_03_r4_grove
87     -34.46380     -97.59020    1332.32240       0.00000      -0.00000       0.00000 p1_bpx_cei_ip_05_03_r4_grove
88     -15.80460      97.08890    1369.86210       0.00000      -0.00000       0.00000 p1_bpx_cei_ho_05_03_r4_flat
89     -16.09600     -97.63440    1370.05060       0.00000      -0.00000       0.00000 p1_bpx_cei_ip_05_03_r4_flat
90      55.30160       0.00800    1407.34680       0.00000      -0.00000       0.00000 p1_irc_cei_05_r2_front
91     -28.29030     172.73890    1465.37170       0.00000      -0.00000       0.00000 p1_baz_cei_05_06_04_r2_grove
92      42.07280     172.50750    1493.93860       0.00000      -0.00000       0.00000 p1_baz_cei_05_06_04_r2_cone
93     -32.72360     172.64810    1507.09750       0.00000      -0.00000       0.00000 p1_baz_cei_05_06_04_r2_flat
94     -27.51740     -97.47890    1665.74370       0.00000      -0.00000       0.00000 p1_bpx_cei_ip_05_07_r5_cone
95     -27.20300      97.22110    1665.97720       0.00000      -0.00000       0.00000 p1_bpx_cei_ho_05_07_r5_cone
96      48.31450     -97.54230    1669.87530       0.00000      -0.00000       0.00000 p1_bpx_cei_ip_05_07_r5_flat
97      48.63420      97.04370    1670.09090       0.00000      -0.00000       0.00000 p1_bpx_cei_ho_05_07_r5_flat
98      34.55390     -97.57690    1709.50360       0.00000      -0.00000       0.00000 p1_bpx_cei_ip_05_07_r5_grove
99      34.87570      97.03650    1709.72380       0.00000      -0.00000       0.00000 p1_bpx_cei_ho_05_07_r5_grove
100      46.59340     -97.65880    1758.59160       0.00000      -0.00000       0.00000 p1_bpx_cei_ip_05_03_r5_cone
101      46.93040      96.97000    1758.80560       0.00000      -0.00000       0.00000 p1_bpx_cei_ho_05_03_r5_cone
102     -28.22870     -97.58820    1771.53040       0.00000      -0.00000       0.00000 p1_bpx_cei_ip_05_03_r5_grove
103     -27.89700      97.13380    1771.76740       0.00000      -0.00000       0.00000 p1_bpx_cei_ho_05_03_r5_grove
104      -9.94540     -97.63620    1809.28590       0.00000      -0.00000       0.00000 p1_bpx_cei_ip_05_03_r5_flat
105      -9.60080      97.05100    1809.51710       0.00000      -0.00000       0.00000 p1_bpx_cei_ho_05_03_r5_flat
106      55.23400       0.06490    1880.16160       0.00000      -0.00000       0.00000 p1_irl_cei_05_r2_front
107     -13.36410     -41.41830    2020.27750       0.00000      -0.00000       0.00000 p1_gim_cei_05_surf_r1
108      -0.10640     -73.82700    2115.43600       0.00000      -0.00000       0.00000 p1_srg_cei_05_r2_270deg
109      52.10700     -52.19980    2115.47570       0.00000      -0.00000       0.00000 p1_srg_cei_05_r2_315deg
110     -52.28670     -52.23850    2115.52690       0.00000      -0.00000       0.00000 p1_srg_cei_05_r2_225deg
111     -52.19400      51.88400    2115.57690       0.00000      -0.00000       0.00000 p1_srg_cei_05_r2_135deg
112      55.45650       0.00000    2115.58030       0.00000      -0.00000       0.00000 p1_srg_cei_05_r2_front
113      52.23020      51.67260    2115.59470       0.00000      -0.00000       0.00000 p1_srg_cei_05_r2_45deg
114     -55.68960      -0.01340    2115.61260       0.00000      -0.00000       0.00000 p1_srg_cei_05_r2_rear
115       0.10350      73.35640    2115.62720       0.00000      -0.00000       0.00000 p1_srg_cei_05_r2_90deg
116     -34.51410     -97.59220    2206.21970       0.00000      -0.00000       0.00000 p1_bpx_cei_ip_05_07_r6_cone
117     -34.32110      97.07410    2206.42520       0.00000      -0.00000       0.00000 p1_bpx_cei_ho_05_07_r6_cone
118      41.31960     -97.64620    2210.31980       0.00000      -0.00000       0.00000 p1_bpx_cei_ip_05_07_r6_flat
119      41.51450      96.91210    2210.42460       0.00000      -0.00000       0.00000 p1_bpx_cei_ho_05_07_r6_flat
120      27.56890     -97.63170    2249.96170       0.00000      -0.00000       0.00000 p1_bpx_cei_ip_05_07_r6_grove
121      27.81650      96.99300    2250.08360       0.00000      -0.00000       0.00000 p1_bpx_cei_ho_05_07_r6_grove
122      39.75310     -97.63720    2332.04740       0.00000      -0.00000       0.00000 p1_bpx_cei_ip_05_03_r6_cone
123      40.10100      97.07980    2332.15240       0.00000      -0.00000       0.00000 p1_bpx_cei_ho_05_03_r6_cone
124     -35.06940     -97.57430    2345.02000       0.00000      -0.00000       0.00000 p1_bpx_cei_ip_05_03_r6_grove
125     -34.70830      97.30040    2345.22040       0.00000      -0.00000       0.00000 p1_bpx_cei_ho_05_03_r6_grove
126     -16.76700     -97.58270    2382.77070       0.00000      -0.00000       0.00000 p1_bpx_cei_ip_05_03_r6_flat
127     -16.36140      97.29360    2382.95130       0.00000      -0.00000       0.00000 p1_bpx_cei_ho_05_03_r6_flat
128     100.52714       1.11018     739.80000       0.00000       0.00000       0.00000 p2_cei_05_par_1
129     135.42167       3.20327    2041.34000      26.08587       0.00000       0.00000 p2_cei_05_par_2
130      -6.36588       0.64744    2382.00000    6437.48064      -0.94952       0.00005 p2_cei_05_par_3
131       0.37852       0.00414       0.02787      -0.00220       0.17959      -0.00413 p2_cei_05
132     -15.08277       0.00061      66.13842       0.00481      -0.67550    3141.58858 p2_irm_cei_05_s1_fixed
133      14.95101      -0.00092    2291.94393      -0.00283       0.24045      -0.00413 p2_irm_cei_05_s2_fixed
134      14.91723       0.00074      66.11815       0.00481      -0.67550    3141.58858 p2_irm_cei_05_l1_fixed
135     -15.04899      -0.00105    2291.93671      -0.00283       0.24045      -0.00413 p2_irm_cei_05_l2_fixed
136     -14.83766       0.00223     478.03815       0.00244      -0.46034      -0.00413 p2_irl_cei_05_s1
137      15.05215       0.00002    1880.04252      -0.00164       0.25075      -0.00413 p2_irl_cei_05_s2
138      15.25101       0.00211     950.53544      -0.00317       0.08261      -0.00413 p2_irl_cei_05_l1
139     -14.83281       0.00064    1407.53321      -0.00198       0.22777      -0.00413 p2_irl_cei_05_l2
140     -14.74825       0.00201     941.23302      -0.00312       0.07479      -0.00413 p2_irc_cei_05_s1
141      15.16507       0.00075    1416.84010      -0.00195       0.22871      -0.00413 p2_irc_cei_05_s2
142      15.16931       0.00079    1398.23998      -0.00202       0.22681      -0.00413 p2_irc_cei_05_l1
143     -14.74979       0.00195     959.83290      -0.00322       0.09019      -0.00413 p2_irc_cei_05_l2
144      -0.12761       0.00035       0.02778       0.00486      -0.67970      -0.00413 p2_irt_cei_05_r1
145       0.12221       0.00206     397.03069       0.00319      -0.52838      -0.00413 p2_irt_cei_05_r2
146       0.25201       0.00244     794.03327      -0.00173      -0.08138      -0.00413 p2_irt_cei_05_r3
147       0.21373       0.00124    1191.03552      -0.00306       0.20034      -0.00413 p2_irt_cei_05_r4
148       0.12464       0.00039    1588.03748      -0.00153       0.24252      -0.00413 p2_irt_cei_05_r5
149       0.02589      -0.00023    1985.03918      -0.00194       0.24899      -0.00413 p2_irt_cei_05_r6
150      -0.07063      -0.00124    2382.04063      -0.00288       0.23996      -0.00413 p2_irt_cei_05_r7
151     -36.89339      97.23377      14.65631       0.00486      -0.67949      -0.00413 p2_bpx_cei_ho_05_07_r1_cone
152     -37.11627     -97.64873      14.82051       0.00486      -0.67949      -0.00413 p2_bpx_cei_ip_05_07_r1_cone
153      39.01400      97.12350      16.77755       0.00486      -0.67943      -0.00413 p2_bpx_cei_ho_05_07_r1_flat
154      38.79393     -97.71830      16.95755       0.00486      -0.67942      -0.00413 p2_bpx_cei_ip_05_07_r1_flat
155      26.31201      97.04604      56.75758       0.00482      -0.67661      -0.00413 p2_bpx_cei_ho_05_07_r1_grove
156      26.08614     -97.70836      56.94118       0.00482      -0.67659      -0.00413 p2_bpx_cei_ip_05_07_r1_grove
157      23.87102      96.96878      88.65310       0.00478      -0.67216      -0.00413 p2_bpx_cei_ho_05_03_r1_cone
158      23.63635     -97.71242      88.83239       0.00477      -0.67212      -0.00413 p2_bpx_cei_ip_05_03_r1_cone
159     -50.58481      97.07795     103.57553       0.00474      -0.66941      -0.00413 p2_bpx_cei_ho_05_03_r1_grove
160     -50.82359     -97.64405     103.74502       0.00474      -0.66938      -0.00413 p2_bpx_cei_ip_05_03_r1_grove
161     -31.31221      96.93630     140.83496       0.00465      -0.66067      -0.00413 p2_bpx_cei_ho_05_03_r1_flat
162     -31.55560     -97.65330     141.00433       0.00465      -0.66062      -0.00413 p2_bpx_cei_ip_05_03_r1_flat
163      52.64116      51.16059     193.12882       0.00446      -0.64389      -0.00413 p2_srg_cei_05_r1_45deg
164       0.60987      73.15537     193.17192       0.00446      -0.64388      -0.00413 p2_srg_cei_05_r1_90deg
165     -51.77924      52.04525     193.21815       0.00446      -0.64388      -0.00413 p2_srg_cei_05_r1_135deg
166     -55.49581       0.00104     193.24787       0.00446      -0.64387      -0.00413 p2_srg_cei_05_r1_rear
167     -52.24376     -52.28905     193.30501       0.00446      -0.64385      -0.00413 p2_srg_cei_05_r1_225deg
168      55.45798       0.00150     193.29354       0.00446      -0.64383      -0.00413 p2_srg_cei_05_r1_front
169      -0.00852     -73.85573     193.33138       0.00446      -0.64382      -0.00413 p2_srg_cei_05_r1_270deg
170      52.17821     -52.22302     193.32148       0.00446      -0.64382      -0.00413 p2_srg_cei_05_r1_315deg
171      50.38896     209.68112     248.38132       0.00420      -0.62047      -0.00413 p2_baz_cei_05_04_03_r1_cone
172     -25.54664     209.83450     249.09013       0.00420      -0.62015      -0.00413 p2_baz_cei_05_04_03_r1_grove
173     -13.58190     209.75862     289.30418       0.00397      -0.59936      -0.00413 p2_baz_cei_05_04_03_r1_flat
174     -38.43336     -97.62755     324.58854       0.00374      -0.57858      -0.00413 p2_bpx_cei_ip_05_07_r2_cone
175     -38.09878      97.16355     324.72411       0.00374      -0.57849      -0.00413 p2_bpx_cei_ho_05_07_r2_cone
176      37.46695     -97.74752     327.31891       0.00372      -0.57684      -0.00413 p2_bpx_cei_ip_05_07_r2_flat
177      37.79694      97.07458     327.47840       0.00372      -0.57674      -0.00413 p2_bpx_cei_ho_05_07_r2_flat
178      24.44193     -97.71984     367.20163       0.00343      -0.55026      -0.00413 p2_bpx_cei_ip_05_07_r2_grove
179      24.75471      97.08087     367.35090       0.00343      -0.55015      -0.00413 p2_bpx_cei_ho_05_07_r2_grove
180      27.96102     -97.71961     401.75993       0.00315      -0.52474      -0.00413 p2_bpx_cei_ip_05_03_r2_cone
181      28.26270      97.06569     401.91766       0.00315      -0.52462      -0.00413 p2_bpx_cei_ho_05_03_r2_cone
182     -46.61237     -97.61447     416.08763       0.00302      -0.51353      -0.00413 p2_bpx_cei_ip_05_03_r2_grove
183     -46.31571      97.19183     416.22048       0.00302      -0.51342      -0.00413 p2_bpx_cei_ho_05_03_r2_grove
184     -27.63333     -97.62919     453.49604       0.00268      -0.48229      -0.00413 p2_bpx_cei_ip_05_03_r2_flat
185     -27.35247      97.14452     453.63658       0.00268      -0.48217      -0.00413 p2_bpx_cei_ho_05_03_r2_flat
186      55.33581       0.02102     477.50052       0.00244      -0.46080      -0.00413 p2_irl_cei_05_r1_front
187     -36.43305     210.01109     548.59198       0.00167      -0.39081      -0.00413 p2_baz_cei_05_06_07_r1_cone
188      37.73701     209.80372     564.92370       0.00147      -0.37332      -0.00413 p2_baz_cei_05_06_07_r1_flat
189      17.74892     209.84118     601.81143       0.00102      -0.33201      -0.00413 p2_baz_cei_05_06_07_r1_grove
190      -7.45199     -36.10080     719.64270      -0.00063      -0.18254      -0.00413 p2_slm_cei_05_surf_r1
191     -37.62554     -97.58584     811.88143      -0.00195      -0.05920      -0.00413 p2_bpx_cei_ip_05_07_r3_cone
192     -37.33473      97.24656     812.03049      -0.00195      -0.05902      -0.00413 p2_bpx_cei_ho_05_07_r3_cone
193      38.22678     -97.67144     815.55553      -0.00199      -0.05474      -0.00413 p2_bpx_cei_ip_05_07_r3_flat
194      38.52598      97.08136     815.68621      -0.00200      -0.05458      -0.00413 p2_bpx_cei_ho_05_07_r3_flat
195      24.71253     -97.67448     855.27288      -0.00243      -0.00900      -0.00413 p2_bpx_cei_ip_05_07_r3_grove
196      25.01412      97.04652     855.40556      -0.00243      -0.00886      -0.00413 p2_bpx_cei_ho_05_07_r3_grove
197      27.46324     -97.72127     892.05649      -0.00277       0.02940      -0.00413 p2_bpx_cei_ip_05_03_r3_cone
198      27.77373      96.97983     892.19294      -0.00277       0.02953      -0.00413 p2_bpx_cei_ho_05_03_r3_cone
199     -47.28804     -97.63311     905.45804      -0.00288       0.04245      -0.00413 p2_bpx_cei_ip_05_03_r3_grove
200     -46.96955      97.17139     905.61271      -0.00288       0.04259      -0.00413 p2_bpx_cei_ho_05_03_r3_grove
201     -28.77569     -97.68255     943.09533      -0.00313       0.07638      -0.00413 p2_bpx_cei_ip_05_03_r3_flat
202     -28.45341      97.06305     943.24156      -0.00313       0.07650      -0.00413 p2_bpx_cei_ho_05_03_r3_flat
203      55.20392      -0.03003     950.43573      -0.00317       0.08253      -0.00413 p2_irc_cei_05_r1_front
204      55.13020      -0.02530    1179.13865      -0.00313       0.19834      -0.00413 p2_mid_cei_05_front
205     -36.99367      97.03194    1241.02273      -0.00276       0.20761      -0.00413 p2_bpx_cei_ho_05_07_r4_cone
206     -37.27531     -97.51756    1241.21954      -0.00276       0.20764      -0.00413 p2_bpx_cei_ip_05_07_r4_cone
207      38.84160      96.88214    1245.01292      -0.00274       0.20817      -0.00413 p2_bpx_cei_ho_05_07_r4_flat
208      38.55586     -97.59116    1245.21893      -0.00274       0.20820      -0.00413 p2_bpx_cei_ip_05_07_r4_flat
209      25.15304      96.93858    1284.67028      -0.00252       0.21350      -0.00413 p2_bpx_cei_ho_05_07_r4_grove
210      24.86870     -97.60982    1284.87193      -0.00252       0.21353      -0.00413 p2_bpx_cei_ip_05_07_r4_grove
211      40.62303      96.93866    1319.03622      -0.00235       0.21784      -0.00413 p2_bpx_cei_ho_05_03_r4_cone
212      40.33899     -97.66864    1319.23520      -0.00235       0.21786      -0.00413 p2_bpx_cei_ip_05_03_r4_cone
213     -34.16984      97.11032    1332.12524      -0.00229       0.21942      -0.00413 p2_bpx_cei_ho_05_03_r4_grove
214     -34.46228     -97.59098    1332.32313      -0.00229       0.21944      -0.00413 p2_bpx_cei_ip_05_03_r4_grove
215     -15.80410      97.08762    1369.86067      -0.00213       0.22376      -0.00413 p2_bpx_cei_ho_05_03_r4_flat
216     -16.09394     -97.63529    1370.05129      -0.00213       0.22378      -0.00413 p2_bpx_cei_ip_05_03_r4_flat
217      55.30214       0.00863    1407.34488      -0.00198       0.22775      -0.00413 p2_irc_cei_05_r2_front
218     -28.28936     172.74088    1465.36958      -0.00179       0.23330      -0.00413 p2_baz_cei_05_06_04_r2_grove
219      42.07245     172.50572    1493.93622      -0.00171       0.23575      -0.00413 p2_baz_cei_05_06_04_r2_cone
220     -32.72166     172.64619    1507.09561      -0.00168       0.23682      -0.00413 p2_baz_cei_05_06_04_r2_flat
221     -27.51697     -97.47813    1665.74558      -0.00145       0.24659      -0.00413 p2_bpx_cei_ip_05_07_r5_cone
222     -27.20413      97.22107    1665.97614      -0.00145       0.24660      -0.00413 p2_bpx_cei_ho_05_07_r5_cone
223      48.31481     -97.54293    1669.87621      -0.00145       0.24677      -0.00413 p2_bpx_cei_ip_05_07_r5_flat
224      48.63416      97.04447    1670.08947      -0.00145       0.24678      -0.00413 p2_bpx_cei_ho_05_07_r5_flat
225      34.55370     -97.57594    1709.50474      -0.00145       0.24829      -0.00413 p2_bpx_cei_ip_05_07_r5_grove
226      34.87624      97.03466    1709.72301      -0.00145       0.24830      -0.00413 p2_bpx_cei_ho_05_07_r5_grove
227      46.59288     -97.65786    1758.59401      -0.00147       0.24967      -0.00413 p2_bpx_cei_ip_05_03_r5_cone
228      46.92802      96.97084    1758.80328      -0.00147       0.24968      -0.00413 p2_bpx_cei_ho_05_03_r5_cone
229     -28.22886     -97.58699    1771.53288      -0.00148       0.24995      -0.00413 p2_bpx_cei_ip_05_03_r5_grove
230     -27.89612      97.13321    1771.76485      -0.00148       0.24995      -0.00413 p2_bpx_cei_ho_05_03_r5_grove
231      -9.94591     -97.63407    1809.28730      -0.00152       0.25053      -0.00413 p2_bpx_cei_ip_05_03_r5_flat
232      -9.60257      97.05193    1809.51489      -0.00152       0.25053      -0.00413 p2_bpx_cei_ho_05_03_r5_flat
233      55.23382       0.06459    1880.15999      -0.00164       0.25075      -0.00413 p2_irl_cei_05_r2_front
234     -13.34699     -41.41835    2020.27922      -0.00208       0.24784      -0.00413 p2_gim_cei_05_surf_r1
235      -0.10667     -73.82572    2115.43548      -0.00244       0.24428      -0.00413 p2_srg_cei_05_r2_270deg
236      52.10664     -52.19680    2115.47579      -0.00244       0.24428      -0.00413 p2_srg_cei_05_r2_315deg
237     -52.28838     -52.23823    2115.52598      -0.00244       0.24428      -0.00413 p2_srg_cei_05_r2_225deg
238      55.45020      -0.00029    2115.57243      -0.00244       0.24428      -0.00413 p2_srg_cei_05_r2_front
239      52.22988      51.67260    2115.59247      -0.00244       0.24428      -0.00413 p2_srg_cei_05_r2_45deg
240     -52.19412      51.88427    2115.57436      -0.00244       0.24428      -0.00413 p2_srg_cei_05_r2_135deg
241     -55.68782      -0.01255    2115.61368      -0.00244       0.24428      -0.00413 p2_srg_cei_05_r2_rear
242       0.09888      73.34208    2115.62799      -0.00244       0.24428      -0.00413 p2_srg_cei_05_r2_90deg
243     -34.51503     -97.59289    2206.22181      -0.00269       0.24184      -0.00413 p2_bpx_cei_ip_05_07_r6_cone
244     -34.32098      97.07201    2206.42299      -0.00269       0.24184      -0.00413 p2_bpx_cei_ho_05_07_r6_cone
245      41.31878     -97.64419    2210.32196      -0.00270       0.24175      -0.00413 p2_bpx_cei_ip_05_07_r6_flat
246      41.51456      96.91231    2210.42384      -0.00270       0.24175      -0.00413 p2_bpx_cei_ho_05_07_r6_flat
247      27.56771     -97.63245    2249.96386      -0.00277       0.24102      -0.00413 p2_bpx_cei_ip_05_07_r6_grove
248      27.81668      96.99315    2250.08196      -0.00277       0.24102      -0.00413 p2_bpx_cei_ho_05_07_r6_grove
249      39.75397     -97.63484    2332.04954      -0.00286       0.24011      -0.00413 p2_bpx_cei_ip_05_03_r6_cone
250      40.10105      97.08057    2332.15018      -0.00286       0.24011      -0.00413 p2_bpx_cei_ho_05_03_r6_cone
251     -35.06904     -97.57578    2345.02122      -0.00287       0.24004      -0.00413 p2_bpx_cei_ip_05_03_r6_grove
252     -34.70739      97.29402    2345.21737      -0.00287       0.24004      -0.00413 p2_bpx_cei_ho_05_03_r6_grove
253     -16.76620     -97.58241    2382.77195      -0.00288       0.23996      -0.00413 p2_bpx_cei_ip_05_03_r6_flat
254     -16.36185      97.29169    2382.94970      -0.00288       0.23996      -0.00413 p2_bpx_cei_ho_05_03_r6_flat
255       2.67196      -0.29162     739.80000       0.00000       0.00000       0.00000 p3_cei_05_par_1
256     144.88300      -0.54442    2041.34000      26.08587       0.00000       0.00000 p3_cei_05_par_2
257      91.08294      -0.16915    2382.00000    6843.93464      -0.87876       0.00028 p3_cei_05_par_3
258      -0.08332       0.00253      -0.01044      -0.00192      -0.03925       0.01016 p3_cei_05
259     -14.98723       0.00383      66.08868      -0.00436       0.09452   -3141.58245 p3_irm_cei_05_s1_fixed
260      14.98584      -0.00188    2291.90504      -0.00127       0.08164       0.01016 p3_irm_cei_05_s2_fixed
261      15.01277       0.00352      66.09152      -0.00436       0.09452   -3141.58245 p3_irm_cei_05_l1_fixed
262     -15.01416      -0.00158    2291.90259      -0.00127       0.08164       0.01016 p3_irm_cei_05_l2_fixed
263     -15.02705       0.00213     477.99170      -0.00373       0.10024       0.01016 p3_irl_cei_05_s1
264      14.98809      -0.00130    1880.00019      -0.00161      -0.08983       0.01016 p3_irl_cei_05_s2
265      14.92420       0.00043     950.49757      -0.00218       0.08566       0.01016 p3_irl_cei_05_l1
266     -15.07119      -0.00016    1407.50059      -0.00189      -0.10955       0.01016 p3_irl_cei_05_l2
267     -15.07499       0.00076     941.19491      -0.00220       0.08796       0.01016 p3_irc_cei_05_s1
268      14.92984      -0.00048    1416.79732      -0.00188      -0.11214       0.01016 p3_irc_cei_05_s2
269      14.92780      -0.00045    1398.19729      -0.00189      -0.10683       0.01016 p3_irc_cei_05_l1
270     -15.07658       0.00072     959.79509      -0.00216       0.08325       0.01016 p3_irc_cei_05_l2
271       0.01901       0.00396      -0.01044      -0.00437       0.09441       0.01016 p3_irt_cei_05_r1
272      -0.01900       0.00229     396.99262      -0.00393       0.09843       0.01016 p3_irt_cei_05_r2
273      -0.06017       0.00096     793.99531      -0.00264       0.10840       0.01016 p3_irt_cei_05_r3
274      -0.08587       0.00010    1190.99771      -0.00192      -0.01523       0.01016 p3_irt_cei_05_r4
275      -0.04812      -0.00065    1587.99995      -0.00181      -0.13853       0.01016 p3_irt_cei_05_r5
276      -0.00478      -0.00131    1985.00211      -0.00150      -0.04344       0.01016 p3_irt_cei_05_r6
277      -0.02194      -0.00184    2382.00432      -0.00126       0.08870       0.01016 p3_irt_cei_05_r7
278     -36.89069      97.23417      14.65432      -0.00437       0.09442       0.01016 p3_bpx_cei_ho_05_07_r1_cone
279     -37.11648     -97.65182      14.82115      -0.00437       0.09442       0.01016 p3_bpx_cei_ip_05_07_r1_cone
280      39.01591      97.12629      16.77580      -0.00437       0.09442       0.01016 p3_bpx_cei_ho_05_07_r1_flat
281      38.79612     -97.71691      16.96033      -0.00437       0.09442       0.01016 p3_bpx_cei_ip_05_07_r1_flat
282      26.31354      97.04625      56.75773      -0.00436       0.09449       0.01016 p3_bpx_cei_ho_05_07_r1_grove
283      26.08604     -97.70635      56.94376      -0.00436       0.09450       0.01016 p3_bpx_cei_ip_05_07_r1_grove
284      23.87022      96.97183      88.65296      -0.00435       0.09461       0.01016 p3_bpx_cei_ho_05_03_r1_cone
285      23.63593     -97.70966      88.83279      -0.00435       0.09461       0.01016 p3_bpx_cei_ip_05_03_r1_cone
286     -50.58449      97.07743     103.57353      -0.00434       0.09469       0.01016 p3_bpx_cei_ho_05_03_r1_grove
287     -50.82379     -97.64417     103.74537      -0.00434       0.09469       0.01016 p3_bpx_cei_ip_05_03_r1_grove
288     -31.31243      96.93737     140.83374      -0.00432       0.09492       0.01016 p3_bpx_cei_ho_05_03_r1_flat
289     -31.55602     -97.65163     141.00478      -0.00432       0.09492       0.01016 p3_bpx_cei_ip_05_03_r1_flat
290      52.64114      51.16069     193.12784      -0.00427       0.09536       0.01016 p3_srg_cei_05_r1_45deg
291       0.60915      73.15752     193.16977      -0.00427       0.09536       0.01016 p3_srg_cei_05_r1_90deg
292     -51.77887      52.04605     193.21609      -0.00427       0.09537       0.01016 p3_srg_cei_05_r1_135deg
293     -55.49560       0.00369     193.24981      -0.00427       0.09537       0.01016 p3_srg_cei_05_r1_rear
294      55.45720       0.00256     193.29639      -0.00427       0.09537       0.01016 p3_srg_cei_05_r1_front
295     -52.24583     -52.28874     193.30360      -0.00427       0.09537       0.01016 p3_srg_cei_05_r1_225deg
296      52.17677     -52.22101     193.32166      -0.00427       0.09537       0.01016 p3_srg_cei_05_r1_315deg
297      -0.01125     -73.85458     193.33039      -0.00427       0.09537       0.01016 p3_srg_cei_05_r1_270deg
298      50.38776     209.68148     248.38174      -0.00420       0.09599       0.01016 p3_baz_cei_05_04_03_r1_cone
299     -25.54971     209.83065     249.08976      -0.00420       0.09600       0.01016 p3_baz_cei_05_04_03_r1_grove
300     -13.58338     209.75736     289.30219      -0.00414       0.09655       0.01016 p3_baz_cei_05_04_03_r1_flat
301     -38.43242     -97.62773     324.58887      -0.00408       0.09710       0.01016 p3_bpx_cei_ip_05_07_r2_cone
302     -38.09985      97.16426     324.72120      -0.00408       0.09710       0.01016 p3_bpx_cei_ho_05_07_r2_cone
303      37.46512     -97.74642     327.32136      -0.00407       0.09715       0.01016 p3_bpx_cei_ip_05_07_r2_flat
304      37.79638      97.07618     327.47799      -0.00407       0.09715       0.01016 p3_bpx_cei_ho_05_07_r2_flat
305      24.43943     -97.71824     367.20401      -0.00400       0.09785       0.01016 p3_bpx_cei_ip_05_07_r2_grove
306      24.75349      97.07695     367.35002      -0.00399       0.09786       0.01016 p3_bpx_cei_ho_05_07_r2_grove
307      27.95994     -97.72012     401.76113      -0.00392       0.09853       0.01016 p3_bpx_cei_ip_05_03_r2_cone
308      28.26060      97.06478     401.91433      -0.00392       0.09853       0.01016 p3_bpx_cei_ho_05_03_r2_cone
309     -46.61458     -97.61522     416.08948      -0.00389       0.09883       0.01016 p3_bpx_cei_ip_05_03_r2_grove
310     -46.31481      97.19088     416.21986      -0.00389       0.09883       0.01016 p3_bpx_cei_ho_05_03_r2_grove
311     -27.63409     -97.62885     453.49900      -0.00380       0.09966       0.01016 p3_bpx_cei_ip_05_03_r2_flat
312     -27.35233      97.14454     453.63607      -0.00380       0.09966       0.01016 p3_bpx_cei_ho_05_03_r2_flat
313      55.33240       0.01961     477.49814      -0.00374       0.10023       0.01016 p3_irl_cei_05_r1_front
314     -36.43186     210.01149     548.58851      -0.00353       0.10209       0.01016 p3_baz_cei_05_06_07_r1_cone
315      37.73907     209.80398     564.92270      -0.00348       0.10256       0.01016 p3_baz_cei_05_06_07_r1_flat
316      17.74997     209.84235     601.80890      -0.00336       0.10365       0.01016 p3_baz_cei_05_06_07_r1_grove
317      -7.74527     -36.10216     719.64400      -0.00293       0.10763       0.01016 p3_slm_cei_05_surf_r1
318     -37.62250     -97.58351     811.87933      -0.00257       0.10751       0.01016 p3_bpx_cei_ip_05_07_r3_cone
319     -37.33223      97.24449     812.02617      -0.00257       0.10750       0.01016 p3_bpx_cei_ho_05_07_r3_cone
320      38.22891     -97.67259     815.56100      -0.00256       0.10727       0.01016 p3_bpx_cei_ip_05_07_r3_flat
321      38.52757      97.08121     815.68683      -0.00256       0.10727       0.01016 p3_bpx_cei_ho_05_07_r3_flat
322      24.71142     -97.67615     855.27622      -0.00243       0.10353       0.01016 p3_bpx_cei_ip_05_07_r3_grove
323      25.01448      97.04675     855.40363      -0.00243       0.10351       0.01016 p3_bpx_cei_ho_05_07_r3_grove
324      27.46070     -97.71997     892.05860      -0.00232       0.09811       0.01016 p3_bpx_cei_ip_05_03_r3_cone
325      27.77417      96.98223     892.18788      -0.00232       0.09809       0.01016 p3_bpx_cei_ho_05_03_r3_cone
326     -47.28750     -97.63304     905.46297      -0.00229       0.09567       0.01016 p3_bpx_cei_ip_05_03_r3_grove
327     -46.96863      97.16706     905.61335      -0.00229       0.09564       0.01016 p3_bpx_cei_ho_05_03_r3_grove
328     -28.77595     -97.68131     943.09881      -0.00220       0.08750       0.01016 p3_bpx_cei_ip_05_03_r3_flat
329     -28.44979      97.06539     943.24207      -0.00220       0.08747       0.01016 p3_bpx_cei_ho_05_03_r3_flat
330      55.20501      -0.02908     950.43392      -0.00218       0.08568       0.01016 p3_irc_cei_05_r1_front
331      55.12859      -0.02414    1179.13748      -0.00192      -0.00838       0.01016 p3_mid_cei_05_front
332     -36.99392      97.02908    1241.02067      -0.00191      -0.04279       0.01016 p3_bpx_cei_ho_05_07_r4_cone
333     -37.27499     -97.51912    1241.21901      -0.00191      -0.04289       0.01016 p3_bpx_cei_ip_05_07_r4_cone
334      38.84045      96.88020    1245.01267      -0.00191      -0.04484       0.01016 p3_bpx_cei_ho_05_07_r4_flat
335      38.55549     -97.59090    1245.22030      -0.00191      -0.04495       0.01016 p3_bpx_cei_ip_05_07_r4_flat
336      25.15162      96.93647    1284.66942      -0.00191      -0.06401       0.01016 p3_bpx_cei_ho_05_07_r4_grove
337      24.86746     -97.60873    1284.87367      -0.00191      -0.06410       0.01016 p3_bpx_cei_ip_05_07_r4_grove
338      40.62178      96.94124    1319.03502      -0.00191      -0.07886       0.01016 p3_bpx_cei_ho_05_03_r4_cone
339      40.33922     -97.66885    1319.23647      -0.00191      -0.07894       0.01016 p3_bpx_cei_ip_05_03_r4_cone
340     -34.17005      97.10948    1332.12457      -0.00190      -0.08408       0.01016 p3_bpx_cei_ho_05_03_r4_grove
341     -34.46221     -97.58902    1332.32543      -0.00190      -0.08416       0.01016 p3_bpx_cei_ip_05_03_r4_grove
342     -15.80361      97.08582    1369.85986      -0.00189      -0.09781       0.01016 p3_bpx_cei_ho_05_03_r4_flat
343     -16.09417     -97.63618    1370.05332      -0.00189      -0.09788       0.01016 p3_bpx_cei_ip_05_03_r4_flat
344      55.30169       0.00763    1407.34398      -0.00189      -0.10950       0.01016 p3_irc_cei_05_r2_front
345     -28.28857     172.74027    1465.36958      -0.00187      -0.12376       0.01016 p3_baz_cei_05_06_04_r2_grove
346      42.07205     172.50560    1493.93611      -0.00186      -0.12906       0.01016 p3_baz_cei_05_06_04_r2_cone
347     -32.72184     172.64943    1507.09540      -0.00185      -0.13112       0.01016 p3_baz_cei_05_06_04_r2_flat
348     -27.51775     -97.47611    1665.74617      -0.00177      -0.13711       0.01016 p3_bpx_cei_ip_05_07_r5_cone
349     -27.20634      97.21719    1665.97487      -0.00177      -0.13709       0.01016 p3_bpx_cei_ho_05_07_r5_cone
350      48.31472     -97.54198    1669.87541      -0.00177      -0.13680       0.01016 p3_bpx_cei_ip_05_07_r5_flat
351      48.63433      97.04301    1670.08881      -0.00177      -0.13678       0.01016 p3_bpx_cei_ho_05_07_r5_flat
352      34.55417     -97.57651    1709.50545      -0.00174      -0.13262       0.01016 p3_bpx_cei_ip_05_07_r5_grove
353      34.87477      97.03578    1709.72105      -0.00174      -0.13259       0.01016 p3_bpx_cei_ho_05_07_r5_grove
354      46.59429     -97.65712    1758.59301      -0.00171      -0.12443       0.01016 p3_bpx_cei_ip_05_03_r5_cone
355      46.93089      96.97158    1758.80381      -0.00171      -0.12439       0.01016 p3_bpx_cei_ho_05_03_r5_cone
356     -28.22882     -97.59048    1771.53322      -0.00170      -0.12172       0.01016 p3_bpx_cei_ip_05_03_r5_grove
357     -27.89701      97.13451    1771.76501      -0.00170      -0.12167       0.01016 p3_bpx_cei_ho_05_03_r5_grove
358      -9.94629     -97.63493    1809.28671      -0.00167      -0.11247       0.01016 p3_bpx_cei_ip_05_03_r5_flat
359      -9.60199      97.05086    1809.51439      -0.00167      -0.11241       0.01016 p3_bpx_cei_ho_05_03_r5_flat
360      55.23391       0.06549    1880.15978      -0.00161      -0.08977       0.01016 p3_irl_cei_05_r2_front
361     -13.36760     -41.41913    2020.27897      -0.00147      -0.02442       0.01016 p3_gim_cei_05_surf_r1
362      -0.10224     -73.82220    2115.43143      -0.00137       0.02689       0.01016 p3_srg_cei_05_r2_270deg
363      52.10718     -52.19753    2115.47606      -0.00137       0.02691       0.01016 p3_srg_cei_05_r2_315deg
364     -52.28722     -52.23857    2115.52615      -0.00137       0.02693       0.01016 p3_srg_cei_05_r2_225deg
365      55.45271      -0.00206    2115.57342      -0.00137       0.02695       0.01016 p3_srg_cei_05_r2_front
366     -52.19397      51.88413    2115.57369      -0.00137       0.02695       0.01016 p3_srg_cei_05_r2_135deg
367      52.23053      51.67237    2115.59241      -0.00137       0.02696       0.01016 p3_srg_cei_05_r2_45deg
368     -55.68779      -0.01233    2115.61523      -0.00137       0.02697       0.01016 p3_srg_cei_05_r2_rear
369       0.09985      73.33370    2115.62783      -0.00137       0.02698       0.01016 p3_srg_cei_05_r2_90deg
370     -34.51552     -97.59447    2206.22297      -0.00131       0.06182       0.01016 p3_bpx_cei_ip_05_07_r6_cone
371     -34.32035      97.07343    2206.42414      -0.00131       0.06189       0.01016 p3_bpx_cei_ho_05_07_r6_cone
372      41.31953     -97.64435    2210.32143      -0.00130       0.06306       0.01016 p3_bpx_cei_ip_05_07_r6_flat
373      41.51500      96.91175    2210.42350      -0.00130       0.06309       0.01016 p3_bpx_cei_ho_05_07_r6_flat
374      27.56891     -97.63216    2249.96228      -0.00128       0.07354       0.01016 p3_bpx_cei_ip_05_07_r6_grove
375      27.81748      96.99304    2250.08135      -0.00128       0.07356       0.01016 p3_bpx_cei_ho_05_07_r6_grove
376      39.75376     -97.63608    2332.04936      -0.00126       0.08653       0.01016 p3_bpx_cei_ip_05_03_r6_cone
377      40.10073      97.08021    2332.15193      -0.00126       0.08654       0.01016 p3_bpx_cei_ho_05_03_r6_cone
378     -35.06887     -97.57424    2345.02022      -0.00126       0.08751       0.01016 p3_bpx_cei_ip_05_03_r6_grove
379     -34.70811      97.29535    2345.21820      -0.00126       0.08753       0.01016 p3_bpx_cei_ho_05_03_r6_grove
380     -16.76710     -97.58267    2382.77242      -0.00126       0.08870       0.01016 p3_bpx_cei_ip_05_03_r6_flat
381     -16.36284      97.29222    2382.94950      -0.00126       0.08870       0.01016 p3_bpx_cei_ho_05_03_r6_flat
382     -81.65021       5.37367     739.80000       0.00000       0.00000       0.00000 p4_cei_05_par_1
383     -85.29856      17.43374    2041.34000      26.08587       0.00000       0.00000 p4_cei_05_par_2
384      20.29951      -0.80856    2382.00000    3036.44554       1.60454      -0.00012 p4_cei_05_par_3
385      -0.32619       0.00812      -0.02585      -0.00680      -0.15660      -0.04536 p4_cei_05
386     -14.93160      -0.00270      66.06566       0.01763       0.56643    3141.54734 p4_irm_cei_05_s1_fixed
387      15.04280      -0.00302    2291.88196       0.00852      -0.18835      -0.04536 p4_irm_cei_05_s2_fixed
388      15.06840      -0.00134      66.08266       0.01763       0.56643    3141.54734 p4_irm_cei_05_l1_fixed
389     -14.95720      -0.00438    2291.88761       0.00852      -0.18835      -0.04536 p4_irm_cei_05_l2_fixed
390     -15.13800       0.00280     477.96913       0.00614       0.39167      -0.04536 p4_irl_cei_05_s1
391      14.95830      -0.00621    1879.97843       0.00615      -0.22508      -0.04536 p4_irl_cei_05_s2
392      14.78194       0.00038     950.47584      -0.01999      -0.05448      -0.04536 p4_irl_cei_05_l1
393     -15.14773      -0.00800    1407.48201      -0.00630      -0.20800      -0.04536 p4_irl_cei_05_l2
394     -15.21854      -0.00080     941.17733      -0.01982      -0.04769      -0.04536 p4_irc_cei_05_s1
395      14.85421      -0.00669    1416.77581      -0.00594      -0.20924      -0.04536 p4_irc_cei_05_s2
396      14.85034      -0.00658    1398.17574      -0.00666      -0.20671      -0.04536 p4_irc_cei_05_l1
397     -15.21753      -0.00117     959.77761      -0.02014      -0.06110      -0.04536 p4_irc_cei_05_l2
398       0.10599      -0.00319      -0.02592       0.01785       0.56984      -0.04536 p4_irt_cei_05_r1
399      -0.10397       0.00283     396.97479       0.00977       0.44694      -0.04536 p4_irt_cei_05_r2
400      -0.21644       0.00244     793.97603      -0.01392       0.08354      -0.04536 p4_irt_cei_05_r3
401      -0.18886      -0.00495    1190.97776      -0.01597      -0.16861      -0.04536 p4_irt_cei_05_r4
402      -0.10838      -0.00787    1587.97994      -0.00014      -0.22567      -0.04536 p4_irt_cei_05_r5
403      -0.01850      -0.00617    1984.98253       0.00731      -0.21605      -0.04536 p4_irt_cei_05_r6
404       0.05967      -0.00293    2381.98549       0.00859      -0.18678      -0.04536 p4_irt_cei_05_r7
405     -36.88601      97.22589      14.66729       0.01784       0.56967      -0.04536 p4_bpx_cei_ho_05_07_r1_cone
406     -37.10434     -97.65921      14.80135       0.01784       0.56967      -0.04536 p4_bpx_cei_ip_05_07_r1_cone
407      39.01952      97.11947      16.79114       0.01784       0.56962      -0.04536 p4_bpx_cei_ho_05_07_r1_flat
408      38.80617     -97.72613      16.94599       0.01784       0.56962      -0.04536 p4_bpx_cei_ip_05_07_r1_flat
409      26.31538      97.04271      56.77122       0.01769       0.56733      -0.04536 p4_bpx_cei_ho_05_07_r1_grove
410      26.09523     -97.71670      56.92764       0.01769       0.56731      -0.04536 p4_bpx_cei_ip_05_07_r1_grove
411      23.86984      96.96766      88.66792       0.01745       0.56371      -0.04536 p4_bpx_cei_ho_05_03_r1_cone
412      23.64219     -97.71865      88.81669       0.01745       0.56369      -0.04536 p4_bpx_cei_ip_05_03_r1_cone
413     -50.58628      97.06804     103.58300       0.01730       0.56147      -0.04536 p4_bpx_cei_ho_05_03_r1_grove
414     -50.81873     -97.65226     103.72394       0.01730       0.56144      -0.04536 p4_bpx_cei_ip_05_03_r1_grove
415     -31.31526      96.92956     140.84596       0.01684       0.55436      -0.04536 p4_bpx_cei_ho_05_03_r1_flat
416     -31.55201     -97.66095     140.98501       0.01684       0.55433      -0.04536 p4_bpx_cei_ip_05_03_r1_flat
417      52.63679      51.16062     193.14130       0.01594       0.54075      -0.04536 p4_srg_cei_05_r1_45deg
418       0.60405      73.15466     193.18282       0.01594       0.54073      -0.04536 p4_srg_cei_05_r1_90deg
419     -51.78253      52.03769     193.22523       0.01594       0.54071      -0.04536 p4_srg_cei_05_r1_135deg
420     -55.49848      -0.00238     193.23465       0.01594       0.54071      -0.04536 p4_srg_cei_05_r1_rear
421      55.45423       0.00265     193.30434       0.01594       0.54071      -0.04536 p4_srg_cei_05_r1_front
422      52.16869     -52.23000     193.30580       0.01594       0.54070      -0.04536 p4_srg_cei_05_r1_315deg
423      -0.01015     -73.86056     193.31143       0.01594       0.54069      -0.04536 p4_srg_cei_05_r1_270deg
424     -52.24643     -52.29503     193.28444       0.01594       0.54069      -0.04536 p4_srg_cei_05_r1_225deg
425      50.37212     209.67977     248.39518       0.01469       0.52173      -0.04536 p4_baz_cei_05_04_03_r1_cone
426     -25.56378     209.83144     249.10217       0.01467       0.52144      -0.04536 p4_baz_cei_05_04_03_r1_grove
427     -13.59991     209.75645     289.31536       0.01356       0.50456      -0.04536 p4_baz_cei_05_04_03_r1_flat
428     -38.43437     -97.63072     324.56932       0.01245       0.48767      -0.04536 p4_bpx_cei_ip_05_07_r2_cone
429     -38.10678      97.16340     324.73376       0.01245       0.48759      -0.04536 p4_bpx_cei_ho_05_07_r2_cone
430      37.46613     -97.74784     327.30229       0.01236       0.48630      -0.04536 p4_bpx_cei_ip_05_07_r2_flat
431      37.78940      97.07517     327.49173       0.01235       0.48620      -0.04536 p4_bpx_cei_ho_05_07_r2_flat
432      24.43945     -97.71997     367.18298       0.01094       0.46470      -0.04536 p4_bpx_cei_ip_05_07_r2_grove
433      24.74513      97.08175     367.36309       0.01093       0.46460      -0.04536 p4_bpx_cei_ho_05_07_r2_grove
434      27.95925     -97.71935     401.74030       0.00958       0.44398      -0.04536 p4_bpx_cei_ip_05_03_r2_cone
435      28.25373      97.06586     401.92886       0.00957       0.44386      -0.04536 p4_bpx_cei_ho_05_03_r2_cone
436     -46.61687     -97.61540     416.07149       0.00897       0.43482      -0.04536 p4_bpx_cei_ip_05_03_r2_grove
437     -46.32178      97.19181     416.23448       0.00897       0.43471      -0.04536 p4_bpx_cei_ho_05_03_r2_grove
438     -27.63357     -97.62904     453.47969       0.00731       0.40946      -0.04536 p4_bpx_cei_ip_05_03_r2_flat
439     -27.35687      97.14358     453.65168       0.00730       0.40934      -0.04536 p4_bpx_cei_ho_05_03_r2_flat
440      55.33339       0.03029     477.50465       0.00616       0.39204      -0.04536 p4_irl_cei_05_r1_front
441     -36.44175     210.01404     548.60584       0.00242       0.33512      -0.04536 p4_baz_cei_05_06_07_r1_cone
442      37.72972     209.81003     564.93761       0.00149       0.32096      -0.04536 p4_baz_cei_05_06_07_r1_flat
443      17.74169     209.84514     601.82317      -0.00072       0.28739      -0.04536 p4_baz_cei_05_06_07_r1_grove
444      -7.89218     -36.10256     719.63127      -0.00871       0.16598      -0.04536 p4_slm_cei_05_surf_r1
445     -37.61305     -97.58022     811.85470      -0.01496       0.06522      -0.04536 p4_bpx_cei_ip_05_07_r3_cone
446     -37.32320      97.24989     812.04194      -0.01497       0.06504      -0.04536 p4_bpx_cei_ho_05_07_r3_cone
447      38.23822     -97.66793     815.54060      -0.01516       0.06154      -0.04536 p4_bpx_cei_ip_05_07_r3_flat
448      38.53568      97.08718     815.70427      -0.01517       0.06138      -0.04536 p4_bpx_cei_ho_05_07_r3_flat
449      24.72055     -97.67409     855.25358      -0.01711       0.02351      -0.04536 p4_bpx_cei_ip_05_07_r3_grove
450      25.02291      97.05012     855.42322      -0.01712       0.02336      -0.04536 p4_bpx_cei_ho_05_07_r3_grove
451      27.46829     -97.71522     892.03546      -0.01852      -0.00883      -0.04536 p4_bpx_cei_ip_05_03_r3_cone
452      27.78396      96.98359     892.20626      -0.01853      -0.00897      -0.04536 p4_bpx_cei_ho_05_03_r3_cone
453     -47.27993     -97.63226     905.44056      -0.01894      -0.01992      -0.04536 p4_bpx_cei_ip_05_03_r3_grove
454     -46.96056      97.17425     905.63235      -0.01895      -0.02007      -0.04536 p4_bpx_cei_ho_05_03_r3_grove
455     -28.76702     -97.68125     943.07569      -0.01986      -0.04909      -0.04536 p4_bpx_cei_ip_05_03_r3_flat
456     -28.43924      97.06866     943.26094      -0.01986      -0.04922      -0.04536 p4_bpx_cei_ho_05_03_r3_flat
457      55.20764      -0.02549     950.44024      -0.01999      -0.05446      -0.04536 p4_irc_cei_05_r1_front
458      55.13117      -0.02765    1179.14853      -0.01654      -0.16578      -0.04536 p4_mid_cei_05_front
459     -36.99234      97.02464    1241.03813      -0.01351      -0.17948      -0.04536 p4_bpx_cei_ho_05_07_r4_cone
460     -37.27919     -97.51947    1241.19475      -0.01350      -0.17951      -0.04536 p4_bpx_cei_ip_05_07_r4_cone
461      38.84168      96.88193    1245.02919      -0.01332      -0.18030      -0.04536 p4_bpx_cei_ho_05_07_r4_flat
462      38.55064     -97.59529    1245.19935      -0.01331      -0.18034      -0.04536 p4_bpx_cei_ip_05_07_r4_flat
463      25.15169      96.93481    1284.68738      -0.01148      -0.18809      -0.04536 p4_bpx_cei_ho_05_07_r4_grove
464      24.86154     -97.61360    1284.85091      -0.01147      -0.18812      -0.04536 p4_bpx_cei_ip_05_07_r4_grove
465      40.62126      96.93845    1319.05215      -0.00995      -0.19431      -0.04536 p4_bpx_cei_ho_05_03_r4_cone
466      40.33052     -97.67147    1319.21608      -0.00994      -0.19434      -0.04536 p4_bpx_cei_ip_05_03_r4_cone
467     -34.17179      97.11043    1332.14088      -0.00938      -0.19654      -0.04536 p4_bpx_cei_ho_05_03_r4_grove
468     -34.47023     -97.59189    1332.30261      -0.00937      -0.19657      -0.04536 p4_bpx_cei_ip_05_03_r4_grove
469     -15.80636      97.08584    1369.87702      -0.00780      -0.20258      -0.04536 p4_bpx_cei_ho_05_03_r4_flat
470     -16.10289     -97.63528    1370.03086      -0.00779      -0.20260      -0.04536 p4_bpx_cei_ip_05_03_r4_flat
471      55.29034       0.00800    1407.35386      -0.00630      -0.20798      -0.04536 p4_irc_cei_05_r2_front
472     -28.29081     172.74190    1465.38769      -0.00414      -0.21517      -0.04536 p4_baz_cei_05_06_04_r2_grove
473      42.07000     172.50469    1493.95652      -0.00314      -0.21819      -0.04536 p4_baz_cei_05_06_04_r2_cone
474     -32.72413     172.65116    1507.11438      -0.00269      -0.21946      -0.04536 p4_baz_cei_05_06_04_r2_flat
475     -27.52837     -97.47614    1665.72609       0.00197      -0.22904      -0.04536 p4_bpx_cei_ip_05_07_r5_cone
476     -27.19984      97.22257    1665.99303       0.00198      -0.22905      -0.04536 p4_bpx_cei_ho_05_07_r5_cone
477      48.30528     -97.54510    1669.85565       0.00208      -0.22915      -0.04536 p4_bpx_cei_ip_05_07_r5_flat
478      48.63701      97.04092    1670.10307       0.00208      -0.22915      -0.04536 p4_bpx_cei_ho_05_07_r5_flat
479      34.54578     -97.57722    1709.48383       0.00303      -0.22981      -0.04536 p4_bpx_cei_ip_05_07_r5_grove
480      34.88131      97.03580    1709.73666       0.00303      -0.22981      -0.04536 p4_bpx_cei_ho_05_07_r5_grove
481      46.58916     -97.65900    1758.57278       0.00408      -0.22971      -0.04536 p4_bpx_cei_ip_05_03_r5_cone
482      46.93789      96.96902    1758.81691       0.00409      -0.22970      -0.04536 p4_bpx_cei_ho_05_03_r5_cone
483     -28.23377     -97.58854    1771.51388       0.00434      -0.22951      -0.04536 p4_bpx_cei_ip_05_03_r5_grove
484     -27.88724      97.13618    1771.78375       0.00435      -0.22951      -0.04536 p4_bpx_cei_ho_05_03_r5_grove
485      -9.94802     -97.63603    1809.26769       0.00504      -0.22853      -0.04536 p4_bpx_cei_ip_05_03_r5_flat
486      -9.59129      97.05339    1809.53292       0.00505      -0.22852      -0.04536 p4_bpx_cei_ho_05_03_r5_flat
487      55.24414       0.06482    1880.16796       0.00616      -0.22507      -0.04536 p4_irl_cei_05_r2_front
488     -13.36646     -41.42832    2020.26622       0.00757      -0.21196      -0.04536 p4_gim_cei_05_surf_r1
489      -0.11349     -73.81477    2115.43138       0.00804      -0.20055      -0.04536 p4_srg_cei_05_r2_270deg
490      52.09404     -52.21070    2115.46344       0.00804      -0.20055      -0.04536 p4_srg_cei_05_r2_315deg
491     -52.30565     -52.21714    2115.51087       0.00804      -0.20054      -0.04536 p4_srg_cei_05_r2_225deg
492     -52.23526      51.86866    2115.59292       0.00804      -0.20054      -0.04536 p4_srg_cei_05_r2_135deg
493     -55.67840      -0.00449    2115.59933       0.00804      -0.20053      -0.04536 p4_srg_cei_05_r2_rear
494      55.46520      -0.00265    2115.58354       0.00804      -0.20053      -0.04536 p4_srg_cei_05_r2_front
495      52.21766      51.66270    2115.60118       0.00804      -0.20053      -0.04536 p4_srg_cei_05_r2_45deg
496       0.04688      73.33014    2115.63867       0.00804      -0.20053      -0.04536 p4_srg_cei_05_r2_90deg
497     -34.51998     -97.58619    2206.20061       0.00835      -0.19277      -0.04536 p4_bpx_cei_ip_05_07_r6_cone
498     -34.30537      97.08082    2206.43834       0.00835      -0.19275      -0.04536 p4_bpx_cei_ho_05_07_r6_cone
499      41.31531     -97.64601    2210.30613       0.00836      -0.19249      -0.04536 p4_bpx_cei_ip_05_07_r6_flat
500      41.52851      96.91340    2210.44277       0.00836      -0.19248      -0.04536 p4_bpx_cei_ho_05_07_r6_flat
501      27.56219     -97.63161    2249.94785       0.00845      -0.19016      -0.04536 p4_bpx_cei_ip_05_07_r6_grove
502      27.82899      96.99591    2250.10096       0.00845      -0.19015      -0.04536 p4_bpx_cei_ho_05_07_r6_grove
503      39.74177     -97.63435    2332.03300       0.00857      -0.18726      -0.04536 p4_bpx_cei_ip_05_03_r6_cone
504      40.10676      97.08556    2332.17076       0.00857      -0.18726      -0.04536 p4_bpx_cei_ho_05_03_r6_cone
505     -35.08081     -97.56634    2345.00191       0.00858      -0.18704      -0.04536 p4_bpx_cei_ip_05_03_r6_grove
506     -34.70051      97.30378    2345.23526       0.00858      -0.18704      -0.04536 p4_bpx_cei_ho_05_03_r6_grove
507     -16.78116     -97.57238    2382.75168       0.00859      -0.18678      -0.04536 p4_bpx_cei_ip_05_03_r6_flat
508     -16.35696      97.30074    2382.96783       0.00859      -0.18678      -0.04536 p4_bpx_cei_ho_05_03_r6_flat
509     -15.00000       0.00000      66.10000       0.00000      -0.00000       1.59270 p1_irm_cei_05_s1
510      15.00000       0.00000      66.10000       0.00000      -0.00000       1.59270 p1_irm_cei_05_l1
511      15.00000       0.00000    2291.90000       0.00000      -0.00000   -3140.00000 p1_irm_cei_05_s2
512     -15.00000       0.00000    2291.90000       0.00000      -0.00000   -3140.00000 p1_irm_cei_05_l2
513     -15.08277       0.00061      66.13842       0.00481      -0.67550       1.58857 p2_irm_cei_05_s1
514      14.91723       0.00074      66.11815       0.00481      -0.67550       1.58857 p2_irm_cei_05_l1
515      14.95101      -0.00092    2291.94393      -0.00283       0.24045   -3140.00413 p2_irm_cei_05_s2
516     -15.04899      -0.00105    2291.93671      -0.00283       0.24045   -3140.00413 p2_irm_cei_05_l2
517     -14.98723       0.00383      66.08868      -0.00436       0.09452       1.60286 p3_irm_cei_05_s1
518      15.01277       0.00352      66.09152      -0.00436       0.09452       1.60286 p3_irm_cei_05_l1
519      14.98584      -0.00188    2291.90504      -0.00127       0.08164   -3139.98984 p3_irm_cei_05_s2
520     -15.01416      -0.00158    2291.90259      -0.00127       0.08164   -3139.98984 p3_irm_cei_05_l2
521     -14.93160      -0.00270      66.06566       0.01763       0.56643       1.54734 p4_irm_cei_05_s1
522      15.06840      -0.00134      66.08266       0.01763       0.56643       1.54734 p4_irm_cei_05_l1
523      15.04280      -0.00302    2291.88196       0.00852      -0.18835   -3140.04536 p4_irm_cei_05_s2
524     -14.95720      -0.00438    2291.88761       0.00852      -0.18835   -3140.04536 p4_irm_cei_05_l2
