   1       0.00000       0.00000     739.80000       0.00000       0.00000       0.00000 p1_aei_03_par_1
   2       0.00000       0.00000    2041.34000      26.08587       0.00000       0.00000 p1_aei_03_par_2
   3       0.00000       0.00000    2382.00000       0.00000       0.00000       0.00000 p1_aei_03_par_3
   4       0.00000       0.00000       0.00000       0.00000       0.00000       0.00000 p1_aei_03
   5     -15.00000       0.00000      66.10000       0.00000      -0.00000   -3141.59261 p1_irm_aei_03_s1_fixed
   6      15.00000       0.00000    2291.90000       0.00000      -0.00000       0.00000 p1_irm_aei_03_s2_fixed
   7      15.00000       0.00000      66.10000       0.00000      -0.00000   -3141.59261 p1_irm_aei_03_l1_fixed
   8     -15.00000       0.00000    2291.90000       0.00000      -0.00000       0.00000 p1_irm_aei_03_l2_fixed
   9     -15.00000       0.00000     478.00000       0.00000      -0.00000       0.00000 p1_irl_aei_03_s1
  10      15.00000       0.00000    1880.00000       0.00000      -0.00000       0.00000 p1_irl_aei_03_s2
  11      15.00000       0.00000     950.50000       0.00000      -0.00000       0.00000 p1_irl_aei_03_l1
  12     -15.00000       0.00000    1407.50000       0.00000      -0.00000       0.00000 p1_irl_aei_03_l2
  13     -15.00000       0.00000     941.20000       0.00000      -0.00000       0.00000 p1_irc_aei_03_s1
  14      15.00000       0.00000    1416.80000       0.00000      -0.00000       0.00000 p1_irc_aei_03_s2
  15      15.00000       0.00000    1398.20000       0.00000      -0.00000       0.00000 p1_irc_aei_03_l1
  16     -15.00000       0.00000     959.80000       0.00000      -0.00000       0.00000 p1_irc_aei_03_l2
  17       0.00000       0.00000       0.00000       0.00000      -0.00000       0.00000 p1_irt_aei_03_r1
  18       0.00000       0.00000     397.00000       0.00000      -0.00000       0.00000 p1_irt_aei_03_r2
  19       0.00000       0.00000     794.00000       0.00000      -0.00000       0.00000 p1_irt_aei_03_r3
  20       0.00000       0.00000    1191.00000       0.00000      -0.00000       0.00000 p1_irt_aei_03_r4
  21       0.00000       0.00000    1588.00000       0.00000      -0.00000       0.00000 p1_irt_aei_03_r5
  22       0.00000       0.00000    1985.00000       0.00000      -0.00000       0.00000 p1_irt_aei_03_r6
  23       0.00000       0.00000    2382.00000       0.00000      -0.00000       0.00000 p1_irt_aei_03_r7
  24     -36.93710      97.47490      14.83360       0.00000      -0.00000       0.00000 p1_bpx_aei_ip_03_05_r1_cone
  25     -36.79470     -97.26130      14.91370       0.00000      -0.00000       0.00000 p1_bpx_aei_ho_03_05_r1_cone
  26      38.98150      97.54560      17.01230       0.00000      -0.00000       0.00000 p1_bpx_aei_ip_03_05_r1_flat
  27      39.11720     -97.21550      17.08010       0.00000      -0.00000       0.00000 p1_bpx_aei_ho_03_05_r1_flat
  28      26.24500      97.55330      56.99390       0.00000      -0.00000       0.00000 p1_bpx_aei_ip_03_05_r1_grove
  29      26.39110     -97.14420      57.05640       0.00000      -0.00000       0.00000 p1_bpx_aei_ho_03_05_r1_grove
  30      23.77580      97.55450      88.88860       0.00000      -0.00000       0.00000 p1_bpx_aei_ip_03_01_r1_cone
  31      23.93050     -97.06610      88.95260       0.00000      -0.00000       0.00000 p1_bpx_aei_ho_03_01_r1_cone
  32     -50.69470      97.51690     103.75980       0.00000      -0.00000       0.00000 p1_bpx_aei_ip_03_01_r1_grove
  33     -50.52010     -97.14700     103.83720       0.00000      -0.00000       0.00000 p1_bpx_aei_ho_03_01_r1_grove
  34     -31.44760      97.53440     141.02640       0.00000      -0.00000       0.00000 p1_bpx_aei_ip_03_01_r1_flat
  35     -31.26550     -97.04040     141.09740       0.00000      -0.00000       0.00000 p1_bpx_aei_ho_03_01_r1_flat
  36     -52.21390      52.22570     193.13880       0.00000      -0.00000       0.00000 p1_srg_aei_03_r1_135deg
  37     -55.48180       0.00000     193.14070       0.00000      -0.00000       0.00000 p1_srg_aei_03_r1_rear
  38       0.02150      73.86160     193.17500       0.00000      -0.00000       0.00000 p1_srg_aei_03_r1_90deg
  39     -52.51340     -51.52760     193.17940       0.00000      -0.00000       0.00000 p1_srg_aei_03_r1_225deg
  40      51.89860     -52.01690     193.20230       0.00000      -0.00000       0.00000 p1_srg_aei_03_r1_315deg
  41      -0.38290     -73.33130     193.21750       0.00000      -0.00000       0.00000 p1_srg_aei_03_r1_270deg
  42      52.24980      52.22310     193.26430       0.00000      -0.00000       0.00000 p1_srg_aei_03_r1_45deg
  43      55.45650       0.00000     193.30000       0.00000      -0.00000       0.00000 p1_srg_aei_03_r1_front
  44      50.21550    -209.71440     248.46140       0.00000      -0.00000       0.00000 p1_baz_aei_03_02_r1_cone
  44      50.21550    -209.71440     248.46140       0.00000      -0.00000       0.00000 p1_baz_aei_03_01_r1_cone
  45     -25.71860    -209.81880     249.16290       0.00000      -0.00000       0.00000  p1_baz_aei_03_02_r1_grove
  45     -25.71860    -209.81880     249.16290       0.00000      -0.00000       0.00000  p1_baz_aei_03_01_r1_grove
  46     -13.75850    -209.77400     289.37550       0.00000      -0.00000       0.00000 p1_baz_aei_03_02_r1_flat
  46     -13.75850    -209.77400     289.37550       0.00000      -0.00000       0.00000 p1_baz_aei_03_01_r1_flat
  47     -38.08180     -97.10010     324.89990       0.00000      -0.00000       0.00000 p1_bpx_aei_ho_03_05_r2_cone
  48     -38.26440      97.56480     324.99190       0.00000      -0.00000       0.00000 p1_bpx_aei_ip_03_05_r2_cone
  49      37.81690     -96.99120     327.66490       0.00000      -0.00000       0.00000 p1_bpx_aei_ho_03_05_r2_flat
  50      37.63170      97.65550     327.76260       0.00000      -0.00000       0.00000 p1_bpx_aei_ip_03_05_r2_flat
  51      24.76810     -96.97080     367.53520       0.00000      -0.00000       0.00000 p1_bpx_aei_ho_03_05_r2_grove
  52      24.58350      97.68940     367.63000       0.00000      -0.00000       0.00000 p1_bpx_aei_ip_03_05_r2_grove
  53      28.28060     -96.94260     402.09570       0.00000      -0.00000       0.00000 p1_bpx_aei_ho_03_01_r2_cone
  54      28.08540      97.73490     402.19480       0.00000      -0.00000       0.00000 p1_bpx_aei_ip_03_01_r2_cone
  55     -46.30480     -97.02200     416.39310       0.00000      -0.00000       0.00000 p1_bpx_aei_ho_03_01_r2_grove
  56     -46.49540      97.68790     416.49290       0.00000      -0.00000       0.00000 p1_bpx_aei_ip_03_01_r2_grove
  57     -27.34100     -96.94310     453.81360       0.00000      -0.00000       0.00000 p1_bpx_aei_ho_03_01_r2_flat
  58     -27.53900      97.75140     453.90350       0.00000      -0.00000       0.00000 p1_bpx_aei_ip_03_01_r2_flat
  59      55.42800       0.05850     478.39890       0.00000      -0.00000       0.00000 p1_irl_aei_03_r1_front
  60     -36.60150    -209.77560     549.26330       0.00000      -0.00000       0.00000 p1_baz_aei_03_04_r1_cone
  60     -36.60150    -209.77560     549.26330       0.00000      -0.00000       0.00000 p1_baz_aei_03_05_r1_cone
  61      37.56810    -209.64660     565.61060       0.00000      -0.00000       0.00000 p1_baz_aei_03_04_r1_flat
  61      37.56810    -209.64660     565.61060       0.00000      -0.00000       0.00000 p1_baz_aei_03_05_r1_flat
  62      17.57260    -209.67960     602.48720       0.00000      -0.00000       0.00000  p1_baz_aei_03_04_r1_grove
  62      17.57260    -209.67960     602.48720       0.00000      -0.00000       0.00000  p1_baz_aei_03_05_r1_grove
  63      -5.90840      42.29280     720.09650       0.00000      -0.00000       0.00000 p1_slm_aei_03_surf_r1
  64     -37.52520      97.60730     812.06790       0.00000      -0.00000       0.00000 p1_bpx_aei_ip_03_05_r3_cone
  65     -37.31600     -97.07310     812.29580       0.00000      -0.00000       0.00000 p1_bpx_aei_ho_03_05_r3_cone
  66      38.32830      97.67770     815.64980       0.00000      -0.00000       0.00000 p1_bpx_aei_ip_03_05_r3_flat
  67      38.53820     -96.95900     815.91900       0.00000      -0.00000       0.00000 p1_bpx_aei_ho_03_05_r3_flat
  68      24.85780      97.71210     855.37600       0.00000      -0.00000       0.00000 p1_bpx_aei_ip_03_05_r3_grove
  69      25.04730     -96.94330     855.64060       0.00000      -0.00000       0.00000 p1_bpx_aei_ho_03_05_r3_grove
  70      27.65670      97.75810     892.15940       0.00000      -0.00000       0.00000 p1_bpx_aei_ip_03_01_r3_cone
  71      27.82680     -96.91100     892.42060       0.00000      -0.00000       0.00000 p1_bpx_aei_ho_03_01_r3_cone
  72     -47.07690      97.72770     905.65550       0.00000      -0.00000       0.00000 p1_bpx_aei_ip_03_01_r3_grove
  73     -46.90860     -96.97080     905.88230       0.00000      -0.00000       0.00000 p1_bpx_aei_ho_03_01_r3_grove
  74     -28.52170      97.78690     943.26850       0.00000      -0.00000       0.00000 p1_bpx_aei_ip_03_01_r3_flat
  75     -28.36910     -96.90110     943.50660       0.00000      -0.00000       0.00000 p1_bpx_aei_ho_03_01_r3_flat
  76      55.29640      -0.00370     950.55230       0.00000      -0.00000       0.00000 p1_irc_aei_03_r1_front
  77      55.32130       0.10320    1179.07350       0.00000      -0.00000       0.00000 p1_mid_aei_03_front
  78     -36.71300     -96.98760    1241.10690       0.00000      -0.00000       0.00000 p1_bpx_aei_ho_03_05_r4_cone
  79     -36.71660      97.71230    1241.46710       0.00000      -0.00000       0.00000 p1_bpx_aei_ip_03_05_r4_cone
  80      39.12090     -96.86130    1245.27760       0.00000      -0.00000       0.00000 p1_bpx_aei_ho_03_05_r4_flat
  81      39.10700      97.65320    1245.60410       0.00000      -0.00000       0.00000 p1_bpx_aei_ip_03_05_r4_flat
  82      25.33680     -96.86430    1284.90400       0.00000      -0.00000       0.00000 p1_bpx_aei_ho_03_05_r4_grove
  83      25.34100      97.66650    1285.23730       0.00000      -0.00000       0.00000 p1_bpx_aei_ip_03_05_r4_grove
  84      40.72840     -96.83650    1319.30730       0.00000      -0.00000       0.00000 p1_bpx_aei_ho_03_01_r4_cone
  85      40.74310      97.67930    1319.63560       0.00000      -0.00000       0.00000 p1_bpx_aei_ip_03_01_r4_cone
  86     -34.09980     -96.90720    1332.21800       0.00000      -0.00000       0.00000 p1_bpx_aei_ho_03_01_r4_grove
  87     -34.08270      97.74080    1332.57100       0.00000      -0.00000       0.00000 p1_bpx_aei_ip_03_01_r4_grove
  88     -15.82560     -96.85700    1369.99180       0.00000      -0.00000       0.00000 p1_bpx_aei_ho_03_01_r4_flat
  89     -15.79490      97.72770    1370.33740       0.00000      -0.00000       0.00000 p1_bpx_aei_ip_03_01_r4_flat
  90      55.23670       0.02500    1407.78610       0.00000      -0.00000       0.00000 p1_irc_aei_03_r2_front
  91     -28.39680    -172.40810    1465.65840       0.00000      -0.00000       0.00000  p1_baz_aei_03_04_r2_grove
  91     -28.39680    -172.40810    1465.65840       0.00000      -0.00000       0.00000  p1_baz_aei_03_02_r2_grove
  92      42.00970    -172.34780    1494.15590       0.00000      -0.00000       0.00000 p1_baz_aei_03_04_r2_cone
  92      42.00970    -172.34780    1494.15590       0.00000      -0.00000       0.00000 p1_baz_aei_03_02_r2_cone
  93     -32.77470    -172.48560    1507.38300       0.00000      -0.00000       0.00000 p1_baz_aei_03_04_r2_flat
  93     -32.77470    -172.48560    1507.38300       0.00000      -0.00000       0.00000 p1_baz_aei_03_02_r2_flat
  94     -27.10280     -97.06220    1666.12010       0.00000      -0.00000       0.00000 p1_bpx_aei_ho_03_05_r5_cone
  95     -27.25330      97.62950    1666.24210       0.00000      -0.00000       0.00000 p1_bpx_aei_ip_03_05_r5_cone
  96      48.73440     -96.89800    1670.25660       0.00000      -0.00000       0.00000 p1_bpx_aei_ho_03_05_r5_flat
  97      48.58230      97.61120    1670.33430       0.00000      -0.00000       0.00000 p1_bpx_aei_ip_03_05_r5_flat
  98      34.96660     -96.89800    1709.88640       0.00000      -0.00000       0.00000 p1_bpx_aei_ho_03_05_r5_grove
  99      34.83750      97.64970    1709.96990       0.00000      -0.00000       0.00000 p1_bpx_aei_ip_03_05_r5_grove
 100      47.00110     -96.86820    1758.97230       0.00000      -0.00000       0.00000 p1_bpx_aei_ho_03_01_r5_cone
 101      46.90440      97.69730    1759.04710       0.00000      -0.00000       0.00000 p1_bpx_aei_ip_03_01_r5_cone
 102     -27.82920     -96.96430    1771.90510       0.00000      -0.00000       0.00000 p1_bpx_aei_ho_03_01_r5_grove
 103     -27.91380      97.74690    1772.02880       0.00000      -0.00000       0.00000 p1_bpx_aei_ip_03_01_r5_grove
 104      -9.54970     -96.90970    1809.66950       0.00000      -0.00000       0.00000 p1_bpx_aei_ho_03_01_r5_flat
 105      -9.61090      97.76310    1809.77810       0.00000      -0.00000       0.00000 p1_bpx_aei_ip_03_01_r5_flat
 106      55.34230      -0.01240    1880.01440       0.00000      -0.00000       0.00000 p1_irl_aei_03_r2_front
 107     -13.36770      41.42080    2020.96060       0.00000      -0.00000       0.00000 p1_gim_aei_03_surf_r1
 108      -0.05630      73.81950    2116.05950       0.00000      -0.00000       0.00000 p1_srg_aei_03_r2_90deg
 109      52.15470      52.22030    2116.09900       0.00000      -0.00000       0.00000 p1_srg_aei_03_r2_45deg
 110     -52.25460      52.35720    2116.11100       0.00000      -0.00000       0.00000 p1_srg_aei_03_r2_135deg
 111      55.45650       0.00000    2116.14120       0.00000      -0.00000       0.00000 p1_srg_aei_03_r2_front
 112     -55.66880       0.09160    2116.23240       0.00000      -0.00000       0.00000 p1_srg_aei_03_r2_rear
 113      52.18590     -51.61240    2116.38080       0.00000      -0.00000       0.00000 p1_srg_aei_03_r2_315deg
 114      -0.02050     -73.19310    2116.38280       0.00000      -0.00000       0.00000 p1_srg_aei_03_r2_270deg
 115     -52.22850     -51.78000    2116.38460       0.00000      -0.00000       0.00000 p1_srg_aei_03_r2_225deg
 116     -34.48110      97.64190    2206.74470       0.00000      -0.00000       0.00000 p1_bpx_aei_ip_03_05_r6_cone
 117     -34.35860     -97.05240    2207.04830       0.00000      -0.00000       0.00000 p1_bpx_aei_ho_03_05_r6_cone
 118      41.35260      97.66110    2210.88740       0.00000      -0.00000       0.00000 p1_bpx_aei_ip_03_05_r6_flat
 119      41.46680     -96.92930    2211.15680       0.00000      -0.00000       0.00000 p1_bpx_aei_ho_03_05_r6_flat
 120      27.56740      97.66580    2250.52260       0.00000      -0.00000       0.00000 p1_bpx_aei_ip_03_05_r6_grove
 121      27.71160     -96.95050    2250.79150       0.00000      -0.00000       0.00000 p1_bpx_aei_ho_03_05_r6_grove
 122      39.69070      97.70180    2332.61070       0.00000      -0.00000       0.00000 p1_bpx_aei_ip_03_01_r6_cone
 123      39.88160     -96.98330    2332.87330       0.00000      -0.00000       0.00000 p1_bpx_aei_ho_03_01_r6_cone
 124     -35.13880      97.66280    2345.53450       0.00000      -0.00000       0.00000 p1_bpx_aei_ip_03_01_r6_grove
 125     -34.94460     -97.06990    2345.83590       0.00000      -0.00000       0.00000 p1_bpx_aei_ho_03_01_r6_grove
 126     -16.86890      97.68010    2383.28890       0.00000      -0.00000       0.00000 p1_bpx_aei_ip_03_01_r6_flat
 127     -16.65770     -97.05640    2383.58770       0.00000      -0.00000       0.00000 p1_bpx_aei_ho_03_01_r6_flat
 128      98.07360      -0.57600     739.80000       0.00000       0.00000       0.00000 p2_aei_03_par_1
 129     127.61829      -4.58107    2041.34000      26.08587       0.00000       0.00000 p2_aei_03_par_2
 130      -8.73702      -2.64087    2382.00000     215.38219      -0.07313       0.00032 p2_aei_03_par_3
 131       0.37076       0.00007       0.03423      -0.00175       0.17403      -0.02649 p2_aei_03
 132     -15.08291      -0.00051      66.14418      -0.00272      -0.66570    3141.56621 p2_irm_aei_03_s1_fixed
 133      14.95668      -0.00271    2291.93886       0.00266       0.23108      -0.02649 p2_irm_aei_03_s2_fixed
 134      14.91709       0.00029      66.12421      -0.00272      -0.66570    3141.56621 p2_irm_aei_03_l1_fixed
 135     -15.04331      -0.00350    2291.93193       0.00266       0.23108      -0.02649 p2_irm_aei_03_l2_fixed
 136     -14.84103      -0.00144     478.04124      -0.00149      -0.45578      -0.02649 p2_irl_aei_03_s1
 137      15.05478      -0.00289    1880.03849      -0.00235       0.24583      -0.02649 p2_irl_aei_03_s2
 138      15.24857      -0.00067     950.53558       0.00085       0.07488      -0.02649 p2_irl_aei_03_l1
 139     -14.83209      -0.00198    1407.53117      -0.00347       0.22320      -0.02649 p2_irl_aei_03_l2
 140     -14.75077      -0.00147     941.23345       0.00087       0.06716      -0.02649 p2_irc_aei_03_s1
 141      15.16583      -0.00122    1416.83788      -0.00353       0.22421      -0.02649 p2_irc_aei_03_s2
 142      15.16998      -0.00116    1398.23785      -0.00341       0.22217      -0.02649 p2_irc_aei_03_l1
 143     -14.75216      -0.00145     959.83322       0.00082       0.08235      -0.02649 p2_irc_aei_03_l2
 144      -0.12709       0.00007       0.03414      -0.00274      -0.66979      -0.02649 p2_irt_aei_03_r1
 145       0.11928      -0.00090     397.03438      -0.00188      -0.52217      -0.02649 p2_irt_aei_03_r2
 146       0.24856      -0.00120     794.03445       0.00062      -0.08602      -0.02649 p2_irt_aei_03_r3
 147       0.21320      -0.00105    1191.03447      -0.00120       0.19319      -0.02649 p2_irt_aei_03_r4
 148       0.12608      -0.00228    1588.03459      -0.00402       0.23879      -0.02649 p2_irt_aei_03_r5
 149       0.02910      -0.00347    1985.03491      -0.00097       0.24287      -0.02649 p2_irt_aei_03_r6
 150      -0.06409      -0.00285    2382.03559       0.00286       0.23040      -0.02649 p2_irt_aei_03_r7
 151     -36.93548      97.48026      14.83437      -0.00274      -0.66959      -0.02649 p2_bpx_aei_ip_03_05_r1_cone
 152     -36.79637     -97.26094      14.91665      -0.00274      -0.66958      -0.02649 p2_bpx_aei_ho_03_05_r1_cone
 153      38.97832      97.54706      17.01075      -0.00274      -0.66952      -0.02649 p2_bpx_aei_ip_03_05_r1_flat
 154      39.11632     -97.21354      17.07892      -0.00274      -0.66952      -0.02649 p2_bpx_aei_ho_03_05_r1_flat
 155      26.23643      97.54621      56.99290      -0.00273      -0.66675      -0.02649 p2_bpx_aei_ip_03_05_r1_grove
 156      26.39193     -97.14558      57.05607      -0.00273      -0.66674      -0.02649 p2_bpx_aei_ho_03_05_r1_grove
 157      23.77373      97.55536      88.88818      -0.00270      -0.66239      -0.02649 p2_bpx_aei_ip_03_01_r1_cone
 158      23.93793     -97.07623      88.95075      -0.00270      -0.66238      -0.02649 p2_bpx_aei_ho_03_01_r1_cone
 159     -50.69538      97.52755     103.76029      -0.00269      -0.65972      -0.02649 p2_bpx_aei_ip_03_01_r1_grove
 160     -50.52117     -97.14785     103.83825      -0.00269      -0.65970      -0.02649 p2_bpx_aei_ho_03_01_r1_grove
 161     -31.44773      97.53796     141.02686      -0.00264      -0.65118      -0.02649 p2_bpx_aei_ip_03_01_r1_flat
 162     -31.26393     -97.04074     141.09933      -0.00264      -0.65116      -0.02649 p2_bpx_aei_ho_03_01_r1_flat
 163     -52.21341      52.22457     193.13936      -0.00254      -0.63487      -0.02649 p2_srg_aei_03_r1_135deg
 164     -55.47993      -0.00191     193.14141      -0.00254      -0.63487      -0.02649 p2_srg_aei_03_r1_rear
 165     -52.51164     -51.52874     193.17979      -0.00254      -0.63486      -0.02649 p2_srg_aei_03_r1_225deg
 166       0.02127      73.86116     193.17416      -0.00254      -0.63485      -0.02649 p2_srg_aei_03_r1_90deg
 167      -0.38151     -73.33296     193.21574      -0.00254      -0.63484      -0.02649 p2_srg_aei_03_r1_270deg
 168      51.89925     -52.01737     193.20200      -0.00254      -0.63483      -0.02649 p2_srg_aei_03_r1_315deg
 169      52.24982      52.22244     193.26205      -0.00254      -0.63481      -0.02649 p2_srg_aei_03_r1_45deg
 170      55.45663       0.00102     193.29908      -0.00254      -0.63479      -0.02649 p2_srg_aei_03_r1_front
 171      50.21710    -209.71765     248.46060      -0.00241      -0.61197      -0.02649 p2_baz_aei_03_02_r1_cone
 171      50.21710    -209.71765     248.46060      -0.00241      -0.61197      -0.02649 p2_baz_aei_03_01_r1_cone
 172     -25.71701    -209.81667     249.16406      -0.00240      -0.61166      -0.02649  p2_baz_aei_03_02_r1_grove
 172     -25.71701    -209.81667     249.16406      -0.00240      -0.61166      -0.02649  p2_baz_aei_03_01_r1_grove
 173     -13.75741    -209.77544     289.37593      -0.00229      -0.59138      -0.02649 p2_baz_aei_03_02_r1_flat
 173     -13.75741    -209.77544     289.37593      -0.00229      -0.59138      -0.02649 p2_baz_aei_03_01_r1_flat
 174     -38.08075     -97.09987     324.90293      -0.00217      -0.57095      -0.02649 p2_bpx_aei_ho_03_05_r2_cone
 175     -38.26445      97.56353     324.99445      -0.00217      -0.57090      -0.02649 p2_bpx_aei_ip_03_05_r2_cone
 176      37.81866     -96.98926     327.66346      -0.00216      -0.56924      -0.02649 p2_bpx_aei_ho_03_05_r2_flat
 177      37.63186      97.65423     327.76019      -0.00216      -0.56918      -0.02649 p2_bpx_aei_ip_03_05_r2_flat
 178      24.76814     -96.97239     367.53557      -0.00201      -0.54328      -0.02649 p2_bpx_aei_ho_03_05_r2_grove
 179      24.58503      97.68740     367.62986      -0.00200      -0.54322      -0.02649 p2_bpx_aei_ip_03_05_r2_grove
 180      28.28279     -96.94117     402.09800      -0.00186      -0.51837      -0.02649 p2_bpx_aei_ho_03_01_r2_cone
 181      28.08779      97.73843     402.19537      -0.00186      -0.51829      -0.02649 p2_bpx_aei_ip_03_01_r2_cone
 182     -46.30220     -97.02107     416.39347      -0.00180      -0.50744      -0.02649 p2_bpx_aei_ho_03_01_r2_grove
 183     -46.49441      97.68803     416.49292      -0.00180      -0.50736      -0.02649 p2_bpx_aei_ip_03_01_r2_grove
 184     -27.34057     -96.94333     453.81205      -0.00162      -0.47693      -0.02649 p2_bpx_aei_ho_03_01_r2_flat
 185     -27.53798      97.75026     453.90196      -0.00162      -0.47686      -0.02649 p2_bpx_aei_ip_03_01_r2_flat
 186      55.42885       0.05862     478.40003      -0.00149      -0.45543      -0.02649 p2_irl_aei_03_r1_front
 187     -36.60210    -209.77641     549.26344      -0.00109      -0.38727      -0.02649 p2_baz_aei_03_04_r1_cone
 187     -36.60210    -209.77641     549.26344      -0.00109      -0.38727      -0.02649 p2_baz_aei_03_05_r1_cone
 188      37.56920    -209.64626     565.61018      -0.00099      -0.37017      -0.02649 p2_baz_aei_03_04_r1_flat
 188      37.56920    -209.64626     565.61018      -0.00099      -0.37017      -0.02649 p2_baz_aei_03_05_r1_flat
 189      17.57382    -209.67972     602.48734      -0.00076      -0.32983      -0.02649  p2_baz_aei_03_04_r1_grove
 189      17.57382    -209.67972     602.48734      -0.00076      -0.32983      -0.02649  p2_baz_aei_03_05_r1_grove
 190      -5.67138      42.29162     720.09743       0.00009      -0.18416      -0.02649 p2_slm_aei_03_surf_r1
 191     -37.52897      97.60682     812.06861       0.00071      -0.06411      -0.02649 p2_bpx_aei_ip_03_05_r3_cone
 192     -37.31800     -97.07428     812.29672       0.00071      -0.06384      -0.02649 p2_bpx_aei_ho_03_05_r3_cone
 193      38.32555      97.67763     815.64730       0.00072      -0.05986      -0.02649 p2_bpx_aei_ip_03_05_r3_flat
 194      38.53692     -96.95457     815.91604       0.00072      -0.05954      -0.02649 p2_bpx_aei_ho_03_05_r3_flat
 195      24.85712      97.71140     855.37550       0.00085      -0.01507      -0.02649 p2_bpx_aei_ip_03_05_r3_grove
 196      25.04598     -96.94379     855.64087       0.00085      -0.01479      -0.02649 p2_bpx_aei_ho_03_05_r3_grove
 197      27.65617      97.75721     892.16129       0.00090       0.02260      -0.02649 p2_bpx_aei_ip_03_01_r3_cone
 198      27.82612     -96.91139     892.42197       0.00091       0.02285      -0.02649 p2_bpx_aei_ho_03_01_r3_cone
 199     -47.07752      97.72924     905.65479       0.00091       0.03550      -0.02649 p2_bpx_aei_ip_03_01_r3_grove
 200     -46.91217     -96.97625     905.88086       0.00091       0.03571      -0.02649 p2_bpx_aei_ho_03_01_r3_grove
 201     -28.52480      97.78687     943.26659       0.00086       0.06887      -0.02649 p2_bpx_aei_ip_03_01_r3_flat
 202     -28.37316     -96.90213     943.50427       0.00086       0.06907      -0.02649 p2_bpx_aei_ho_03_01_r3_flat
 203      55.29387      -0.00451     950.55328       0.00085       0.07489      -0.02649 p2_irc_aei_03_r1_front
 204      55.32090       0.10212    1179.07180      -0.00103       0.19099      -0.02649 p2_mid_aei_03_front
 205     -36.71160     -96.98430    1241.10877      -0.00188       0.20123      -0.02649 p2_bpx_aei_ho_03_05_r4_cone
 206     -36.71463      97.71290    1241.46673      -0.00188       0.20128      -0.02649 p2_bpx_aei_ip_03_05_r4_cone
 207      39.12055     -96.86530    1245.27835      -0.00193       0.20187      -0.02649 p2_bpx_aei_ho_03_05_r4_flat
 208      39.10834      97.65170    1245.60403      -0.00193       0.20192      -0.02649 p2_bpx_aei_ip_03_05_r4_flat
 209      25.33844     -96.86305    1284.90408      -0.00240       0.20772      -0.02649 p2_bpx_aei_ho_03_05_r4_grove
 210      25.34161      97.66785    1285.23715      -0.00240       0.20776      -0.02649 p2_bpx_aei_ip_03_05_r4_grove
 211      40.72921     -96.83913    1319.31014      -0.00275       0.21246      -0.02649 p2_bpx_aei_ho_03_01_r4_cone
 212      40.74559      97.67927    1319.63468      -0.00276       0.21250      -0.02649 p2_bpx_aei_ip_03_01_r4_cone
 213     -34.10165     -96.90885    1332.21878      -0.00288       0.21416      -0.02649 p2_bpx_aei_ho_03_01_r4_grove
 214     -34.08198      97.74135    1332.57084      -0.00288       0.21421      -0.02649 p2_bpx_aei_ip_03_01_r4_grove
 215     -15.82583     -96.85478    1369.99149      -0.00320       0.21888      -0.02649 p2_bpx_aei_ho_03_01_r4_flat
 216     -15.79196      97.72852    1370.33692      -0.00320       0.21892      -0.02649 p2_bpx_aei_ip_03_01_r4_flat
 217      55.23905       0.02317    1407.78491      -0.00347       0.22323      -0.02649 p2_irc_aei_03_r2_front
 218     -28.39468    -172.40845    1465.65664      -0.00378       0.22916      -0.02649  p2_baz_aei_03_04_r2_grove
 218     -28.39468    -172.40845    1465.65664      -0.00378       0.22916      -0.02649  p2_baz_aei_03_02_r2_grove
 219      42.01056    -172.34780    1494.15567      -0.00389       0.23175      -0.02649 p2_baz_aei_03_04_r2_cone
 219      42.01056    -172.34780    1494.15567      -0.00389       0.23175      -0.02649 p2_baz_aei_03_02_r2_cone
 220     -32.77532    -172.48523    1507.38321      -0.00392       0.23288      -0.02649 p2_baz_aei_03_04_r2_flat
 220     -32.77532    -172.48523    1507.38321      -0.00392       0.23288      -0.02649 p2_baz_aei_03_02_r2_flat
 221     -27.10196     -97.06521    1666.11994      -0.00389       0.24287      -0.02649 p2_bpx_aei_ho_03_05_r5_cone
 222     -27.25235      97.62979    1666.24156      -0.00389       0.24287      -0.02649 p2_bpx_aei_ip_03_05_r5_cone
 223      48.73453     -96.89492    1670.25817      -0.00387       0.24304      -0.02649 p2_bpx_aei_ho_03_05_r5_flat
 224      48.58266      97.61108    1670.33569      -0.00387       0.24304      -0.02649 p2_bpx_aei_ip_03_05_r5_flat
 225      34.96647     -96.89803    1709.88672      -0.00371       0.24446      -0.02649 p2_bpx_aei_ho_03_05_r5_grove
 226      34.83820      97.65156    1709.97021      -0.00371       0.24446      -0.02649 p2_bpx_aei_ip_03_05_r5_grove
 227      46.99964     -96.86729    1758.97198      -0.00343       0.24563      -0.02649 p2_bpx_aei_ho_03_01_r5_cone
 228      46.90477      97.69541    1759.04683      -0.00343       0.24563      -0.02649 p2_bpx_aei_ip_03_01_r5_cone
 229     -27.82984     -96.96081    1771.90562      -0.00334       0.24584      -0.02649 p2_bpx_aei_ho_03_01_r5_grove
 230     -27.91383      97.74858    1772.02915      -0.00334       0.24584      -0.02649 p2_bpx_aei_ip_03_01_r5_grove
 231      -9.55243     -96.90825    1809.66797      -0.00305       0.24618      -0.02649 p2_bpx_aei_ho_03_01_r5_flat
 232      -9.61161      97.76415    1809.77735      -0.00304       0.24618      -0.02649 p2_bpx_aei_ip_03_01_r5_flat
 233      55.34229      -0.01232    1880.01409      -0.00235       0.24583      -0.02649 p2_irl_aei_03_r2_front
 234     -13.34779      41.41706    2020.96005      -0.00041       0.24119      -0.02649 p2_gim_aei_03_surf_r1
 235      -0.05705      73.81904    2116.05950       0.00108       0.23630      -0.02649 p2_srg_aei_03_r2_90deg
 236      52.15432      52.21993    2116.09846       0.00108       0.23630      -0.02649 p2_srg_aei_03_r2_45deg
 237     -52.25529      52.35586    2116.11159       0.00108       0.23630      -0.02649 p2_srg_aei_03_r2_135deg
 238      55.45419      -0.00199    2116.14000       0.00108       0.23630      -0.02649 p2_srg_aei_03_r2_front
 239     -55.67143       0.09147    2116.22994       0.00108       0.23629      -0.02649 p2_srg_aei_03_r2_rear
 240      52.18300     -51.61197    2116.37818       0.00108       0.23629      -0.02649 p2_srg_aei_03_r2_315deg
 241      -0.02203     -73.19286    2116.38327       0.00108       0.23629      -0.02649 p2_srg_aei_03_r2_270deg
 242     -52.23030     -51.78054    2116.38451       0.00108       0.23629      -0.02649 p2_srg_aei_03_r2_225deg
 243     -34.48104      97.64198    2206.74401       0.00209       0.23296      -0.02649 p2_bpx_aei_ip_03_05_r6_cone
 244     -34.36046     -97.05052    2207.04904       0.00209       0.23295      -0.02649 p2_bpx_aei_ho_03_05_r6_cone
 245      41.35319      97.66060    2210.88557       0.00212       0.23284      -0.02649 p2_bpx_aei_ip_03_05_r6_flat
 246      41.46438     -96.93110    2211.15831       0.00213       0.23284      -0.02649 p2_bpx_aei_ho_03_05_r6_flat
 247      27.56818      97.66392    2250.52188       0.00243       0.23184      -0.02649 p2_bpx_aei_ip_03_05_r6_grove
 248      27.71168     -96.95787    2250.79269       0.00243       0.23184      -0.02649 p2_bpx_aei_ho_03_05_r6_grove
 249      39.69201      97.70266    2332.60957       0.00280       0.23060      -0.02649 p2_bpx_aei_ip_03_01_r6_cone
 250      39.88111     -96.98223    2332.87396       0.00280       0.23060      -0.02649 p2_bpx_aei_ho_03_01_r6_cone
 251     -35.13837      97.66301    2345.53334       0.00283       0.23051      -0.02649 p2_bpx_aei_ip_03_01_r6_grove
 252     -34.94458     -97.06938    2345.83624       0.00283       0.23051      -0.02649 p2_bpx_aei_ho_03_01_r6_grove
 253     -16.86877      97.68011    2383.28814       0.00286       0.23040      -0.02649 p2_bpx_aei_ip_03_01_r6_flat
 254     -16.65678     -97.05569    2383.58965       0.00286       0.23040      -0.02649 p2_bpx_aei_ho_03_01_r6_flat
 255       2.29245       0.50645     739.80000       0.00000       0.00000       0.00000 p3_aei_03_par_1
 256     140.66447       1.11039    2041.34000      26.08587       0.00000       0.00000 p3_aei_03_par_2
 257      88.98269       0.09311    2382.00000    -113.09985      -0.16999       0.00026 p3_aei_03_par_3
 258      -0.08543      -0.00115      -0.00349      -0.00063      -0.04192      -0.02107 p3_aei_03
 259     -14.99049      -0.00331      66.09517       0.00299       0.09060    3141.57163 p3_irm_aei_03_s1_fixed
 260      14.99020      -0.00229    2291.89770      -0.00072       0.07666      -0.02107 p3_irm_aei_03_s2_fixed
 261      15.00951      -0.00267      66.09789       0.00299       0.09060    3141.57163 p3_irm_aei_03_l1_fixed
 262     -15.00980      -0.00292    2291.89540      -0.00072       0.07666      -0.02107 p3_irm_aei_03_l2_fixed
 263     -15.02856      -0.00224     477.99514       0.00190       0.09551      -0.02107 p3_irl_aei_03_s1
 264      14.99112      -0.00203    1879.99494      -0.00055      -0.09089      -0.02107 p3_irl_aei_03_s2
 265      14.92535      -0.00135     950.49765      -0.00073       0.07967      -0.02107 p3_irl_aei_03_l1
 266     -15.06836      -0.00238    1407.49797      -0.00070      -0.11059      -0.02107 p3_irl_aei_03_l2
 267     -15.07390      -0.00198     941.19523      -0.00070       0.08193      -0.02107 p3_irc_aei_03_s1
 268      14.93268      -0.00176    1416.79462      -0.00069      -0.11312      -0.02107 p3_irc_aei_03_s2
 269      14.93063      -0.00174    1398.19470      -0.00071      -0.10795      -0.02107 p3_irc_aei_03_l1
 270     -15.07538      -0.00199     959.79529      -0.00076       0.07730      -0.02107 p3_irc_aei_03_l2
 271       0.01549      -0.00319      -0.00350       0.00301       0.09050      -0.02107 p3_irt_aei_03_r1
 272      -0.02089      -0.00210     396.99658       0.00225       0.09395      -0.02107 p3_irt_aei_03_r2
 273      -0.05998      -0.00161     793.99650       0.00000       0.10228      -0.02107 p3_irt_aei_03_r3
 274      -0.08351      -0.00189    1190.99637      -0.00094      -0.01883      -0.02107 p3_irt_aei_03_r4
 275      -0.04520      -0.00218    1587.99629      -0.00058      -0.13868      -0.02107 p3_irt_aei_03_r5
 276      -0.00158      -0.00240    1984.99634      -0.00059      -0.04554      -0.02107 p3_irt_aei_03_r6
 277      -0.01712      -0.00267    2381.99665      -0.00072       0.08355      -0.02107 p3_irt_aei_03_r7
 278     -36.93460      97.47678      14.83447       0.00301       0.09051      -0.02107 p3_bpx_aei_ip_03_05_r1_cone
 279     -36.79481     -97.26082      14.91287       0.00301       0.09051      -0.02107 p3_bpx_aei_ho_03_05_r1_cone
 280      38.97900      97.54318      17.01254       0.00301       0.09051      -0.02107 p3_bpx_aei_ip_03_05_r1_flat
 281      39.11660     -97.21701      17.07904       0.00301       0.09051      -0.02107 p3_bpx_aei_ho_03_05_r1_flat
 282      26.24108      97.54893      56.99461       0.00299       0.09057      -0.02107 p3_bpx_aei_ip_03_05_r1_grove
 283      26.39047     -97.14626      57.05721       0.00299       0.09057      -0.02107 p3_bpx_aei_ho_03_05_r1_grove
 284      23.77319      97.55738      88.88780       0.00297       0.09068      -0.02107 p3_bpx_aei_ip_03_01_r1_cone
 285      23.93808     -97.06912      88.95180       0.00297       0.09068      -0.02107 p3_bpx_aei_ho_03_01_r1_cone
 286     -50.69656      97.52545     103.75875       0.00296       0.09074      -0.02107 p3_bpx_aei_ip_03_01_r1_grove
 287     -50.52167     -97.14774     103.83715       0.00296       0.09074      -0.02107 p3_bpx_aei_ho_03_01_r1_grove
 288     -31.44715      97.53727     141.02671       0.00291       0.09094      -0.02107 p3_bpx_aei_ip_03_01_r1_flat
 289     -31.26515     -97.03843     141.09869       0.00291       0.09094      -0.02107 p3_bpx_aei_ho_03_01_r1_flat
 290     -52.21274      52.22278     193.13985       0.00283       0.09132      -0.02107 p3_srg_aei_03_r1_135deg
 291     -55.48204      -0.00379     193.14210       0.00283       0.09132      -0.02107 p3_srg_aei_03_r1_rear
 292       0.02020      73.85808     193.17396       0.00283       0.09132      -0.02107 p3_srg_aei_03_r1_90deg
 293     -52.51256     -51.53123     193.18232       0.00283       0.09132      -0.02107 p3_srg_aei_03_r1_225deg
 294      51.89875     -52.01763     193.20485       0.00283       0.09132      -0.02107 p3_srg_aei_03_r1_315deg
 295      -0.38370     -73.33463     193.21854       0.00283       0.09132      -0.02107 p3_srg_aei_03_r1_270deg
 296      52.24955      52.22318     193.26389       0.00283       0.09132      -0.02107 p3_srg_aei_03_r1_45deg
 297      55.45445      -0.00145     193.30163       0.00283       0.09132      -0.02107 p3_srg_aei_03_r1_front
 298      50.21671    -209.71101     248.46246       0.00271       0.09185      -0.02107 p3_baz_aei_03_02_r1_cone
 298      50.21671    -209.71101     248.46246       0.00271       0.09185      -0.02107 p3_baz_aei_03_01_r1_cone
 299     -25.71845    -209.81601     249.16488       0.00271       0.09186      -0.02107  p3_baz_aei_03_02_r1_grove
 299     -25.71845    -209.81601     249.16488       0.00271       0.09186      -0.02107  p3_baz_aei_03_01_r1_grove
 300     -13.75805    -209.77525     289.37725       0.00260       0.09234      -0.02107 p3_baz_aei_03_02_r1_flat
 300     -13.75805    -209.77525     289.37725       0.00260       0.09234      -0.02107 p3_baz_aei_03_01_r1_flat
 301     -38.08152     -97.10007     324.90009       0.00250       0.09281      -0.02107 p3_bpx_aei_ho_03_05_r2_cone
 302     -38.26403      97.56423     324.99099       0.00250       0.09282      -0.02107 p3_bpx_aei_ip_03_05_r2_cone
 303      37.81763     -96.98926     327.66573       0.00249       0.09285      -0.02107 p3_bpx_aei_ho_03_05_r2_flat
 304      37.63191      97.65303     327.76193       0.00249       0.09285      -0.02107 p3_bpx_aei_ip_03_05_r2_flat
 305      24.76771     -96.97244     367.53362       0.00236       0.09346      -0.02107 p3_bpx_aei_ho_03_05_r2_grove
 306      24.58270      97.68896     367.62995       0.00236       0.09346      -0.02107 p3_bpx_aei_ip_03_05_r2_grove
 307      28.28237     -96.94159     402.09626       0.00223       0.09404      -0.02107 p3_bpx_aei_ho_03_01_r2_cone
 308      28.08636      97.73501     402.19390       0.00223       0.09404      -0.02107 p3_bpx_aei_ip_03_01_r2_cone
 309     -46.30458     -97.01933     416.39522       0.00217       0.09430      -0.02107 p3_bpx_aei_ho_03_01_r2_grove
 310     -46.49519      97.68737     416.49308       0.00217       0.09430      -0.02107 p3_bpx_aei_ip_03_01_r2_grove
 311     -27.34192     -96.94615     453.81328       0.00201       0.09501      -0.02107 p3_bpx_aei_ho_03_01_r2_flat
 312     -27.53773      97.75065     453.90266       0.00201       0.09501      -0.02107 p3_bpx_aei_ip_03_01_r2_flat
 313      55.42910       0.06044     478.39937       0.00190       0.09551      -0.02107 p3_irl_aei_03_r1_front
 314     -36.60131    -209.77767     549.26394       0.00155       0.09711      -0.02107 p3_baz_aei_03_04_r1_cone
 314     -36.60131    -209.77767     549.26394       0.00155       0.09711      -0.02107 p3_baz_aei_03_05_r1_cone
 315      37.56890    -209.64619     565.61143       0.00146       0.09751      -0.02107 p3_baz_aei_03_04_r1_flat
 315      37.56890    -209.64619     565.61143       0.00146       0.09751      -0.02107 p3_baz_aei_03_05_r1_flat
 316      17.57409    -209.68196     602.48705       0.00125       0.09845      -0.02107  p3_baz_aei_03_04_r1_grove
 316      17.57409    -209.68196     602.48705       0.00125       0.09845      -0.02107  p3_baz_aei_03_05_r1_grove
 317      -5.96089      42.29155     720.09590       0.00050       0.10186      -0.02107 p3_slm_aei_03_surf_r1
 318     -37.52428      97.60860     812.06441      -0.00011       0.10134      -0.02107 p3_bpx_aei_ip_03_05_r3_cone
 319     -37.31680     -97.07379     812.29531      -0.00011       0.10132      -0.02107 p3_bpx_aei_ho_03_05_r3_cone
 320      38.32766      97.67690     815.65009      -0.00013       0.10110      -0.02107 p3_bpx_aei_ip_03_05_r3_flat
 321      38.53753     -96.95569     815.92079      -0.00013       0.10108      -0.02107 p3_bpx_aei_ho_03_05_r3_flat
 322      24.85731      97.71281     855.37624      -0.00034       0.09731      -0.02107 p3_bpx_aei_ip_03_05_r3_grove
 323      25.04488     -96.94559     855.64049      -0.00034       0.09728      -0.02107 p3_bpx_aei_ho_03_05_r3_grove
 324      27.65652      97.75815     892.15807      -0.00051       0.09192      -0.02107 p3_bpx_aei_ip_03_01_r3_cone
 325      27.82520     -96.91195     892.42139      -0.00051       0.09188      -0.02107 p3_bpx_aei_ho_03_01_r3_cone
 326     -47.07850      97.72817     905.65412      -0.00057       0.08949      -0.02107 p3_bpx_aei_ip_03_01_r3_grove
 327     -46.90962     -96.97193     905.88332      -0.00057       0.08945      -0.02107 p3_bpx_aei_ho_03_01_r3_grove
 328     -28.52273      97.78814     943.26651      -0.00070       0.08143      -0.02107 p3_bpx_aei_ip_03_01_r3_flat
 329     -28.37044     -96.90276     943.50808      -0.00070       0.08138      -0.02107 p3_bpx_aei_ho_03_01_r3_flat
 330      55.29505      -0.00360     950.55306      -0.00073       0.07966      -0.02107 p3_irc_aei_03_r1_front
 331      55.32300       0.10569    1179.07310      -0.00096      -0.01213      -0.02107 p3_mid_aei_03_front
 332     -36.71264     -96.98611    1241.10785      -0.00088      -0.04570      -0.02107 p3_bpx_aei_ho_03_05_r4_cone
 333     -36.71482      97.71299    1241.46512      -0.00088      -0.04588      -0.02107 p3_bpx_aei_ip_03_05_r4_cone
 334      39.12096     -96.86541    1245.27970      -0.00087      -0.04779      -0.02107 p3_bpx_aei_ho_03_05_r4_flat
 335      39.10767      97.65408    1245.60186      -0.00087      -0.04795      -0.02107 p3_bpx_aei_ip_03_05_r4_flat
 336      25.33613     -96.86524    1284.90568      -0.00082      -0.06641      -0.02107 p3_bpx_aei_ho_03_05_r4_grove
 337      25.34115      97.66786    1285.23613      -0.00082      -0.06656      -0.02107 p3_bpx_aei_ip_03_05_r4_grove
 338      40.72856     -96.83424    1319.30826      -0.00078      -0.08086      -0.02107 p3_bpx_aei_ho_03_01_r4_cone
 339      40.74339      97.67896    1319.63411      -0.00078      -0.08099      -0.02107 p3_bpx_aei_ip_03_01_r4_cone
 340     -34.10076     -96.91093    1332.21918      -0.00077      -0.08587      -0.02107 p3_bpx_aei_ho_03_01_r4_grove
 341     -34.08273      97.74027    1332.56933      -0.00077      -0.08600      -0.02107 p3_bpx_aei_ip_03_01_r4_grove
 342     -15.82346     -96.85467    1369.99201      -0.00073      -0.09923      -0.02107 p3_bpx_aei_ho_03_01_r4_flat
 343     -15.79282      97.72693    1370.33526      -0.00073      -0.09935      -0.02107 p3_bpx_aei_ip_03_01_r4_flat
 344      55.23877       0.02350    1407.78299      -0.00070      -0.11067      -0.02107 p3_irc_aei_03_r2_front
 345     -28.39547    -172.40700    1465.65762      -0.00065      -0.12445      -0.02107  p3_baz_aei_03_04_r2_grove
 345     -28.39547    -172.40700    1465.65762      -0.00065      -0.12445      -0.02107  p3_baz_aei_03_02_r2_grove
 346      42.01065    -172.34924    1494.15574      -0.00063      -0.12957      -0.02107 p3_baz_aei_03_04_r2_cone
 346      42.01065    -172.34924    1494.15574      -0.00063      -0.12957      -0.02107 p3_baz_aei_03_02_r2_cone
 347     -32.77582    -172.48642    1507.38289      -0.00062      -0.13158      -0.02107 p3_baz_aei_03_04_r2_flat
 347     -32.77582    -172.48642    1507.38289      -0.00062      -0.13158      -0.02107 p3_baz_aei_03_02_r2_flat
 348     -27.10232     -97.06280    1666.11994      -0.00055      -0.13718      -0.02107 p3_bpx_aei_ho_03_05_r5_cone
 349     -27.25251      97.62810    1666.24227      -0.00055      -0.13718      -0.02107 p3_bpx_aei_ip_03_05_r5_cone
 350      48.73424     -96.89550    1670.25845      -0.00055      -0.13687      -0.02107 p3_bpx_aei_ho_03_05_r5_flat
 351      48.58215      97.61170    1670.33388      -0.00055      -0.13687      -0.02107 p3_bpx_aei_ip_03_05_r5_flat
 352      34.96679     -96.89711    1709.88729      -0.00054      -0.13274      -0.02107 p3_bpx_aei_ho_03_05_r5_grove
 353      34.83720      97.65199    1709.96981      -0.00054      -0.13273      -0.02107 p3_bpx_aei_ip_03_05_r5_grove
 354      47.00062     -96.86569    1758.97407      -0.00054      -0.12468      -0.02107 p3_bpx_aei_ho_03_01_r5_cone
 355      46.90423      97.69741    1759.04739      -0.00054      -0.12466      -0.02107 p3_bpx_aei_ip_03_01_r5_cone
 356     -27.83008     -96.96397    1771.90473      -0.00054      -0.12201      -0.02107 p3_bpx_aei_ho_03_01_r5_grove
 357     -27.91307      97.74523    1772.02924      -0.00054      -0.12199      -0.02107 p3_bpx_aei_ip_03_01_r5_grove
 358      -9.55084     -96.90980    1809.66922      -0.00054      -0.11293      -0.02107 p3_bpx_aei_ho_03_01_r5_flat
 359      -9.61103      97.76289    1809.77783      -0.00054      -0.11291      -0.02107 p3_bpx_aei_ip_03_01_r5_flat
 360      55.34272      -0.01308    1880.01408      -0.00055      -0.09088      -0.02107 p3_irl_aei_03_r2_front
 361     -13.36856      41.41800    2020.95974      -0.00061      -0.02658      -0.02107 p3_gim_aei_03_surf_r1
 362      -0.05689      73.81722    2116.05926      -0.00066       0.02345      -0.02107 p3_srg_aei_03_r2_90deg
 363      52.15347      52.21982    2116.09857      -0.00066       0.02347      -0.02107 p3_srg_aei_03_r2_45deg
 364     -52.25593      52.35762    2116.11152      -0.00066       0.02348      -0.02107 p3_srg_aei_03_r2_135deg
 365      55.45627      -0.00131    2116.14071      -0.00066       0.02349      -0.02107 p3_srg_aei_03_r2_front
 366     -55.66804       0.09064    2116.23040      -0.00066       0.02353      -0.02107 p3_srg_aei_03_r2_rear
 367      52.18475     -51.61258    2116.37891      -0.00066       0.02360      -0.02107 p3_srg_aei_03_r2_315deg
 368      -0.02100     -73.19428    2116.38286      -0.00066       0.02360      -0.02107 p3_srg_aei_03_r2_270deg
 369     -52.22845     -51.78038    2116.38214      -0.00066       0.02360      -0.02107 p3_srg_aei_03_r2_225deg
 370     -34.48176      97.64273    2206.74456      -0.00070       0.05746      -0.02107 p3_bpx_aei_ip_03_05_r6_cone
 371     -34.35948     -97.05347    2207.04853      -0.00070       0.05755      -0.02107 p3_bpx_aei_ho_03_05_r6_cone
 372      41.35270      97.66032    2210.88647      -0.00070       0.05867      -0.02107 p3_bpx_aei_ip_03_05_r6_flat
 373      41.46468     -96.93237    2211.15805      -0.00070       0.05875      -0.02107 p3_bpx_aei_ho_03_05_r6_flat
 374      27.56876      97.66411    2250.52188      -0.00071       0.06887      -0.02107 p3_bpx_aei_ip_03_05_r6_grove
 375      27.71244     -96.95089    2250.79205      -0.00071       0.06893      -0.02107 p3_bpx_aei_ho_03_05_r6_grove
 376      39.69141      97.70270    2332.61080      -0.00072       0.08148      -0.02107 p3_bpx_aei_ip_03_01_r6_cone
 377      39.88089     -96.97989    2332.87327      -0.00072       0.08150      -0.02107 p3_bpx_aei_ho_03_01_r6_cone
 378     -35.13685      97.66342    2345.53358      -0.00072       0.08243      -0.02107 p3_bpx_aei_ip_03_01_r6_grove
 379     -34.94527     -97.07028    2345.83666      -0.00072       0.08244      -0.02107 p3_bpx_aei_ho_03_01_r6_grove
 380     -16.86819      97.67817    2383.28791      -0.00072       0.08355      -0.02107 p3_bpx_aei_ip_03_01_r6_flat
 381     -16.65871     -97.05672    2383.58819      -0.00072       0.08355      -0.02107 p3_bpx_aei_ho_03_01_r6_flat
 382     -80.39294       5.82037     739.80000       0.00000       0.00000       0.00000 p4_aei_03_par_1
 383     -84.06209      12.81598    2041.34000      26.08587       0.00000       0.00000 p4_aei_03_par_2
 384      20.22080      -4.47258    2382.00000    2738.51750      -1.43166      -0.00078 p4_aei_03_par_3
 385      -0.32008       0.00976      -0.01215      -0.00057      -0.15661       0.02563 p4_aei_03
 386     -14.93174      -0.00525      66.07969       0.03312       0.55480   -3141.56699 p4_irm_aei_03_s1_fixed
 387      15.04853       0.01273    2291.88553       0.01990      -0.18684       0.02562 p4_irm_aei_03_s2_fixed
 388      15.06826      -0.00602      66.09634       0.03312       0.55480   -3141.56699 p4_irm_aei_03_l1_fixed
 389     -14.95147       0.01350    2291.89113       0.01990      -0.18684       0.02562 p4_irm_aei_03_l2_fixed
 390     -15.13377       0.00647     477.98370       0.02065       0.38273       0.02562 p4_irl_aei_03_s1
 391      14.96468       0.00612    1879.98708       0.01061      -0.22348       0.02562 p4_irl_aei_03_s2
 392      14.78878       0.00813     950.48989      -0.00896      -0.05651       0.02563 p4_irl_aei_03_l1
 393     -15.14075       0.00510    1407.49432      -0.00301      -0.20726       0.02563 p4_irl_aei_03_l2
 394     -15.21172       0.00898     941.19146      -0.00867      -0.04982       0.02563 p4_irc_aei_03_s1
 395      14.86118       0.00431    1416.78808      -0.00275      -0.20848       0.02563 p4_irc_aei_03_s2
 396      14.85733       0.00436    1398.18812      -0.00328      -0.20600       0.02563 p4_irc_aei_03_l1
 397     -15.21067       0.00881     959.79170      -0.00923      -0.06302       0.02563 p4_irc_aei_03_l2
 398       0.10508      -0.00784      -0.01221       0.03336       0.55815       0.02562 p4_irt_aei_03_r1
 399      -0.10050       0.00425     396.98917       0.02459       0.43715       0.02562 p4_irt_aei_03_r2
 400      -0.21008       0.00938     793.99037      -0.00117       0.07935       0.02563 p4_irt_aei_03_r3
 401      -0.18180       0.00604    1190.99111      -0.00920      -0.16870       0.02563 p4_irt_aei_03_r4
 402      -0.10158       0.00464    1587.99109       0.00217      -0.22445       0.02563 p4_irt_aei_03_r5
 403      -0.01229       0.00778    1984.99004       0.01365      -0.21443       0.02562 p4_irt_aei_03_r6
 404       0.06527       0.01493    2381.98766       0.02025      -0.18527       0.02562 p4_irt_aei_03_r7
 405     -36.92084      97.47231      14.84953       0.03335       0.55798       0.02562 p4_bpx_aei_ip_03_05_r1_cone
 406     -36.79205     -97.26959      14.89930       0.03335       0.55798       0.02562 p4_bpx_aei_ho_03_05_r1_cone
 407      38.99048      97.53263      17.03209       0.03334       0.55793       0.02562 p4_bpx_aei_ip_03_05_r1_flat
 408      39.11897     -97.22887      17.06886       0.03334       0.55793       0.02562 p4_bpx_aei_ho_03_05_r1_flat
 409      26.25180      97.54489      57.01409       0.03318       0.55566       0.02562 p4_bpx_aei_ip_03_05_r1_grove
 410      26.39420     -97.15731      57.04333       0.03318       0.55566       0.02562 p4_bpx_aei_ho_03_05_r1_grove
 411      23.78284      97.55051      88.90658       0.03292       0.55209       0.02562 p4_bpx_aei_ip_03_01_r1_cone
 412      23.93563     -97.07999      88.94027       0.03292       0.55208       0.02562 p4_bpx_aei_ho_03_01_r1_cone
 413     -50.68929      97.52241     103.77345       0.03276       0.54988       0.02562 p4_bpx_aei_ip_03_01_r1_grove
 414     -50.52520     -97.15160     103.82212       0.03276       0.54987       0.02562 p4_bpx_aei_ho_03_01_r1_grove
 415     -31.44165      97.53272     141.04415       0.03225       0.54287       0.02562 p4_bpx_aei_ip_03_01_r1_flat
 416     -31.27035     -97.04558     141.08332       0.03225       0.54287       0.02562 p4_bpx_aei_ho_03_01_r1_flat
 417     -55.48340      -0.00010     193.13258       0.03128       0.52950       0.02562 p4_srg_aei_03_r1_rear
 418      51.89477     -52.02316     193.19687       0.03128       0.52950       0.02562 p4_srg_aei_03_r1_315deg
 419     -52.21318      52.22141     193.15538       0.03128       0.52950       0.02562 p4_srg_aei_03_r1_135deg
 420       0.02178      73.85597     193.19426       0.03128       0.52949       0.02562 p4_srg_aei_03_r1_90deg
 421     -52.51594     -51.53028     193.17127       0.03128       0.52949       0.02562 p4_srg_aei_03_r1_225deg
 422      -0.39200     -73.33581     193.20675       0.03128       0.52949       0.02562 p4_srg_aei_03_r1_270deg
 423      52.25019      52.21964     193.28309       0.03128       0.52948       0.02562 p4_srg_aei_03_r1_45deg
 424      55.45554      -0.00294     193.31782       0.03128       0.52947       0.02562 p4_srg_aei_03_r1_front
 425      50.20137    -209.71622     248.45109       0.02993       0.51077       0.02562 p4_baz_aei_03_02_r1_cone
 425      50.20137    -209.71622     248.45109       0.02993       0.51077       0.02562 p4_baz_aei_03_01_r1_cone
 426     -25.73442    -209.82185     249.15271       0.02991       0.51049       0.02562  p4_baz_aei_03_02_r1_grove
 426     -25.73442    -209.82185     249.15271       0.02991       0.51049       0.02562  p4_baz_aei_03_01_r1_grove
 427     -13.77511    -209.77888     289.36254       0.02870       0.49386       0.02562 p4_baz_aei_03_02_r1_flat
 427     -13.77511    -209.77888     289.36254       0.02870       0.49386       0.02562 p4_baz_aei_03_01_r1_flat
 428     -38.08999     -97.09826     324.88445       0.02749       0.47710       0.02562 p4_bpx_aei_ho_03_05_r2_cone
 429     -38.26406      97.56345     325.00722       0.02748       0.47704       0.02562 p4_bpx_aei_ip_03_05_r2_cone
 430      37.80972     -96.99393     327.65281       0.02739       0.47573       0.02562 p4_bpx_aei_ho_03_05_r2_flat
 431      37.63155      97.65508     327.78049       0.02738       0.47567       0.02562 p4_bpx_aei_ip_03_05_r2_flat
 432      24.76067     -96.97283     367.51917       0.02585       0.45445       0.02562 p4_bpx_aei_ho_03_05_r2_grove
 433      24.58169      97.68947     367.64935       0.02584       0.45438       0.02562 p4_bpx_aei_ip_03_05_r2_grove
 434      28.27411     -96.94266     402.08316       0.02437       0.43403       0.02562 p4_bpx_aei_ho_03_01_r2_cone
 435      28.08484      97.73735     402.21394       0.02436       0.43395       0.02562 p4_bpx_aei_ip_03_01_r2_cone
 436     -46.31285     -97.01650     416.38250       0.02372       0.42502       0.02562 p4_bpx_aei_ho_03_01_r2_grove
 437     -46.49622      97.69011     416.51471       0.02371       0.42494       0.02562 p4_bpx_aei_ip_03_01_r2_grove
 438     -27.34709     -96.94153     453.80289       0.02191       0.40003       0.02562 p4_bpx_aei_ho_03_01_r2_flat
 439     -27.53715      97.75398     453.92325       0.02190       0.39994       0.02562 p4_bpx_aei_ip_03_01_r2_flat
 440      55.42788       0.06777     478.41349       0.02063       0.38243       0.02562 p4_irl_aei_03_r1_front
 441     -36.60867    -209.77285     549.25045       0.01658       0.32652       0.02562 p4_baz_aei_03_04_r1_cone
 441     -36.60867    -209.77285     549.25045       0.01658       0.32652       0.02562 p4_baz_aei_03_05_r1_cone
 442      37.56092    -209.64369     565.59557       0.01557       0.31255       0.02562 p4_baz_aei_03_04_r1_flat
 442      37.56092    -209.64369     565.59557       0.01557       0.31255       0.02562 p4_baz_aei_03_05_r1_flat
 443      17.56870    -209.67585     602.47025       0.01318       0.27947       0.02562  p4_baz_aei_03_04_r1_grove
 443      17.56870    -209.67585     602.47025       0.01318       0.27947       0.02562  p4_baz_aei_03_05_r1_grove
 444      -6.10321      42.30082     720.10694       0.00452       0.16001       0.02563 p4_slm_aei_03_surf_r1
 445     -37.51775      97.61181     812.08237      -0.00238       0.06111       0.02563 p4_bpx_aei_ip_03_05_r3_cone
 446     -37.30625     -97.06900     812.27693      -0.00239       0.06091       0.02563 p4_bpx_aei_ho_03_05_r3_cone
 447      38.33654      97.68285     815.67090      -0.00261       0.05757       0.02563 p4_bpx_aei_ip_03_05_r3_flat
 448      38.54534     -96.95985     815.90440      -0.00263       0.05734       0.02563 p4_bpx_aei_ho_03_05_r3_flat
 449      24.86571      97.71895     855.39671      -0.00495       0.02014       0.02563 p4_bpx_aei_ip_03_05_r3_grove
 450      25.05291     -96.93996     855.62415      -0.00496       0.01993       0.02563 p4_bpx_aei_ho_03_05_r3_grove
 451      27.66386      97.75986     892.17985      -0.00676      -0.01168       0.02563 p4_bpx_aei_ip_03_01_r3_cone
 452      27.83537     -96.91135     892.40532      -0.00677      -0.01187       0.02563 p4_bpx_aei_ho_03_01_r3_cone
 453     -47.07161      97.73198     905.67582      -0.00734      -0.02266       0.02563 p4_bpx_aei_ip_03_01_r3_grove
 454     -46.90280     -96.97183     905.86969      -0.00735      -0.02282       0.02563 p4_bpx_aei_ho_03_01_r3_grove
 455     -28.51451      97.78850     943.28873      -0.00873      -0.05134       0.02563 p4_bpx_aei_ip_03_01_r3_flat
 456     -28.35959     -96.90001     943.49202      -0.00874      -0.05149       0.02563 p4_bpx_aei_ho_03_01_r3_flat
 457      55.30258       0.00459     950.56400      -0.00896      -0.05656       0.02563 p4_irc_aei_03_r1_front
 458      55.32141       0.10683    1179.08579      -0.00953      -0.16590       0.02563 p4_mid_aei_03_front
 459     -36.71006     -96.98895    1241.08995      -0.00777      -0.17936       0.02563 p4_bpx_aei_ho_03_05_r4_cone
 460     -36.71940      97.70935    1241.48577      -0.00776      -0.17944       0.02563 p4_bpx_aei_ip_03_05_r4_cone
 461      39.12379     -96.86722    1245.26483      -0.00766      -0.18021       0.02563 p4_bpx_aei_ho_03_05_r4_flat
 462      39.10244      97.65527    1245.62532      -0.00764      -0.18028       0.02563 p4_bpx_aei_ip_03_05_r4_flat
 463      25.33719     -96.86465    1284.88986      -0.00652      -0.18783       0.02563 p4_bpx_aei_ho_03_05_r4_grove
 464      25.33314      97.66715    1285.26003      -0.00651      -0.18789       0.02563 p4_bpx_aei_ip_03_05_r4_grove
 465      40.72936     -96.83815    1319.29463      -0.00554      -0.19391       0.02563 p4_bpx_aei_ho_03_01_r4_cone
 466      40.73481      97.68205    1319.65681      -0.00553      -0.19397       0.02563 p4_bpx_aei_ip_03_01_r4_cone
 467     -34.10193     -96.91160    1332.20186      -0.00517      -0.19607       0.02563 p4_bpx_aei_ho_03_01_r4_grove
 468     -34.09257      97.73919    1332.59116      -0.00516      -0.19613       0.02563 p4_bpx_aei_ip_03_01_r4_grove
 469     -15.82661     -96.85735    1369.97598      -0.00409      -0.20198       0.02563 p4_bpx_aei_ho_03_01_r4_flat
 470     -15.80375      97.72545    1370.35787      -0.00408      -0.20203       0.02563 p4_bpx_aei_ip_03_01_r4_flat
 471      55.23042       0.02410    1407.79853      -0.00301      -0.20730       0.02563 p4_irc_aei_03_r2_front
 472     -28.39660    -172.41008    1465.63822      -0.00135      -0.21428       0.02563  p4_baz_aei_03_04_r2_grove
 472     -28.39660    -172.41008    1465.63822      -0.00135      -0.21428       0.02563  p4_baz_aei_03_02_r2_grove
 473      42.00945    -172.34832    1494.13883      -0.00053      -0.21721       0.02563 p4_baz_aei_03_04_r2_cone
 473      42.00945    -172.34832    1494.13883      -0.00053      -0.21721       0.02563 p4_baz_aei_03_02_r2_cone
 474     -32.77638    -172.48580    1507.36448      -0.00015      -0.21845       0.02563 p4_baz_aei_03_04_r2_flat
 474     -32.77638    -172.48580    1507.36448      -0.00015      -0.21845       0.02563 p4_baz_aei_03_02_r2_flat
 475     -27.09800     -97.06611    1666.10295       0.00442      -0.22768       0.02563 p4_bpx_aei_ho_03_05_r5_cone
 476     -27.26237      97.62860    1666.26253       0.00443      -0.22768       0.02563 p4_bpx_aei_ip_03_05_r5_cone
 477      48.73825     -96.89663    1670.24199       0.00454      -0.22778       0.02563 p4_bpx_aei_ho_03_05_r5_flat
 478      48.57256      97.61647    1670.35084       0.00454      -0.22778       0.02563 p4_bpx_aei_ip_03_05_r5_flat
 479      34.97169     -96.89688    1709.86904       0.00568      -0.22837       0.02563 p4_bpx_aei_ho_03_05_r5_grove
 480      34.82671      97.65313    1709.98416       0.00569      -0.22837       0.02563 p4_bpx_aei_ip_03_05_r5_grove
 481      47.00840     -96.86467    1758.95493       0.00710      -0.22820       0.02563 p4_bpx_aei_ho_03_01_r5_cone
 482      46.89841      97.69773    1759.06277       0.00711      -0.22820       0.02563 p4_bpx_aei_ip_03_01_r5_cone
 483     -27.82065     -96.96526    1771.89180       0.00748      -0.22799       0.02563 p4_bpx_aei_ho_03_01_r5_grove
 484     -27.91912      97.74624    1772.04827       0.00748      -0.22799       0.02563 p4_bpx_aei_ip_03_01_r5_grove
 485      -9.53866     -96.91213    1809.65353       0.00857      -0.22697       0.02563 p4_bpx_aei_ho_03_01_r5_flat
 486      -9.61243      97.76208    1809.79508       0.00857      -0.22696       0.02563 p4_bpx_aei_ip_03_01_r5_flat
 487      55.35009      -0.00801    1880.02285       0.01061      -0.22348       0.02562 p4_irl_aei_03_r2_front
 488     -13.36628      41.42753    2020.97068       0.01470      -0.21028       0.02562 p4_gim_aei_03_surf_r1
 489      -0.06032      73.81251    2116.07035       0.01723      -0.19893       0.02562 p4_srg_aei_03_r2_90deg
 490     -52.30006      52.32995    2116.12132       0.01723      -0.19892       0.02562 p4_srg_aei_03_r2_135deg
 491      52.15004      52.21638    2116.10684       0.01723      -0.19892       0.02562 p4_srg_aei_03_r2_45deg
 492      55.47131       0.00839    2116.15628       0.01723      -0.19892       0.02562 p4_srg_aei_03_r2_front
 493     -55.65808       0.08884    2116.22408       0.01723      -0.19891       0.02562 p4_srg_aei_03_r2_rear
 494     -52.21458     -51.78744    2116.37049       0.01724      -0.19890       0.02562 p4_srg_aei_03_r2_225deg
 495      -0.00512     -73.19838    2116.37128       0.01724      -0.19890       0.02562 p4_srg_aei_03_r2_270deg
 496      52.19993     -51.60972    2116.37242       0.01724      -0.19890       0.02562 p4_srg_aei_03_r2_315deg
 497     -34.48154      97.64114    2206.76004       0.01894      -0.19120       0.02562 p4_bpx_aei_ip_03_05_r6_cone
 498     -34.34598     -97.05406    2207.02860       0.01894      -0.19119       0.02562 p4_bpx_aei_ho_03_05_r6_cone
 499      41.34885      97.66728    2210.90882       0.01900      -0.19092       0.02562 p4_bpx_aei_ip_03_05_r6_flat
 500      41.48031     -96.92672    2211.14409       0.01900      -0.19091       0.02562 p4_bpx_aei_ho_03_05_r6_flat
 501      27.56267      97.67400    2250.53981       0.01951      -0.18861       0.02562 p4_bpx_aei_ip_03_05_r6_grove
 502      27.72313     -96.94620    2250.77668       0.01951      -0.18860       0.02562 p4_bpx_aei_ho_03_05_r6_grove
 503      39.67982      97.71312    2332.62931       0.02015      -0.18574       0.02562 p4_bpx_aei_ip_03_01_r6_cone
 504      39.88698     -96.97528    2332.86169       0.02015      -0.18574       0.02562 p4_bpx_aei_ho_03_01_r6_cone
 505     -35.15028      97.66629    2345.54800       0.02019      -0.18553       0.02562 p4_bpx_aei_ip_03_01_r6_grove
 506     -34.93902     -97.06731    2345.81689       0.02019      -0.18553       0.02562 p4_bpx_aei_ho_03_01_r6_grove
 507     -16.88178      97.68589    2383.30381       0.02025      -0.18527       0.02562 p4_bpx_aei_ip_03_01_r6_flat
 508     -16.65383     -97.05081    2383.56921       0.02025      -0.18527       0.02562 p4_bpx_aei_ho_03_01_r6_flat
 509     -15.00000       0.00000      66.10000       0.00000      -0.00000       1.59270 p1_irm_aei_03_s1
 510      15.00000       0.00000      66.10000       0.00000      -0.00000       1.59270 p1_irm_aei_03_l1
 511      15.00000       0.00000    2291.90000       0.00000      -0.00000   -3140.00000 p1_irm_aei_03_s2
 512     -15.00000       0.00000    2291.90000       0.00000      -0.00000   -3140.00000 p1_irm_aei_03_l2
 513     -15.08291      -0.00051      66.14418      -0.00272      -0.66570       1.56621 p2_irm_aei_03_s1
 514      14.91709       0.00029      66.12421      -0.00272      -0.66570       1.56621 p2_irm_aei_03_l1
 515      14.95668      -0.00271    2291.93886       0.00266       0.23108   -3140.02649 p2_irm_aei_03_s2
 516     -15.04331      -0.00350    2291.93193       0.00266       0.23108   -3140.02649 p2_irm_aei_03_l2
 517     -14.99049      -0.00331      66.09517       0.00299       0.09060       1.57163 p3_irm_aei_03_s1
 518      15.00951      -0.00267      66.09789       0.00299       0.09060       1.57163 p3_irm_aei_03_l1
 519      14.99020      -0.00229    2291.89770      -0.00072       0.07666   -3140.02107 p3_irm_aei_03_s2
 520     -15.00980      -0.00292    2291.89540      -0.00072       0.07666   -3140.02107 p3_irm_aei_03_l2
 521     -14.93174      -0.00525      66.07969       0.03312       0.55480       1.61832 p4_irm_aei_03_s1
 522      15.06826      -0.00602      66.09634       0.03312       0.55480       1.61832 p4_irm_aei_03_l1
 523      15.04853       0.01273    2291.88553       0.01990      -0.18684   -3139.97438 p4_irm_aei_03_s2
 524     -14.95147       0.01350    2291.89113       0.01990      -0.18684   -3139.97438 p4_irm_aei_03_l2
