   1       0.00000       0.00000     580.80000       0.00000       0.00000       0.00000 p1_aei_14_par_1
   2       0.00000       0.00000    1710.90000      26.08587       0.00000       0.00000 p1_aei_14_par_2
   3       0.00000       0.00000    2382.00000       0.00000       0.00000       0.00000 p1_aei_14_par_3
   4       0.00000       0.00000       0.00000       0.00000       0.00000       0.00000 p1_aei_14
   5     -15.00000       0.00000      66.10000       0.00000      -0.00000   -3141.59261 p1_irm_aei_14_s1_fixed
   6      15.00000       0.00000    2291.90000       0.00000      -0.00000       0.00000 p1_irm_aei_14_s2_fixed
   7      15.00000       0.00000      66.10000       0.00000      -0.00000   -3141.59261 p1_irm_aei_14_l1_fixed
   8     -15.00000       0.00000    2291.90000       0.00000      -0.00000       0.00000 p1_irm_aei_14_l2_fixed
   9     -15.00000       0.00000     478.00000       0.00000      -0.00000       0.00000 p1_irl_aei_14_s1
  10      15.00000       0.00000    1880.00000       0.00000      -0.00000       0.00000 p1_irl_aei_14_s2
  11      15.00000       0.00000     950.50000       0.00000      -0.00000       0.00000 p1_irl_aei_14_l1
  12     -15.00000       0.00000    1407.50000       0.00000      -0.00000       0.00000 p1_irl_aei_14_l2
  13     -15.00000       0.00000     941.20000       0.00000      -0.00000       0.00000 p1_irc_aei_14_s1
  14      15.00000       0.00000    1416.80000       0.00000      -0.00000       0.00000 p1_irc_aei_14_s2
  15      15.00000       0.00000    1398.20000       0.00000      -0.00000       0.00000 p1_irc_aei_14_l1
  16     -15.00000       0.00000     959.80000       0.00000      -0.00000       0.00000 p1_irc_aei_14_l2
  17       0.00000       0.00000       0.00000       0.00000      -0.00000       0.00000 p1_irt_aei_14_r1
  18       0.00000       0.00000     397.00000       0.00000      -0.00000       0.00000 p1_irt_aei_14_r2
  19       0.00000       0.00000     794.00000       0.00000      -0.00000       0.00000 p1_irt_aei_14_r3
  20       0.00000       0.00000    1191.00000       0.00000      -0.00000       0.00000 p1_irt_aei_14_r4
  21       0.00000       0.00000    1588.00000       0.00000      -0.00000       0.00000 p1_irt_aei_14_r5
  22       0.00000       0.00000    1985.00000       0.00000      -0.00000       0.00000 p1_irt_aei_14_r6
  23       0.00000       0.00000    2382.00000       0.00000      -0.00000       0.00000 p1_irt_aei_14_r7
  24     -34.10350     -97.61390      18.47570       0.00000      -0.00000       0.00000 p1_bpx_aei_ip_14_16_r1_cone
  25     -33.98990      96.91400      18.74490       0.00000      -0.00000       0.00000 p1_bpx_aei_ho_14_16_r1_cone
  26      41.08990     -97.59790      29.07830       0.00000      -0.00000       0.00000 p1_bpx_aei_ip_14_16_r1_flat
  27      41.20500      96.81720      29.34710       0.00000      -0.00000       0.00000 p1_bpx_aei_ho_14_16_r1_flat
  28      23.99350     -97.60310      67.38580       0.00000      -0.00000       0.00000 p1_bpx_aei_ip_14_16_r1_grove
  29      24.10850      96.77590      67.65170       0.00000      -0.00000       0.00000 p1_bpx_aei_ho_14_16_r1_grove
  30      35.03180     -97.62250     108.85650       0.00000      -0.00000       0.00000 p1_bpx_aei_ip_14_12_r1_cone
  31      35.14840      96.70100     109.12580       0.00000      -0.00000       0.00000 p1_bpx_aei_ho_14_12_r1_cone
  32     -40.62960     -97.66390     115.36680       0.00000      -0.00000       0.00000 p1_bpx_aei_ip_14_12_r1_grove
  33     -40.50680      96.82130     115.63810       0.00000      -0.00000       0.00000 p1_bpx_aei_ho_14_12_r1_grove
  34     -25.62750     -97.65310     154.54330       0.00000      -0.00000       0.00000 p1_bpx_aei_ip_14_12_r1_flat
  35     -25.50610      96.72240     154.81110       0.00000      -0.00000       0.00000 p1_bpx_aei_ho_14_12_r1_flat
  36      37.30370    -173.02500     194.84860       0.00000      -0.00000       0.00000 p1_baz_aei_14_15_r1_flat
  36      37.30370    -173.02500     194.84860       0.00000      -0.00000       0.00000 p1_baz_aei_14_13_r1_flat
  37     -32.72380    -173.08720     224.24390       0.00000      -0.00000       0.00000 p1_baz_aei_14_15_r1_cone
  37     -32.72380    -173.08720     224.24390       0.00000      -0.00000       0.00000 p1_baz_aei_14_13_r1_cone
  38      42.22080    -173.05090     236.50450       0.00000      -0.00000       0.00000  p1_baz_aei_14_15_r1_grove
  38      42.22080    -173.05090     236.50450       0.00000      -0.00000       0.00000  p1_baz_aei_14_13_r1_grove
  39     -52.23210     -52.27530     282.37820       0.00000      -0.00000       0.00000 p1_srg_aei_14_r1_225deg
  40     -55.52650       0.00000     282.41770       0.00000      -0.00000       0.00000 p1_srg_aei_14_r1_rear
  41      -0.04370     -73.86560     282.44370       0.00000      -0.00000       0.00000 p1_srg_aei_14_r1_270deg
  42     -52.04270      51.61690     282.52310       0.00000      -0.00000       0.00000 p1_srg_aei_14_r1_135deg
  43      52.18370     -52.26240     282.52830       0.00000      -0.00000       0.00000 p1_srg_aei_14_r1_315deg
  44       0.25490      73.03040     282.55350       0.00000      -0.00000       0.00000 p1_srg_aei_14_r1_90deg
  45      52.44210      51.22070     282.57490       0.00000      -0.00000       0.00000 p1_srg_aei_14_r1_45deg
  46      55.45650       0.00000     282.60000       0.00000      -0.00000       0.00000 p1_srg_aei_14_r1_front
  47     -27.93400     -97.60270     335.89850       0.00000      -0.00000       0.00000 p1_bpx_aei_ip_14_16_r2_cone
  48     -27.96010      96.82560     336.26200       0.00000      -0.00000       0.00000 p1_bpx_aei_ho_14_16_r2_cone
  49      47.35040     -97.54310     345.82370       0.00000      -0.00000       0.00000 p1_bpx_aei_ip_14_16_r2_flat
  50      47.32390      96.77170     346.19350       0.00000      -0.00000       0.00000 p1_bpx_aei_ho_14_16_r2_flat
  51      30.60120     -97.63670     384.28200       0.00000      -0.00000       0.00000 p1_bpx_aei_ip_14_16_r2_grove
  52      30.56240      96.69930     384.65190       0.00000      -0.00000       0.00000 p1_bpx_aei_ho_14_16_r2_grove
  53      46.48720     -97.72560     429.95610       0.00000      -0.00000       0.00000 p1_bpx_aei_ip_14_12_r2_cone
  54      46.43730      96.62610     430.32440       0.00000      -0.00000       0.00000 p1_bpx_aei_ho_14_12_r2_cone
  55     -29.10330     -97.83720     437.14250       0.00000      -0.00000       0.00000 p1_bpx_aei_ip_14_12_r2_grove
  56     -29.14330      96.62020     437.50790       0.00000      -0.00000       0.00000 p1_bpx_aei_ho_14_12_r2_grove
  57     -13.75940     -97.89500     476.18450       0.00000      -0.00000       0.00000 p1_bpx_aei_ip_14_12_r2_flat
  58     -13.80980      96.51290     476.55280       0.00000      -0.00000       0.00000 p1_bpx_aei_ho_14_12_r2_flat
  59      -0.58530     -45.53850     561.01750       0.00000      -0.00000       0.00000 p1_slm_aei_14_surf_r2
  60     -55.77850      -0.15150     747.64310       0.00000      -0.00000       0.00000 p1_srg_aei_14_r2_rear
  61      55.28730       0.01630     747.65890       0.00000      -0.00000       0.00000 p1_srg_aei_14_r2_front
  62      52.04170     -52.28560     747.68070       0.00000      -0.00000       0.00000 p1_srg_aei_14_r2_315deg
  63     -52.36730     -52.40320     747.68220       0.00000      -0.00000       0.00000 p1_srg_aei_14_r2_225deg
  64      -0.12340     -73.87390     747.70550       0.00000      -0.00000       0.00000 p1_srg_aei_14_r2_270deg
  65     -52.50140      51.33010     747.81940       0.00000      -0.00000       0.00000 p1_srg_aei_14_r2_135deg
  66      -0.34920      72.94050     747.84210       0.00000      -0.00000       0.00000 p1_srg_aei_14_r2_90deg
  67      51.86080      51.51090     747.88150       0.00000      -0.00000       0.00000 p1_srg_aei_14_r2_45deg
  68     193.56240     -32.84400     928.97970       0.00000      -0.00000       0.00000 p1_bpl_aei_14_r1_grove
  69     195.88760      40.12070     949.85500       0.00000      -0.00000       0.00000 p1_bpl_aei_14_r1_cone
  70     197.94150     -32.87660     970.67290       0.00000      -0.00000       0.00000 p1_bpl_aei_14_r1_flat
  71     -47.37160     -97.79390    1034.64280       0.00000      -0.00000       0.00000 p1_bpx_aei_ip_14_16_r3_cone
  72     -47.40200      96.73930    1034.90410       0.00000      -0.00000       0.00000 p1_bpx_aei_ho_14_16_r3_cone
  73      27.86620     -97.74770    1044.92670       0.00000      -0.00000       0.00000 p1_bpx_aei_ip_14_16_r3_flat
  74      27.83000      96.70450    1045.19740       0.00000      -0.00000       0.00000 p1_bpx_aei_ho_14_16_r3_flat
  75      10.93050     -97.80380    1083.30610       0.00000      -0.00000       0.00000 p1_bpx_aei_ip_14_16_r3_grove
  76      10.89640      96.64030    1083.57420       0.00000      -0.00000       0.00000 p1_bpx_aei_ho_14_16_r3_grove
  77      28.84240     -97.83350    1117.99000       0.00000      -0.00000       0.00000 p1_bpx_aei_ip_14_12_r3_cone
  78      28.80830      96.59430    1118.25560       0.00000      -0.00000       0.00000 p1_bpx_aei_ho_14_12_r3_cone
  79     -46.78830     -97.88950    1124.80940       0.00000      -0.00000       0.00000 p1_bpx_aei_ip_14_12_r3_grove
  80     -46.81460      96.61740    1125.07730       0.00000      -0.00000       0.00000 p1_bpx_aei_ho_14_12_r3_grove
  81     -31.62370     -97.91170    1163.92570       0.00000      -0.00000       0.00000 p1_bpx_aei_ip_14_12_r3_flat
  82     -31.66040      96.53360    1164.19180       0.00000      -0.00000       0.00000 p1_bpx_aei_ho_14_12_r3_flat
  83      55.30390      -0.07790    1178.88510       0.00000      -0.00000       0.00000 p1_mid_aei_14_front
  84     -44.24950     -97.79900    1367.68540       0.00000      -0.00000       0.00000 p1_bpx_aei_ip_14_16_r4_cone
  85     -44.35560      96.74460    1367.97850       0.00000      -0.00000       0.00000 p1_bpx_aei_ho_14_16_r4_cone
  86      31.00910     -97.74670    1377.87620       0.00000      -0.00000       0.00000 p1_bpx_aei_ip_14_16_r4_flat
  87      30.89720      96.71640    1378.09380       0.00000      -0.00000       0.00000 p1_bpx_aei_ho_14_16_r4_flat
  88      14.12370     -97.74320    1416.27710       0.00000      -0.00000       0.00000 p1_bpx_aei_ip_14_16_r4_grove
  89      14.04700      96.68210    1416.51080       0.00000      -0.00000       0.00000 p1_bpx_aei_ho_14_16_r4_grove
  90      45.55670     -97.73220    1445.32830       0.00000      -0.00000       0.00000 p1_bpx_aei_ip_14_12_r4_cone
  91      45.49910      96.68390    1445.52340       0.00000      -0.00000       0.00000 p1_bpx_aei_ho_14_12_r4_cone
  92     -30.07240     -97.78790    1452.23710       0.00000      -0.00000       0.00000 p1_bpx_aei_ip_14_12_r4_grove
  93     -30.10210      96.69200    1452.50630       0.00000      -0.00000       0.00000 p1_bpx_aei_ho_14_12_r4_grove
  94     -14.86160     -97.77140    1491.33480       0.00000      -0.00000       0.00000 p1_bpx_aei_ip_14_12_r4_flat
  95     -14.85410      96.64910    1491.59000       0.00000      -0.00000       0.00000 p1_bpx_aei_ho_14_12_r4_flat
  96      32.95740    -210.41480    1532.37660       0.00000      -0.00000       0.00000 p1_baz_aei_14_13_r2_flat
  96      32.95740    -210.41480    1532.37660       0.00000      -0.00000       0.00000 p1_baz_aei_14_12_r2_flat
  97     -42.97880    -210.47010    1532.87390       0.00000      -0.00000       0.00000 p1_baz_aei_14_13_r2_cone
  97     -42.97880    -210.47010    1532.87390       0.00000      -0.00000       0.00000 p1_baz_aei_14_12_r2_cone
  98      21.63570    -210.37460    1572.76200       0.00000      -0.00000       0.00000  p1_baz_aei_14_13_r2_grove
  98      21.63570    -210.37460    1572.76200       0.00000      -0.00000       0.00000  p1_baz_aei_14_12_r2_grove
  99     -37.09090     -22.45420    1690.68540       0.00000      -0.00000       0.00000 p1_gim_aei_14_surf_r2
 100      52.23880      51.26750    1825.41810       0.00000      -0.00000       0.00000 p1_srg_aei_14_r3_45deg
 101       0.16560      73.03900    1825.45920       0.00000      -0.00000       0.00000 p1_srg_aei_14_r3_90deg
 102      52.16160     -52.25820    1825.49950       0.00000      -0.00000       0.00000 p1_srg_aei_14_r3_315deg
 103      55.45650       0.00000    1825.50570       0.00000      -0.00000       0.00000 p1_srg_aei_14_r3_front
 104     -52.10660      51.52750    1825.54640       0.00000      -0.00000       0.00000 p1_srg_aei_14_r3_135deg
 105       0.01890     -73.80890    1825.54880       0.00000      -0.00000       0.00000 p1_srg_aei_14_r3_270deg
 106     -55.55810      -0.09620    1825.56920       0.00000      -0.00000       0.00000 p1_srg_aei_14_r3_rear
 107     -52.18440     -52.33790    1825.58410       0.00000      -0.00000       0.00000 p1_srg_aei_14_r3_225deg
 108      29.84320     -97.67090    1894.47020       0.00000      -0.00000       0.00000 p1_bpx_aei_ip_14_12_r5_cone
 109      29.91110      96.68900    1894.60690       0.00000      -0.00000       0.00000 p1_bpx_aei_ho_14_12_r5_cone
 110     -46.02360     -97.74110    1897.92630       0.00000      -0.00000       0.00000 p1_bpx_aei_ip_14_12_r5_grove
 111     -45.94890      96.79350    1898.07390       0.00000      -0.00000       0.00000 p1_bpx_aei_ho_14_12_r5_grove
 112     -32.61260     -97.78480    1937.67900       0.00000      -0.00000       0.00000 p1_bpx_aei_ip_14_12_r5_flat
 113     -32.53010      96.73280    1937.81800       0.00000      -0.00000       0.00000 p1_bpx_aei_ho_14_12_r5_flat
 114     -43.82040     -97.84280    1978.56210       0.00000      -0.00000       0.00000 p1_bpx_aei_ip_14_16_r5_cone
 115     -43.72650      96.71140    1978.70180       0.00000      -0.00000       0.00000 p1_bpx_aei_ho_14_16_r5_cone
 116      30.89190     -97.83760    1992.17590       0.00000      -0.00000       0.00000 p1_bpx_aei_ip_14_16_r5_flat
 117      30.97330      96.61320    1992.30500       0.00000      -0.00000       0.00000 p1_bpx_aei_ho_14_16_r5_flat
 118      12.26230     -97.90450    2029.75940       0.00000      -0.00000       0.00000 p1_bpx_aei_ip_14_16_r5_grove
 119      12.36170      96.58950    2029.89510       0.00000      -0.00000       0.00000 p1_bpx_aei_ho_14_16_r5_grove
 120      44.45290    -210.49740    2055.67190       0.00000      -0.00000       0.00000 p1_baz_aei_14_15_r2_cone
 120      44.45290    -210.49740    2055.67190       0.00000      -0.00000       0.00000 p1_baz_aei_14_16_r2_cone
 121     -29.44610    -210.48320    2073.14800       0.00000      -0.00000       0.00000  p1_baz_aei_14_15_r2_grove
 121     -29.44610    -210.48320    2073.14800       0.00000      -0.00000       0.00000  p1_baz_aei_14_16_r2_grove
 122      -8.89710    -210.48130    2109.71760       0.00000      -0.00000       0.00000 p1_baz_aei_14_15_r2_flat
 122      -8.89710    -210.48130    2109.71760       0.00000      -0.00000       0.00000 p1_baz_aei_14_16_r2_flat
 123     -84.54370     -97.70680    2208.42170       0.00000      -0.00000       0.00000 p1_bpx_aei_ip_14_16_r6_cone
 124     -84.48560      96.99340    2208.69900       0.00000      -0.00000       0.00000 p1_bpx_aei_ho_14_16_r6_cone
 125      -9.40120     -97.62870    2219.36520       0.00000      -0.00000       0.00000 p1_bpx_aei_ip_14_16_r6_flat
 126      -9.39390      96.88120    2219.60080       0.00000      -0.00000       0.00000 p1_bpx_aei_ho_14_16_r6_flat
 127      85.25810     -97.64760    2236.54160       0.00000      -0.00000       0.00000 p1_bpx_aei_ip_14_12_r6_cone
 128      85.30130      96.80350    2236.69450       0.00000      -0.00000       0.00000 p1_bpx_aei_ho_14_12_r6_cone
 129       9.56190     -97.63490    2242.71190       0.00000      -0.00000       0.00000 p1_bpx_aei_ip_14_12_r6_grove
 130       9.60770      96.85730    2242.89710       0.00000      -0.00000       0.00000 p1_bpx_aei_ho_14_12_r6_grove
 131     -26.67130     -97.64300    2257.59950       0.00000      -0.00000       0.00000 p1_bpx_aei_ip_14_16_r6_grove
 132     -26.58920      96.86320    2257.80070       0.00000      -0.00000       0.00000 p1_bpx_aei_ho_14_16_r6_grove
 133      24.38000     -97.62870    2281.96060       0.00000      -0.00000       0.00000 p1_bpx_aei_ip_14_12_r6_flat
 134      24.40870      96.80420    2282.20320       0.00000      -0.00000       0.00000 p1_bpx_aei_ho_14_12_r6_flat
 135    -110.13820     -73.66800    2298.79130       0.00000      -0.00000       0.00000 p1_bbi_aei_14_13_flat
 136    -113.84550    -149.46000    2298.89460       0.00000      -0.00000       0.00000 p1_bbi_aei_14_13_cone
 137     -70.40080     -87.21560    2300.57600       0.00000      -0.00000       0.00000 p1_bbi_aei_14_13_grove
 138     -42.01930     -88.75660    2301.78760       0.00000      -0.00000       0.00000 p1_bbi_aei_14_15_grove
 139      -2.33210     -75.31680    2303.50440       0.00000      -0.00000       0.00000 p1_bbi_aei_14_15_flat
 140       1.14740    -151.21030    2303.92350       0.00000      -0.00000       0.00000 p1_bbi_aei_14_15_cone
 141     484.25170    -107.46080    2319.16720       0.00000      -0.00000       0.00000 p1_bpl_aei_14_r2_grove
 142    -506.42830     -95.92330    2335.43800       0.00000      -0.00000       0.00000 p1_bbe_aei_14_13_flat
 143    -484.85350     -23.10890    2335.79160       0.00000      -0.00000       0.00000 p1_bbe_aei_14_13_cone
 144    -464.52600     -96.26100    2337.23550       0.00000      -0.00000       0.00000 p1_bbe_aei_14_13_grove
 145     449.07670    -115.18860    2340.63760       0.00000      -0.00000       0.00000 p1_bpl_aei_14_r2_flat
 146     468.35270     -43.61220    2357.08620       0.00000      -0.00000       0.00000 p1_bpl_aei_14_r2_cone
 147     325.62600     -97.05360    2372.81300       0.00000      -0.00000       0.00000 p1_bbe_aei_14_15_flat
 148     346.16350     -23.94750    2373.28450       0.00000      -0.00000       0.00000 p1_bbe_aei_14_15_cone
 149     367.52850     -96.79660    2374.79020       0.00000      -0.00000       0.00000 p1_bbe_aei_14_15_grove
 150       0.39131      -0.00325     580.80000       0.00000       0.00000       0.00000 p2_aei_14_par_1
 151       0.27367      -0.00545    1710.90000      26.08587       0.00000       0.00000 p2_aei_14_par_2
 152       0.02288      -0.00300    2382.00000   -2036.54640      -0.79960       0.00081 p2_aei_14_par_3
 153       0.10542      -0.00083       0.01610       0.00221       0.05795       0.01232 p2_aei_14
 154     -15.08077       0.00031      66.12156       0.00007      -0.36482   -3141.58028 p2_irm_aei_14_s1_fixed
 155      14.98665       0.00556    2291.91227       0.00564       0.04007       0.01232 p2_irm_aei_14_s2_fixed
 156      14.91924      -0.00006      66.11061       0.00007      -0.36482   -3141.58028 p2_irm_aei_14_l1_fixed
 157     -15.01335       0.00593    2291.91106       0.00564       0.04007       0.01232 p2_irm_aei_14_l2_fixed
 158     -14.94660       0.00047     478.01903       0.00120      -0.22913       0.01232 p2_irl_aei_14_s1
 159      15.00202       0.00339    1880.01242       0.00444       0.03091       0.01232 p2_irl_aei_14_s2
 160      15.05985       0.00136     950.51614       0.00297       0.11683       0.01232 p2_irl_aei_14_l1
 161     -14.98565       0.00264    1407.51225       0.00118       0.05253       0.01232 p2_irl_aei_14_l2
 162     -14.93907       0.00171     941.21269       0.00300       0.11539       0.01232 p2_irc_aei_14_s1
 163      15.01387       0.00228    1416.81377       0.00117       0.05027       0.01232 p2_irc_aei_14_s2
 164      15.01485       0.00226    1398.21389       0.00119       0.05483       0.01232 p2_irc_aei_14_l1
 165     -14.94124       0.00176     959.81259       0.00294       0.11810       0.01232 p2_irc_aei_14_l2
 166      -0.10490       0.00012       0.01609       0.00006      -0.36518       0.01232 p2_irt_aei_14_r1
 167       0.03234       0.00021     397.01574       0.00071      -0.28723       0.01232 p2_irt_aei_14_r2
 168       0.07491       0.00106     794.01484       0.00321       0.06559       0.01232 p2_irt_aei_14_r3
 169       0.03157       0.00214    1191.01367       0.00187       0.10471       0.01232 p2_irt_aei_14_r4
 170       0.00830       0.00269    1588.01256       0.00161       0.01894       0.01232 p2_irt_aei_14_r5
 171      -0.00149       0.00407    1985.01181       0.00505       0.03557       0.01232 p2_irt_aei_14_r6
 172      -0.01696       0.00625    2382.01172       0.00565       0.04013       0.01232 p2_irt_aei_14_r7
 173     -34.09986     -97.61536      18.47711       0.00006      -0.36517       0.01232 p2_bpx_aei_ip_14_16_r1_cone
 174     -33.98767      96.91564      18.74256       0.00006      -0.36517       0.01232 p2_bpx_aei_ho_14_16_r1_cone
 175      41.09262     -97.59588      29.08076       0.00006      -0.36515       0.01232 p2_bpx_aei_ip_14_16_r1_flat
 176      41.20621      96.82141      29.34540       0.00006      -0.36514       0.01232 p2_bpx_aei_ho_14_16_r1_flat
 177      23.99660     -97.60477      67.38601       0.00007      -0.36479       0.01232 p2_bpx_aei_ip_14_16_r1_grove
 178      24.11029      96.77843      67.65215       0.00007      -0.36479       0.01232 p2_bpx_aei_ho_14_16_r1_grove
 179      35.03341     -97.62300     108.85751       0.00008      -0.36357       0.01232 p2_bpx_aei_ip_14_12_r1_cone
 180      35.14880      96.70360     109.12526       0.00008      -0.36356       0.01232 p2_bpx_aei_ho_14_12_r1_cone
 181     -40.62754     -97.66147     115.36671       0.00008      -0.36326       0.01232 p2_bpx_aei_ip_14_12_r1_grove
 182     -40.50674      96.82223     115.63605       0.00008      -0.36325       0.01232 p2_bpx_aei_ho_14_12_r1_grove
 183     -25.62835     -97.65555     154.54327       0.00010      -0.36058       0.01232 p2_bpx_aei_ip_14_12_r1_flat
 184     -25.50746      96.72255     154.80921       0.00010      -0.36056       0.01232 p2_bpx_aei_ho_14_12_r1_flat
 185      37.30148    -173.02652     194.84834       0.00014      -0.35596       0.01232 p2_baz_aei_14_15_r1_flat
 185      37.30148    -173.02652     194.84834       0.00014      -0.35596       0.01232 p2_baz_aei_14_13_r1_flat
 186     -32.72564    -173.08735     224.24449       0.00018      -0.35113       0.01232 p2_baz_aei_14_15_r1_cone
 186     -32.72564    -173.08735     224.24449       0.00018      -0.35113       0.01232 p2_baz_aei_14_13_r1_cone
 187      42.21746    -173.05738     236.50567       0.00020      -0.34870       0.01232  p2_baz_aei_14_15_r1_grove
 187      42.21746    -173.05738     236.50567       0.00020      -0.34870       0.01232  p2_baz_aei_14_13_r1_grove
 188     -52.23672     -52.27700     282.37724       0.00030      -0.33714       0.01232 p2_srg_aei_14_r1_225deg
 189     -55.52646       0.00084     282.41713       0.00030      -0.33713       0.01232 p2_srg_aei_14_r1_rear
 190      -0.04615     -73.86474     282.44385       0.00030      -0.33711       0.01232 p2_srg_aei_14_r1_270deg
 191     -52.04709      51.61980     282.52244       0.00030      -0.33709       0.01232 p2_srg_aei_14_r1_135deg
 192      52.17955     -52.26049     282.52824       0.00030      -0.33708       0.01232 p2_srg_aei_14_r1_315deg
 193       0.25299      73.03285     282.55261       0.00030      -0.33708       0.01232 p2_srg_aei_14_r1_90deg
 194      52.43834      51.22401     282.57352       0.00030      -0.33707       0.01232 p2_srg_aei_14_r1_45deg
 195      55.45282      -0.00053     282.59722       0.00030      -0.33706       0.01232 p2_srg_aei_14_r1_front
 196     -27.93901     -97.59978     335.90267       0.00046      -0.31797       0.01232 p2_bpx_aei_ip_14_16_r2_cone
 197     -27.96340      96.82712     336.26259       0.00046      -0.31782       0.01232 p2_bpx_aei_ho_14_16_r2_cone
 198      47.34653     -97.54680     345.82003       0.00049      -0.31366       0.01232 p2_bpx_aei_ip_14_16_r2_flat
 199      47.32184      96.77350     346.19055       0.00049      -0.31349       0.01232 p2_bpx_aei_ho_14_16_r2_flat
 200      30.59834     -97.63827     384.28403       0.00065      -0.29449       0.01232 p2_bpx_aei_ip_14_16_r2_grove
 201      30.56174      96.70123     384.65162       0.00065      -0.29428       0.01232 p2_bpx_aei_ho_14_16_r2_grove
 202      46.48637     -97.72573     429.95671       0.00089      -0.26617       0.01232 p2_bpx_aei_ip_14_12_r2_cone
 203      46.43596      96.62817     430.32406       0.00089      -0.26591       0.01232 p2_bpx_aei_ho_14_12_r2_cone
 204     -29.10265     -97.84210     437.14507       0.00093      -0.26113       0.01232 p2_bpx_aei_ip_14_12_r2_grove
 205     -29.14466      96.61890     437.50710       0.00093      -0.26087       0.01232 p2_bpx_aei_ho_14_12_r2_grove
 206     -13.76013     -97.89754     476.18640       0.00118      -0.23068       0.01232 p2_bpx_aei_ip_14_12_r2_flat
 207     -13.81165      96.51436     476.55138       0.00119      -0.23037       0.01232 p2_bpx_aei_ho_14_12_r2_flat
 208      -0.51634     -45.53828     561.01979       0.00189      -0.14523       0.01232 p2_slm_aei_14_surf_r2
 209     -55.77327      -0.15010     747.64025       0.00314       0.03782       0.01232 p2_srg_aei_14_r2_rear
 210      55.29013       0.01403     747.65955       0.00314       0.03783       0.01232 p2_srg_aei_14_r2_front
 211      52.04559     -52.28213     747.68129       0.00314       0.03785       0.01232 p2_srg_aei_14_r2_315deg
 212     -52.36391     -52.40734     747.68224       0.00314       0.03785       0.01232 p2_srg_aei_14_r2_225deg
 213      -0.11908     -73.87379     747.70559       0.00314       0.03786       0.01232 p2_srg_aei_14_r2_270deg
 214     -52.49774      51.33116     747.81921       0.00314       0.03794       0.01232 p2_srg_aei_14_r2_135deg
 215      -0.34427      72.94122     747.84242       0.00314       0.03796       0.01232 p2_srg_aei_14_r2_90deg
 216      51.86496      51.51077     747.88197       0.00314       0.03798       0.01232 p2_srg_aei_14_r2_45deg
 217     193.56293     -32.84540     928.97996       0.00304       0.11320       0.01232 p2_bpl_aei_14_r1_grove
 218     195.89163      40.12293     949.85803       0.00297       0.11673       0.01232 p2_bpl_aei_14_r1_cone
 219     197.95047     -32.87553     970.67565       0.00290       0.11935       0.01232 p2_bpl_aei_14_r1_flat
 220     -47.37020     -97.79843    1034.64110       0.00263       0.12235       0.01232 p2_bpx_aei_ip_14_16_r3_cone
 221     -47.40054      96.74127    1034.90358       0.00263       0.12235       0.01232 p2_bpx_aei_ho_14_16_r3_cone
 222      27.86954     -97.74923    1044.92506       0.00259       0.12218       0.01232 p2_bpx_aei_ip_14_16_r3_flat
 223      27.83360      96.70687    1045.19665       0.00258       0.12218       0.01232 p2_bpx_aei_ho_14_16_r3_flat
 224      10.93328     -97.80533    1083.30644       0.00240       0.12014       0.01232 p2_bpx_aei_ip_14_16_r3_grove
 225      10.89685      96.63967    1083.57277       0.00240       0.12012       0.01232 p2_bpx_aei_ho_14_16_r3_grove
 226      28.84447     -97.82997    1117.98857       0.00223       0.11658       0.01232 p2_bpx_aei_ip_14_12_r3_cone
 227      28.80904      96.59653    1118.25583       0.00223       0.11654       0.01232 p2_bpx_aei_ho_14_12_r3_cone
 228     -46.78762     -97.88642    1124.80947       0.00220       0.11570       0.01232 p2_bpx_aei_ip_14_12_r3_grove
 229     -46.81386      96.61548    1125.07704       0.00220       0.11567       0.01232 p2_bpx_aei_ho_14_12_r3_grove
 230     -31.62334     -97.91382    1163.92448       0.00200       0.10971       0.01232 p2_bpx_aei_ip_14_12_r3_flat
 231     -31.65877      96.53148    1164.19048       0.00200       0.10967       0.01232 p2_bpx_aei_ho_14_12_r3_flat
 232      55.30285      -0.07587    1178.88583       0.00193       0.10703       0.01232 p2_mid_aei_14_front
 233     -44.25116     -97.79915    1367.68781       0.00124       0.06251       0.01232 p2_bpx_aei_ip_14_16_r4_cone
 234     -44.35938      96.74805    1367.97486       0.00124       0.06244       0.01232 p2_bpx_aei_ho_14_16_r4_cone
 235      31.00501     -97.75096    1377.87490       0.00122       0.05992       0.01232 p2_bpx_aei_ip_14_16_r4_flat
 236      30.89580      96.71554    1378.09265       0.00122       0.05987       0.01232 p2_bpx_aei_ho_14_16_r4_flat
 237      14.12110     -97.74371    1416.28054       0.00117       0.05040       0.01232 p2_bpx_aei_ip_14_16_r4_grove
 238      14.04298      96.68249    1416.51011       0.00117       0.05034       0.01232 p2_bpx_aei_ho_14_16_r4_grove
 239      45.55323     -97.73146    1445.33033       0.00117       0.04355       0.01232 p2_bpx_aei_ip_14_12_r4_cone
 240      45.49522      96.68394    1445.52310       0.00117       0.04351       0.01232 p2_bpx_aei_ho_14_12_r4_cone
 241     -30.07456     -97.78762    1452.23917       0.00117       0.04199       0.01232 p2_bpx_aei_ip_14_12_r4_grove
 242     -30.10378      96.69698    1452.50394       0.00117       0.04193       0.01232 p2_bpx_aei_ho_14_12_r4_grove
 243     -14.86144     -97.77056    1491.33523       0.00122       0.03369       0.01232 p2_bpx_aei_ip_14_12_r4_flat
 244     -14.85725      96.64884    1491.59039       0.00123       0.03364       0.01232 p2_bpx_aei_ho_14_12_r4_flat
 245      32.95535    -210.41630    1532.37715       0.00134       0.02627       0.01232 p2_baz_aei_14_13_r2_flat
 245      32.95535    -210.41630    1532.37715       0.00134       0.02627       0.01232 p2_baz_aei_14_12_r2_flat
 246     -42.98137    -210.46976    1532.87496       0.00134       0.02619       0.01232 p2_baz_aei_14_13_r2_cone
 246     -42.98137    -210.46976    1532.87496       0.00134       0.02619       0.01232 p2_baz_aei_14_12_r2_cone
 247      21.63311    -210.37350    1572.76037       0.00152       0.02059       0.01232  p2_baz_aei_14_13_r2_grove
 247      21.63311    -210.37350    1572.76037       0.00152       0.02059       0.01232  p2_baz_aei_14_12_r2_grove
 248     -37.08416     -22.45125    1690.68527       0.00252       0.01651       0.01232 p2_gim_aei_14_surf_r2
 249      52.24005      51.26650    1825.41869       0.00401       0.02757       0.01232 p2_srg_aei_14_r3_45deg
 250       0.16612      73.03844    1825.45896       0.00401       0.02757       0.01232 p2_srg_aei_14_r3_90deg
 251      52.16288     -52.25780    1825.49920       0.00401       0.02757       0.01232 p2_srg_aei_14_r3_315deg
 252      55.46012       0.00266    1825.50668       0.00401       0.02757       0.01232 p2_srg_aei_14_r3_front
 253     -52.10665      51.52488    1825.54551       0.00401       0.02758       0.01232 p2_srg_aei_14_r3_135deg
 254       0.01871     -73.81116    1825.54845       0.00401       0.02758       0.01232 p2_srg_aei_14_r3_270deg
 255     -55.55698      -0.09978    1825.56832       0.00401       0.02758       0.01232 p2_srg_aei_14_r3_rear
 256     -52.18243     -52.33802    1825.58322       0.00401       0.02758       0.01232 p2_srg_aei_14_r3_225deg
 257      29.84357     -97.67333    1894.47112       0.00454       0.03169       0.01232 p2_bpx_aei_ip_14_12_r5_cone
 258      29.91216      96.69207    1894.61004       0.00455       0.03169       0.01232 p2_bpx_aei_ho_14_12_r5_cone
 259     -46.02334     -97.74298    1897.92621       0.00457       0.03186       0.01232 p2_bpx_aei_ip_14_12_r5_grove
 260     -45.95005      96.79382    1898.07222       0.00457       0.03187       0.01232 p2_bpx_aei_ho_14_12_r5_grove
 261     -32.61235     -97.79096    1937.67824       0.00481       0.03374       0.01232 p2_bpx_aei_ip_14_12_r5_flat
 262     -32.52886      96.73104    1937.81841       0.00481       0.03374       0.01232 p2_bpx_aei_ho_14_12_r5_flat
 263     -43.82016     -97.84712    1978.56136       0.00502       0.03534       0.01232 p2_bpx_aei_ip_14_16_r5_cone
 264     -43.72527      96.71378    1978.70009       0.00502       0.03535       0.01232 p2_bpx_aei_ho_14_16_r5_cone
 265      30.89315     -97.83837    1992.17601       0.00508       0.03581       0.01232 p2_bpx_aei_ip_14_16_r5_flat
 266      30.97434      96.61193    1992.30332       0.00509       0.03582       0.01232 p2_bpx_aei_ho_14_16_r5_flat
 267      12.26698     -97.89705    2029.76423       0.00523       0.03694       0.01232 p2_bpx_aei_ip_14_16_r5_grove
 268      12.36367      96.58765    2029.89691       0.00523       0.03695       0.01232 p2_bpx_aei_ho_14_16_r5_grove
 269      44.45393    -210.49321    2055.67113       0.00532       0.03759       0.01232 p2_baz_aei_14_15_r2_cone
 269      44.45393    -210.49321    2055.67113       0.00532       0.03759       0.01232 p2_baz_aei_14_16_r2_cone
 270     -29.44593    -210.48461    2073.14863       0.00537       0.03798       0.01232  p2_baz_aei_14_15_r2_grove
 270     -29.44593    -210.48461    2073.14863       0.00537       0.03798       0.01232  p2_baz_aei_14_16_r2_grove
 271      -8.89603    -210.48346    2109.71870       0.00546       0.03866       0.01232 p2_baz_aei_14_15_r2_flat
 271      -8.89603    -210.48346    2109.71870       0.00546       0.03866       0.01232 p2_baz_aei_14_16_r2_flat
 272     -84.54182     -97.70238    2208.42035       0.00560       0.03975       0.01232 p2_bpx_aei_ip_14_16_r6_cone
 273     -84.48423      96.99502    2208.69996       0.00560       0.03975       0.01232 p2_bpx_aei_ho_14_16_r6_cone
 274      -9.40335     -97.63925    2219.36153       0.00561       0.03981       0.01232 p2_bpx_aei_ip_14_16_r6_flat
 275      -9.39467      96.88455    2219.59964       0.00561       0.03981       0.01232 p2_bpx_aei_ho_14_16_r6_flat
 276      85.25936     -97.64682    2236.54041       0.00562       0.03990       0.01232 p2_bpx_aei_ip_14_12_r6_cone
 277      85.29985      96.80248    2236.69512       0.00562       0.03990       0.01232 p2_bpx_aei_ho_14_12_r6_cone
 278       9.56041     -97.63015    2242.70959       0.00562       0.03993       0.01232 p2_bpx_aei_ip_14_12_r6_grove
 279       9.60800      96.84735    2242.89830       0.00562       0.03993       0.01232 p2_bpx_aei_ho_14_12_r6_grove
 280     -26.66918     -97.64302    2257.59854       0.00563       0.03999       0.01232 p2_bpx_aei_ip_14_16_r6_grove
 281     -26.58989      96.86868    2257.80055       0.00563       0.03999       0.01232 p2_bpx_aei_ho_14_16_r6_grove
 282      24.37994     -97.62731    2281.95669       0.00564       0.04005       0.01232 p2_bpx_aei_ip_14_12_r6_flat
 283      24.40723      96.80099    2282.20110       0.00564       0.04005       0.01232 p2_bpx_aei_ho_14_12_r6_flat
 284    -110.13853     -73.66956    2298.79087       0.00564       0.04008       0.01232 p2_bbi_aei_14_13_flat
 285    -113.84447    -149.46171    2298.89135       0.00564       0.04008       0.01232 p2_bbi_aei_14_13_cone
 286     -70.39917     -87.21364    2300.56754       0.00564       0.04009       0.01232 p2_bbi_aei_14_13_grove
 287     -42.01874     -88.75418    2301.81209       0.00564       0.04009       0.01232 p2_bbi_aei_14_15_grove
 288      -2.33234     -75.31416    2303.50920       0.00564       0.04009       0.01232 p2_bbi_aei_14_15_flat
 289       1.14700    -151.21110    2303.92487       0.00565       0.04009       0.01232 p2_bbi_aei_14_15_cone
 290     484.25133    -107.46117    2319.16701       0.00565       0.04011       0.01232 p2_bpl_aei_14_r2_grove
 291    -506.42808     -95.92137    2335.42871       0.00565       0.04012       0.01232 p2_bbe_aei_14_13_flat
 292    -484.85330     -23.10953    2335.79007       0.00565       0.04012       0.01232 p2_bbe_aei_14_13_cone
 293    -464.52605     -96.26097    2337.23200       0.00565       0.04012       0.01232 p2_bbe_aei_14_13_grove
 294     449.07698    -115.18771    2340.63636       0.00565       0.04012       0.01232 p2_bpl_aei_14_r2_flat
 295     468.35250     -43.61106    2357.08934       0.00565       0.04013       0.01232 p2_bpl_aei_14_r2_cone
 296     325.62711     -97.05331    2372.81733       0.00565       0.04013       0.01232 p2_bbe_aei_14_15_flat
 297     346.16519     -23.94696    2373.28274       0.00565       0.04013       0.01232 p2_bbe_aei_14_15_cone
 298     367.53003     -96.79892    2374.79171       0.00565       0.04013       0.01232 p2_bbe_aei_14_15_grove
 299       0.00360       0.00236     580.80000       0.00000       0.00000       0.00000 p3_aei_14_par_1
 300       0.18335       0.00529    1710.90000      26.08587       0.00000       0.00000 p3_aei_14_par_2
 301       0.26660       0.00482    2382.00000    -794.16226       0.39566       0.00088 p3_aei_14_par_3
 302      -0.00130       0.00172       0.00008       0.00005      -0.01770      -0.00777 p3_aei_14
 303     -15.00598       0.00070      66.10052       0.00222      -0.02970    3141.58493 p3_irm_aei_14_s1_fixed
 304      14.80338      -0.00180    2291.90864      -0.00775       0.46174      -0.00777 p3_irm_aei_14_s2_fixed
 305      14.99402       0.00094      66.09963       0.00222      -0.02970    3141.58493 p3_irm_aei_14_l1_fixed
 306     -15.19662      -0.00204    2291.89479      -0.00775       0.46174      -0.00777 p3_irm_aei_14_l2_fixed
 307     -14.99389       0.00152     478.00021       0.00140      -0.02845      -0.00777 p3_irl_aei_14_s1
 308      14.98037       0.00115    1880.00521      -0.00582       0.35499      -0.00777 p3_irl_aei_14_s2
 309      15.02382       0.00193     950.49838       0.00019      -0.06026      -0.00777 p3_irl_aei_14_l1
 310     -14.94868       0.00197    1407.49946       0.00048      -0.02106      -0.00777 p3_irl_aei_14_l2
 311     -14.97673       0.00169     941.20018       0.00017      -0.05923      -0.00777 p3_irc_aei_14_s1
 312      15.05149       0.00220    1416.79889       0.00044      -0.01723      -0.00777 p3_irc_aei_14_s2
 313      15.05110       0.00220    1398.19877       0.00052      -0.02472      -0.00777 p3_irc_aei_14_l1
 314     -14.97561       0.00170     959.80020       0.00021      -0.06126      -0.00777 p3_irc_aei_14_l2
 315      -0.00794       0.00067       0.00008       0.00222      -0.02970      -0.00777 p3_irt_aei_14_r1
 316       0.00378       0.00151     396.99986       0.00175      -0.02898      -0.00777 p3_irt_aei_14_r2
 317       0.01585       0.00180     793.99944      -0.00000      -0.04147      -0.00777 p3_irt_aei_14_r3
 318       0.04024       0.00193    1190.99914       0.00074      -0.06917      -0.00777 p3_irt_aei_14_r4
 319       0.04652       0.00205    1587.99929      -0.00106       0.08636      -0.00777 p3_irt_aei_14_r5
 320      -0.05998       0.00036    1985.00023      -0.00680       0.40926      -0.00777 p3_irt_aei_14_r6
 321      -0.23826      -0.00262    2382.00230      -0.00776       0.46236      -0.00777 p3_irt_aei_14_r7
 322     -34.10173     -97.61425      18.47691       0.00222      -0.02970      -0.00777 p3_bpx_aei_ip_14_16_r1_cone
 323     -33.99184      96.91715      18.74288       0.00222      -0.02970      -0.00777 p3_bpx_aei_ho_14_16_r1_cone
 324      41.09148     -97.60054      29.07988       0.00222      -0.02970      -0.00777 p3_bpx_aei_ip_14_16_r1_flat
 325      41.20358      96.82246      29.34514       0.00222      -0.02970      -0.00777 p3_bpx_aei_ho_14_16_r1_flat
 326      23.99602     -97.60809      67.38648       0.00222      -0.02970      -0.00777 p3_bpx_aei_ip_14_16_r1_grove
 327      24.10662      96.77781      67.64934       0.00222      -0.02970      -0.00777 p3_bpx_aei_ho_14_16_r1_grove
 328      35.03535     -97.62111     108.85584       0.00221      -0.02969      -0.00777 p3_bpx_aei_ip_14_12_r1_cone
 329      35.14645      96.69979     109.12390       0.00221      -0.02969      -0.00777 p3_bpx_aei_ho_14_12_r1_cone
 330     -40.62796     -97.66259     115.36658       0.00221      -0.02969      -0.00777 p3_bpx_aei_ip_14_12_r1_grove
 331     -40.50776      96.82102     115.63525       0.00221      -0.02968      -0.00777 p3_bpx_aei_ho_14_12_r1_grove
 332     -25.62419     -97.65218     154.54402       0.00219      -0.02966      -0.00777 p3_bpx_aei_ip_14_12_r1_flat
 333     -25.50740      96.72552     154.80899       0.00219      -0.02966      -0.00777 p3_bpx_aei_ho_14_12_r1_flat
 334      37.30289    -173.02341     194.85039       0.00216      -0.02962      -0.00777 p3_baz_aei_14_15_r1_flat
 334      37.30289    -173.02341     194.85039       0.00216      -0.02962      -0.00777 p3_baz_aei_14_13_r1_flat
 335     -32.72294    -173.08769     224.24524       0.00214      -0.02957      -0.00777 p3_baz_aei_14_15_r1_cone
 335     -32.72294    -173.08769     224.24524       0.00214      -0.02957      -0.00777 p3_baz_aei_14_13_r1_cone
 336      42.22202    -173.05388     236.50571       0.00212      -0.02955      -0.00777  p3_baz_aei_14_15_r1_grove
 336      42.22202    -173.05388     236.50571       0.00212      -0.02955      -0.00777  p3_baz_aei_14_13_r1_grove
 337     -52.23437     -52.27312     282.37761       0.00205      -0.02944      -0.00777 p3_srg_aei_14_r1_225deg
 338     -55.52917       0.00086     282.41620       0.00205      -0.02944      -0.00777 p3_srg_aei_14_r1_rear
 339      -0.04450     -73.86551     282.44561       0.00205      -0.02944      -0.00777 p3_srg_aei_14_r1_270deg
 340     -52.04397      51.61638     282.52239       0.00205      -0.02944      -0.00777 p3_srg_aei_14_r1_135deg
 341      52.18104     -52.25671     282.53053       0.00205      -0.02944      -0.00777 p3_srg_aei_14_r1_315deg
 342       0.25507      73.03469     282.55100       0.00205      -0.02944      -0.00777 p3_srg_aei_14_r1_90deg
 343      52.44054      51.22400     282.57321       0.00205      -0.02944      -0.00777 p3_srg_aei_14_r1_45deg
 344      55.45694       0.00172     282.59833       0.00205      -0.02944      -0.00777 p3_srg_aei_14_r1_front
 345     -27.93384     -97.60272     335.89852       0.00194      -0.02927      -0.00777 p3_bpx_aei_ip_14_16_r2_cone
 346     -27.96124      96.82268     336.26245       0.00193      -0.02927      -0.00777 p3_bpx_aei_ho_14_16_r2_cone
 347      47.35025     -97.54442     345.82171       0.00191      -0.02923      -0.00777 p3_bpx_aei_ip_14_16_r2_flat
 348      47.32225      96.77168     346.19424       0.00191      -0.02923      -0.00777 p3_bpx_aei_ho_14_16_r2_flat
 349      30.60067     -97.63868     384.28076       0.00179      -0.02905      -0.00777 p3_bpx_aei_ip_14_16_r2_grove
 350      30.56007      96.70202     384.65341       0.00179      -0.02905      -0.00777 p3_bpx_aei_ho_14_16_r2_grove
 351      46.48709     -97.72707     429.95645       0.00162      -0.02879      -0.00777 p3_bpx_aei_ip_14_12_r2_cone
 352      46.43619      96.62483     430.32654       0.00162      -0.02879      -0.00777 p3_bpx_aei_ho_14_12_r2_cone
 353     -29.10350     -97.83635     437.14262       0.00159      -0.02874      -0.00777 p3_bpx_aei_ip_14_12_r2_grove
 354     -29.14460      96.61915     437.50751       0.00159      -0.02874      -0.00777 p3_bpx_aei_ho_14_12_r2_grove
 355     -13.76038     -97.89527     476.18491       0.00141      -0.02846      -0.00777 p3_bpx_aei_ip_14_12_r2_flat
 356     -13.81268      96.51353     476.55294       0.00141      -0.02846      -0.00777 p3_bpx_aei_ho_14_12_r2_flat
 357      -0.57611     -45.53697     561.01825       0.00089      -0.02768      -0.00777 p3_slm_aei_14_surf_r2
 358     -55.77635      -0.14873     747.64432       0.00003      -0.03637      -0.00777 p3_srg_aei_14_r2_rear
 359      55.28305       0.01593     747.65828       0.00003      -0.03637      -0.00777 p3_srg_aei_14_r2_front
 360     -52.36915     -52.40601     747.68319       0.00003      -0.03637      -0.00777 p3_srg_aei_14_r2_225deg
 361      52.03925     -52.28040     747.68100       0.00003      -0.03637      -0.00777 p3_srg_aei_14_r2_315deg
 362      -0.12628     -73.87230     747.70539       0.00003      -0.03637      -0.00777 p3_srg_aei_14_r2_270deg
 363     -52.50335      51.33089     747.82060       0.00003      -0.03639      -0.00777 p3_srg_aei_14_r2_135deg
 364      -0.34981      72.94230     747.84120       0.00003      -0.03639      -0.00777 p3_srg_aei_14_r2_90deg
 365      51.85895      51.50990     747.88120       0.00003      -0.03639      -0.00777 p3_srg_aei_14_r2_45deg
 366     193.56251     -32.84429     928.97811       0.00014      -0.05784      -0.00777 p3_bpl_aei_14_r1_grove
 367     195.88707      40.12063     949.85529       0.00019      -0.06019      -0.00777 p3_bpl_aei_14_r1_cone
 368     197.94141     -32.87725     970.67253       0.00024      -0.06240      -0.00777 p3_bpl_aei_14_r1_flat
 369     -47.36980     -97.79213    1034.64278       0.00040      -0.06798      -0.00777 p3_bpx_aei_ip_14_16_r3_cone
 370     -47.40109      96.74027    1034.90670       0.00040      -0.06799      -0.00777 p3_bpx_aei_ho_14_16_r3_cone
 371      27.86800     -97.74754    1044.92514       0.00043      -0.06866      -0.00777 p3_bpx_aei_ip_14_16_r3_flat
 372      27.83171      96.70336    1045.19696       0.00043      -0.06868      -0.00777 p3_bpx_aei_ho_14_16_r3_flat
 373      10.93318     -97.80456    1083.30717       0.00053      -0.07059      -0.00777 p3_bpx_aei_ip_14_16_r3_grove
 374      10.89769      96.63734    1083.57407       0.00053      -0.07060      -0.00777 p3_bpx_aei_ho_14_16_r3_grove
 375      28.84604     -97.83170    1117.98897       0.00061      -0.07133      -0.00777 p3_bpx_aei_ip_14_12_r3_cone
 376      28.80925      96.59700    1118.25606       0.00061      -0.07134      -0.00777 p3_bpx_aei_ho_14_12_r3_cone
 377     -46.78727     -97.88668    1124.81037       0.00063      -0.07136      -0.00777 p3_bpx_aei_ip_14_12_r3_grove
 378     -46.81176      96.61542    1125.07835       0.00063      -0.07136      -0.00777 p3_bpx_aei_ho_14_12_r3_grove
 379     -31.62149     -97.91434    1163.92465       0.00070      -0.07062      -0.00777 p3_bpx_aei_ip_14_12_r3_flat
 380     -31.65938      96.53096    1164.19152       0.00070      -0.07061      -0.00777 p3_bpx_aei_ho_14_12_r3_flat
 381      55.30550      -0.07755    1178.88518       0.00073      -0.06992      -0.00777 p3_mid_aei_14_front
 382     -44.24936     -97.79488    1367.68677       0.00063      -0.03561      -0.00777 p3_bpx_aei_ip_14_16_r4_cone
 383     -44.35896      96.74722    1367.97715       0.00063      -0.03552      -0.00777 p3_bpx_aei_ho_14_16_r4_cone
 384      31.00628     -97.75069    1377.87419       0.00060      -0.03217      -0.00777 p3_bpx_aei_ip_14_16_r4_flat
 385      30.89428      96.71571    1378.09468       0.00060      -0.03209      -0.00777 p3_bpx_aei_ho_14_16_r4_flat
 386      14.12304     -97.74120    1416.28014       0.00044      -0.01745      -0.00777 p3_bpx_aei_ip_14_16_r4_grove
 387      14.04644      96.68070    1416.51036       0.00044      -0.01735      -0.00777 p3_bpx_aei_ho_14_16_r4_grove
 388      45.55417     -97.73045    1445.33119       0.00028      -0.00442      -0.00777 p3_bpx_aei_ip_14_12_r4_cone
 389      45.49616      96.68335    1445.52504       0.00028      -0.00433      -0.00777 p3_bpx_aei_ho_14_12_r4_cone
 390     -30.07392     -97.78863    1452.23682       0.00024      -0.00107      -0.00777 p3_bpx_aei_ip_14_12_r4_grove
 391     -30.10143      96.69597    1452.50687       0.00024      -0.00094      -0.00777 p3_bpx_aei_ho_14_12_r4_grove
 392     -14.86337     -97.77031    1491.33179      -0.00004       0.01980      -0.00777 p3_bpx_aei_ip_14_12_r4_flat
 393     -14.85849      96.64749    1491.59040      -0.00005       0.01995      -0.00777 p3_bpx_aei_ho_14_12_r4_flat
 394      32.95518    -210.41535    1532.37653      -0.00042       0.04535      -0.00777 p3_baz_aei_14_13_r2_flat
 394      32.95518    -210.41535    1532.37653      -0.00042       0.04535      -0.00777 p3_baz_aei_14_12_r2_flat
 395     -42.98034    -210.46964    1532.87568      -0.00042       0.04568      -0.00777 p3_baz_aei_14_13_r2_cone
 395     -42.98034    -210.46964    1532.87568      -0.00042       0.04568      -0.00777 p3_baz_aei_14_12_r2_cone
 396      21.63308    -210.37276    1572.76319      -0.00087       0.07436      -0.00777  p3_baz_aei_14_13_r2_grove
 396      21.63308    -210.37276    1572.76319      -0.00087       0.07436      -0.00777  p3_baz_aei_14_12_r2_grove
 397     -37.05821     -22.45362    1690.68379      -0.00271       0.18327      -0.00777 p3_gim_aei_14_surf_r2
 398      52.23912      51.26533    1825.41931      -0.00511       0.31601      -0.00777 p3_srg_aei_14_r3_45deg
 399       0.16544      73.03873    1825.45746      -0.00511       0.31606      -0.00777 p3_srg_aei_14_r3_90deg
 400      52.16060     -52.25717    1825.49786      -0.00511       0.31608      -0.00777 p3_srg_aei_14_r3_315deg
 401      55.45520       0.00176    1825.50587      -0.00511       0.31608      -0.00777 p3_srg_aei_14_r3_front
 402       0.01525     -73.80897    1825.54817      -0.00511       0.31613      -0.00777 p3_srg_aei_14_r3_270deg
 403     -52.10783      51.51972    1825.54463      -0.00511       0.31614      -0.00777 p3_srg_aei_14_r3_135deg
 404     -55.56033      -0.09890    1825.56747      -0.00511       0.31616      -0.00777 p3_srg_aei_14_r3_rear
 405     -52.18493     -52.33778    1825.58287      -0.00511       0.31617      -0.00777 p3_srg_aei_14_r3_225deg
 406      29.84013     -97.67352    1894.46952      -0.00598       0.36401      -0.00777 p3_bpx_aei_ip_14_12_r5_cone
 407      29.91237      96.68728    1894.60461      -0.00598       0.36409      -0.00777 p3_bpx_aei_ho_14_12_r5_cone
 408     -46.02634     -97.74343    1897.92531      -0.00602       0.36610      -0.00777 p3_bpx_aei_ip_14_12_r5_grove
 409     -45.95021      96.79047    1898.07551      -0.00602       0.36619      -0.00777 p3_bpx_aei_ho_14_12_r5_grove
 410     -32.61264     -97.78888    1937.67851      -0.00641       0.38792      -0.00777 p3_bpx_aei_ip_14_12_r5_flat
 411     -32.52850      96.73352    1937.81719      -0.00641       0.38799      -0.00777 p3_bpx_aei_ho_14_12_r5_flat
 412     -43.82040     -97.84683    1978.55985      -0.00675       0.40664      -0.00777 p3_bpx_aei_ip_14_16_r5_cone
 413     -43.72706      96.71337    1978.70080      -0.00675       0.40670      -0.00777 p3_bpx_aei_ho_14_16_r5_cone
 414      30.89234     -97.83754    1992.17605      -0.00685       0.41208      -0.00777 p3_bpx_aei_ip_14_16_r5_flat
 415      30.97148      96.61556    1992.30611      -0.00685       0.41213      -0.00777 p3_bpx_aei_ho_14_16_r5_flat
 416      12.26559     -97.89655    2029.76656      -0.00709       0.42527      -0.00777 p3_bpx_aei_ip_14_16_r5_grove
 417      12.36153      96.58805    2029.89608      -0.00709       0.42531      -0.00777 p3_bpx_aei_ho_14_16_r5_grove
 418      44.45266    -210.49429    2055.66877      -0.00722       0.43286      -0.00777 p3_baz_aei_14_15_r2_cone
 418      44.45266    -210.49429    2055.66877      -0.00722       0.43286      -0.00777 p3_baz_aei_14_16_r2_cone
 419     -29.44646    -210.48309    2073.14931      -0.00730       0.43736      -0.00777  p3_baz_aei_14_15_r2_grove
 419     -29.44646    -210.48309    2073.14931      -0.00730       0.43736      -0.00777  p3_baz_aei_14_16_r2_grove
 420      -8.89660    -210.48040    2109.71747      -0.00745       0.44523      -0.00777 p3_baz_aei_14_15_r2_flat
 420      -8.89660    -210.48040    2109.71747      -0.00745       0.44523      -0.00777 p3_baz_aei_14_16_r2_flat
 421     -84.54156     -97.70553    2208.41874      -0.00768       0.45793      -0.00777 p3_bpx_aei_ip_14_16_r6_cone
 422     -84.48610      96.99017    2208.69897      -0.00768       0.45795      -0.00777 p3_bpx_aei_ho_14_16_r6_cone
 423      -9.40246     -97.62873    2219.36371      -0.00769       0.45871      -0.00777 p3_bpx_aei_ip_14_16_r6_flat
 424      -9.39258      96.87847    2219.60041      -0.00769       0.45873      -0.00777 p3_bpx_aei_ho_14_16_r6_flat
 425      85.25957     -97.64953    2236.54101      -0.00771       0.45975      -0.00777 p3_bpx_aei_ip_14_12_r6_cone
 426      85.30139      96.79907    2236.69413      -0.00771       0.45976      -0.00777 p3_bpx_aei_ho_14_12_r6_cone
 427       9.56262     -97.63097    2242.71075      -0.00772       0.46007      -0.00777 p3_bpx_aei_ip_14_12_r6_grove
 428       9.60572      96.84983    2242.89947      -0.00772       0.46008      -0.00777 p3_bpx_aei_ho_14_12_r6_grove
 429     -26.66874     -97.64536    2257.59835      -0.00773       0.46073      -0.00777 p3_bpx_aei_ip_14_16_r6_grove
 430     -26.58814      96.86534    2257.79829      -0.00773       0.46074      -0.00777 p3_bpx_aei_ho_14_16_r6_grove
 431      24.37754     -97.63345    2281.95064      -0.00774       0.46151      -0.00777 p3_bpx_aei_ip_14_12_r6_flat
 432      24.40911      96.80154    2282.20266      -0.00774       0.46152      -0.00777 p3_bpx_aei_ho_14_12_r6_flat
 433    -110.13795     -73.66683    2298.78921      -0.00775       0.46187      -0.00777 p3_bbi_aei_14_13_flat
 434    -113.84561    -149.45926    2298.88771      -0.00775       0.46187      -0.00777 p3_bbi_aei_14_13_cone
 435     -70.40256     -87.21193    2300.57197      -0.00775       0.46190      -0.00777 p3_bbi_aei_14_13_grove
 436     -42.01741     -88.75432    2301.80547      -0.00775       0.46192      -0.00777 p3_bbi_aei_14_15_grove
 437      -2.33169     -75.31333    2303.50852      -0.00775       0.46195      -0.00777 p3_bbi_aei_14_15_flat
 438       1.14820    -151.21100    2303.92474      -0.00775       0.46196      -0.00777 p3_bbi_aei_14_15_cone
 439     484.25063    -107.46167    2319.16844      -0.00775       0.46215      -0.00777 p3_bpl_aei_14_r2_grove
 440    -506.42600     -95.91749    2335.43174      -0.00776       0.46228      -0.00777 p3_bbe_aei_14_13_flat
 441    -484.85103     -23.10793    2335.79097      -0.00776       0.46228      -0.00777 p3_bbe_aei_14_13_cone
 442    -464.52392     -96.26118    2337.23321      -0.00776       0.46229      -0.00777 p3_bbe_aei_14_13_grove
 443     449.07746    -115.18861    2340.63693      -0.00776       0.46230      -0.00777 p3_bpl_aei_14_r2_flat
 444     468.35330     -43.61018    2357.09274      -0.00776       0.46235      -0.00777 p3_bpl_aei_14_r2_cone
 445     325.62771     -97.05112    2372.81645      -0.00776       0.46236      -0.00777 p3_bbe_aei_14_15_flat
 446     346.16503     -23.94656    2373.28221      -0.00776       0.46236      -0.00777 p3_bbe_aei_14_15_cone
 447     367.53000     -96.79901    2374.79574      -0.00776       0.46236      -0.00777 p3_bbe_aei_14_15_grove
 448      -0.26428       0.04724     580.80000       0.00000       0.00000       0.00000 p4_aei_14_par_1
 449      -0.27362       0.07146    1710.90000      26.08587       0.00000       0.00000 p4_aei_14_par_2
 450      -0.55956       0.02081    2382.00000   -5491.06118      -0.17590       0.00314 p4_aei_14_par_3
 451      -0.17774       0.00947      -0.01974      -0.00291      -0.04228       0.01528 p4_aei_14
 452     -14.87740       0.00268      66.07143       0.01862       0.58205   -3141.57733 p4_irm_aei_14_s1_fixed
 453      15.57899       0.00574    2291.85593      -0.00320      -1.33208       0.01528 p4_irm_aei_14_s2_fixed
 454      15.12260       0.00223      66.08889       0.01862       0.58205   -3141.57733 p4_irm_aei_14_l1_fixed
 455     -14.42100       0.00620    2291.89589      -0.00320      -1.33208       0.01528 p4_irm_aei_14_l2_fixed
 456     -15.10627       0.00841     477.97110       0.00224       0.49041       0.01527 p4_irl_aei_14_s1
 457      15.05802       0.00603    1879.95588       0.00514      -1.10803       0.01527 p4_irl_aei_14_s2
 458      14.74146      -0.00094     950.47776      -0.02206       0.16645       0.01528 p4_irl_aei_14_l1
 459     -15.25413      -0.00163    1407.47629       0.01736      -0.23970       0.01527 p4_irl_aei_14_l2
 460     -15.25697      -0.00027     941.17274      -0.02261       0.17225       0.01528 p4_irc_aei_14_s1
 461      14.74816      -0.00193    1416.76887       0.01795      -0.25222       0.01527 p4_irc_aei_14_s2
 462      14.74370      -0.00225    1398.16932       0.01674      -0.22741       0.01527 p4_irc_aei_14_l1
 463     -15.26006      -0.00068     959.77279      -0.02149       0.16062       0.01528 p4_irc_aei_14_l2
 464       0.16108       0.00122      -0.01975       0.01867       0.58230       0.01527 p4_irt_aei_14_r1
 465      -0.06486       0.00770     396.97892       0.00926       0.52965       0.01527 p4_irt_aei_14_r2
 466      -0.22493       0.00324     793.97635      -0.02666       0.26335       0.01528 p4_irt_aei_14_r3
 467      -0.27893      -0.00372    1190.97373      -0.00144      -0.00640       0.01527 p4_irt_aei_14_r4
 468      -0.18622       0.00197    1587.97222       0.02280      -0.53026       0.01527 p4_irt_aei_14_r5
 469       0.18081       0.00656    1984.97300       0.00090      -1.22192       0.01527 p4_irt_aei_14_r6
 470       0.69911       0.00568    2381.97724      -0.00325      -1.33338       0.01528 p4_irt_aei_14_r7
 471     -34.10218     -97.62781      18.46551       0.01867       0.58229       0.01527 p4_bpx_aei_ip_14_16_r1_cone
 472     -33.99418      96.90739      18.75764       0.01867       0.58229       0.01527 p4_bpx_aei_ho_14_16_r1_cone
 473      41.09227     -97.60646      29.06928       0.01866       0.58227       0.01527 p4_bpx_aei_ip_14_16_r1_flat
 474      41.20417      96.81494      29.36122       0.01866       0.58227       0.01527 p4_bpx_aei_ho_14_16_r1_flat
 475      23.99426     -97.61499      67.37637       0.01862       0.58204       0.01527 p4_bpx_aei_ip_14_16_r1_grove
 476      24.10556      96.77002      67.66792       0.01862       0.58203       0.01527 p4_bpx_aei_ho_14_16_r1_grove
 477      35.03324     -97.62779     108.84788       0.01847       0.58121       0.01527 p4_bpx_aei_ip_14_12_r1_cone
 478      35.14814      96.70242     109.14016       0.01847       0.58120       0.01527 p4_bpx_aei_ho_14_12_r1_cone
 479     -40.62197     -97.66911     115.35490       0.01844       0.58100       0.01527 p4_bpx_aei_ip_14_12_r1_grove
 480     -40.50967      96.82139     115.64908       0.01843       0.58099       0.01527 p4_bpx_aei_ho_14_12_r1_grove
 481     -25.62309     -97.66092     154.53254       0.01811       0.57919       0.01527 p4_bpx_aei_ip_14_12_r1_flat
 482     -25.50979      96.72238     154.82178       0.01811       0.57917       0.01527 p4_bpx_aei_ho_14_12_r1_flat
 483      37.30530    -173.02566     194.83772       0.01755       0.57607       0.01527 p4_baz_aei_14_15_r1_flat
 483      37.30530    -173.02566     194.83772       0.01755       0.57607       0.01527 p4_baz_aei_14_13_r1_flat
 484     -32.72032    -173.09319     224.23480       0.01697       0.57280       0.01527 p4_baz_aei_14_15_r1_cone
 484     -32.72032    -173.09319     224.23480       0.01697       0.57280       0.01527 p4_baz_aei_14_13_r1_cone
 485      42.22020    -173.05443     236.49276       0.01668       0.57117       0.01527  p4_baz_aei_14_15_r1_grove
 485      42.22020    -173.05443     236.49276       0.01668       0.57117       0.01527  p4_baz_aei_14_13_r1_grove
 486     -52.23163     -52.27385     282.37286       0.01528       0.56334       0.01527 p4_srg_aei_14_r1_225deg
 487      -0.04188     -73.86194     282.44379       0.01528       0.56334       0.01527 p4_srg_aei_14_r1_270deg
 488     -55.52536       0.00710     282.41460       0.01528       0.56333       0.01527 p4_srg_aei_14_r1_rear
 489      52.18242     -52.25364     282.52378       0.01528       0.56332       0.01527 p4_srg_aei_14_r1_315deg
 490      52.44107      51.22856     282.58774       0.01527       0.56331       0.01527 p4_srg_aei_14_r1_45deg
 491     -52.04713      51.62145     282.53527       0.01527       0.56331       0.01527 p4_srg_aei_14_r1_135deg
 492       0.25239      73.03785     282.56461       0.01527       0.56331       0.01527 p4_srg_aei_14_r1_90deg
 493      55.45437       0.00541     282.61072       0.01527       0.56331       0.01527 p4_srg_aei_14_r1_front
 494     -27.92983     -97.60516     335.88354       0.01297       0.55041       0.01527 p4_bpx_aei_ip_14_16_r2_cone
 495     -27.96618      96.82925     336.27201       0.01295       0.55029       0.01527 p4_bpx_aei_ho_14_16_r2_cone
 496      47.35164     -97.54038     345.81374       0.01245       0.54751       0.01527 p4_bpx_aei_ip_14_16_r2_flat
 497      47.32139      96.78252     346.20770       0.01243       0.54739       0.01527 p4_bpx_aei_ho_14_16_r2_flat
 498      30.60042     -97.63279     384.27186       0.01013       0.53456       0.01527 p4_bpx_aei_ip_14_16_r2_grove
 499      30.55748      96.70391     384.66407       0.01011       0.53441       0.01527 p4_bpx_aei_ho_14_16_r2_grove
 500      46.48723     -97.72245     429.94480       0.00671       0.51543       0.01527 p4_bpx_aei_ip_14_12_r2_cone
 501      46.43509      96.63555     430.33786       0.00668       0.51525       0.01527 p4_bpx_aei_ho_14_12_r2_cone
 502     -29.10119     -97.83755     437.13044       0.00610       0.51201       0.01527 p4_bpx_aei_ip_14_12_r2_grove
 503     -29.14882      96.62286     437.51933       0.00607       0.51182       0.01527 p4_bpx_aei_ho_14_12_r2_grove
 504     -13.75808     -97.89351     476.17500       0.00243       0.49144       0.01527 p4_bpx_aei_ip_14_12_r2_flat
 505     -13.81451      96.51859     476.56320       0.00239       0.49122       0.01527 p4_bpx_aei_ho_14_12_r2_flat
 506      -0.73176     -45.52972     561.01603      -0.00789       0.43373       0.01528 p4_slm_aei_14_surf_r2
 507      55.28086       0.01591     747.66146      -0.02574       0.29330       0.01528 p4_srg_aei_14_r2_front
 508      52.04316     -52.28064     747.66656      -0.02574       0.29330       0.01528 p4_srg_aei_14_r2_315deg
 509     -55.77724      -0.14989     747.63648      -0.02574       0.29330       0.01528 p4_srg_aei_14_r2_rear
 510     -52.36665     -52.40534     747.67173      -0.02574       0.29327       0.01528 p4_srg_aei_14_r2_225deg
 511      -0.12768     -73.87504     747.69500      -0.02574       0.29327       0.01528 p4_srg_aei_14_r2_270deg
 512     -52.51341      51.33565     747.83007      -0.02575       0.29317       0.01528 p4_srg_aei_14_r2_135deg
 513      -0.36948      72.94886     747.84821      -0.02575       0.29317       0.01528 p4_srg_aei_14_r2_90deg
 514      51.85858      51.51826     747.89437      -0.02575       0.29315       0.01528 p4_srg_aei_14_r2_45deg
 515     193.56408     -32.83468     928.98480      -0.02328       0.17984       0.01528 p4_bpl_aei_14_r1_grove
 516     195.88658      40.13051     949.86698      -0.02210       0.16685       0.01528 p4_bpl_aei_14_r1_cone
 517     197.94993     -32.86387     970.67372      -0.02078       0.15375       0.01528 p4_bpl_aei_14_r1_flat
 518     -47.36518     -97.80130    1034.62845      -0.01599       0.11202       0.01528 p4_bpx_aei_ip_14_16_r3_cone
 519     -47.40994      96.73599    1034.91856      -0.01597       0.11183       0.01528 p4_bpx_aei_ho_14_16_r3_cone
 520      27.87210     -97.74881    1044.91360      -0.01513       0.10505       0.01528 p4_bpx_aei_ip_14_16_r3_flat
 521      27.82634      96.70418    1045.20943      -0.01511       0.10485       0.01528 p4_bpx_aei_ho_14_16_r3_flat
 522      10.93858     -97.80887    1083.29671      -0.01176       0.07818       0.01528 p4_bpx_aei_ip_14_16_r3_grove
 523      10.89043      96.63623    1083.58648      -0.01173       0.07797       0.01528 p4_bpx_aei_ho_14_16_r3_grove
 524      28.84761     -97.83430    1117.97946      -0.00853       0.05258       0.01528 p4_bpx_aei_ip_14_12_r3_cone
 525      28.80076      96.59770    1118.26740      -0.00851       0.05236       0.01528 p4_bpx_aei_ho_14_12_r3_cone
 526     -46.78283     -97.88760    1124.79574      -0.00788       0.04738       0.01528 p4_bpx_aei_ip_14_12_r3_grove
 527     -46.82308      96.61650    1125.09128      -0.00785       0.04715       0.01528 p4_bpx_aei_ho_14_12_r3_grove
 528     -31.61779     -97.91536    1163.91347      -0.00409       0.01635       0.01528 p4_bpx_aei_ip_14_12_r3_flat
 529     -31.66652      96.53214    1164.20357      -0.00407       0.01612       0.01528 p4_bpx_aei_ho_14_12_r3_flat
 530      55.30106      -0.07324    1178.89141      -0.00263       0.00390       0.01528 p4_mid_aei_14_front
 531     -44.24094     -97.80223    1367.66957       0.01455      -0.18872       0.01527 p4_bpx_aei_ip_14_16_r4_cone
 532     -44.36161      96.74708    1367.98748       0.01458      -0.18911       0.01527 p4_bpx_aei_ho_14_16_r4_cone
 533      31.01325     -97.74613    1377.86781       0.01531      -0.20140       0.01527 p4_bpx_aei_ip_14_16_r4_flat
 534      30.89207      96.71308    1378.10714       0.01533      -0.20170       0.01527 p4_bpx_aei_ho_14_16_r4_flat
 535      14.12714     -97.74873    1416.26889       0.01792      -0.25154       0.01527 p4_bpx_aei_ip_14_16_r4_grove
 536      14.04047      96.67998    1416.52103       0.01793      -0.25189       0.01527 p4_bpx_aei_ho_14_16_r4_grove
 537      45.56013     -97.73416    1445.31639       0.01958      -0.29220       0.01527 p4_bpx_aei_ip_14_12_r4_cone
 538      45.49217      96.68144    1445.53178       0.01959      -0.29252       0.01527 p4_bpx_aei_ho_14_12_r4_cone
 539     -30.06882     -97.79067    1452.22790       0.01994      -0.30220       0.01527 p4_bpx_aei_ip_14_12_r4_grove
 540     -30.10976      96.69034    1452.52095       0.01995      -0.30264       0.01527 p4_bpx_aei_ho_14_12_r4_grove
 541     -14.85396     -97.77609    1491.32582       0.02160      -0.36169       0.01527 p4_bpx_aei_ip_14_12_r4_flat
 542     -14.85979      96.64182    1491.60043       0.02161      -0.36213       0.01527 p4_bpx_aei_ho_14_12_r4_flat
 543      32.96104    -210.41991    1532.36894       0.02266      -0.42939       0.01527 p4_baz_aei_14_13_r2_flat
 543      32.96104    -210.41991    1532.36894       0.02266      -0.42939       0.01527 p4_baz_aei_14_12_r2_flat
 544     -42.97146    -210.48024    1532.86008       0.02266      -0.43018       0.01527 p4_baz_aei_14_13_r2_cone
 544     -42.97146    -210.48024    1532.86008       0.02266      -0.43018       0.01527 p4_baz_aei_14_12_r2_cone
 545      21.63982    -210.38001    1572.75071       0.02292      -0.50156       0.01527  p4_baz_aei_14_13_r2_grove
 545      21.63982    -210.38001    1572.75071       0.02292      -0.50156       0.01527  p4_baz_aei_14_12_r2_grove
 546     -37.21583     -22.44929    1690.68098       0.01845      -0.74719       0.01527 p4_gim_aei_14_surf_r2
 547       0.09440      73.05020    1825.46764       0.00817      -1.02637       0.01527 p4_srg_aei_14_r3_90deg
 548      52.23168      51.26780    1825.43270       0.00817      -1.02640       0.01527 p4_srg_aei_14_r3_45deg
 549     -52.14421      51.51220    1825.54193       0.00817      -1.02640       0.01527 p4_srg_aei_14_r3_135deg
 550     -55.56238      -0.10005    1825.56726       0.00817      -1.02644       0.01527 p4_srg_aei_14_r3_rear
 551     -52.19706     -52.33170    1825.57294       0.00817      -1.02645       0.01527 p4_srg_aei_14_r3_225deg
 552       0.01163     -73.81030    1825.54192       0.00817      -1.02649       0.01527 p4_srg_aei_14_r3_270deg
 553      52.13856     -52.27120    1825.48894       0.00817      -1.02649       0.01527 p4_srg_aei_14_r3_315deg
 554      55.45638       0.00505    1825.51321       0.00817      -1.02654       0.01527 p4_srg_aei_14_r3_front
 555      29.84346     -97.67113    1894.46304       0.00443      -1.12703       0.01527 p4_bpx_aei_ip_14_12_r5_cone
 556      29.90582      96.69187    1894.62660       0.00442      -1.12723       0.01527 p4_bpx_aei_ho_14_12_r5_cone
 557     -46.02163     -97.74315    1897.91504       0.00427      -1.13127       0.01527 p4_bpx_aei_ip_14_12_r5_grove
 558     -45.95806      96.80065    1898.09065       0.00426      -1.13149       0.01527 p4_bpx_aei_ho_14_12_r5_grove
 559     -32.61031     -97.78382    1937.66853       0.00256      -1.17710       0.01527 p4_bpx_aei_ip_14_12_r5_flat
 560     -32.53624      96.73268    1937.83745       0.00256      -1.17728       0.01527 p4_bpx_aei_ho_14_12_r5_flat
 561     -43.81707     -97.84378    1978.55318       0.00110      -1.21638       0.01527 p4_bpx_aei_ip_14_16_r5_cone
 562     -43.73250      96.71172    1978.72347       0.00110      -1.21653       0.01527 p4_bpx_aei_ho_14_16_r5_cone
 563      30.89187     -97.83630    1992.16431       0.00067      -1.22790       0.01527 p4_bpx_aei_ip_14_16_r5_flat
 564      30.97013      96.61359    1992.32038       0.00067      -1.22802       0.01527 p4_bpx_aei_ho_14_16_r5_flat
 565      12.27484     -97.89311    2029.75643      -0.00035      -1.25555       0.01527 p4_bpx_aei_ip_14_16_r5_grove
 566      12.36250      96.59058    2029.91249      -0.00036      -1.25566       0.01527 p4_bpx_aei_ho_14_16_r5_grove
 567      44.45060    -210.49452    2055.65789      -0.00095      -1.27152       0.01527 p4_baz_aei_14_15_r2_cone
 567      44.45060    -210.49452    2055.65789      -0.00095      -1.27152       0.01527 p4_baz_aei_14_16_r2_cone
 568     -29.44451    -210.48051    2073.13601      -0.00130      -1.28089       0.01527  p4_baz_aei_14_15_r2_grove
 568     -29.44451    -210.48051    2073.13601      -0.00130      -1.28089       0.01527  p4_baz_aei_14_16_r2_grove
 569      -8.89522    -210.48729    2109.70728      -0.00191      -1.29742       0.01527 p4_baz_aei_14_15_r2_flat
 569      -8.89522    -210.48729    2109.70728      -0.00191      -1.29742       0.01527 p4_baz_aei_14_16_r2_flat
 570     -84.53886     -97.70347    2208.40985      -0.00290      -1.32405       0.01528 p4_bpx_aei_ip_14_16_r6_cone
 571     -84.48277      96.99333    2208.72005      -0.00290      -1.32410       0.01528 p4_bpx_aei_ho_14_16_r6_cone
 572      -9.39504     -97.62295    2219.34961      -0.00296      -1.32572       0.01528 p4_bpx_aei_ip_14_16_r6_flat
 573      -9.38972      96.88015    2219.60819      -0.00297      -1.32575       0.01528 p4_bpx_aei_ho_14_16_r6_flat
 574      85.26132     -97.65685    2236.52816      -0.00305      -1.32791       0.01528 p4_bpx_aei_ip_14_12_r6_cone
 575      85.30683      96.79995    2236.70840      -0.00305      -1.32793       0.01528 p4_bpx_aei_ho_14_12_r6_cone
 576       9.56739     -97.62851    2242.70246      -0.00307      -1.32857       0.01528 p4_bpx_aei_ip_14_12_r6_grove
 577       9.60873      96.84779    2242.90770      -0.00307      -1.32859       0.01528 p4_bpx_aei_ho_14_12_r6_grove
 578     -26.66298     -97.64390    2257.58843      -0.00312      -1.32995       0.01528 p4_bpx_aei_ip_14_16_r6_grove
 579     -26.58891      96.86899    2257.81364      -0.00312      -1.32997       0.01528 p4_bpx_aei_ho_14_16_r6_grove
 580      24.38301     -97.63876    2281.93825      -0.00318      -1.33160       0.01528 p4_bpx_aei_ip_14_12_r6_flat
 581      24.41155      96.80094    2282.21434      -0.00318      -1.33161       0.01528 p4_bpx_aei_ho_14_12_r6_flat
 582    -110.13853     -73.65806    2298.77159      -0.00321      -1.33235       0.01528 p4_bbi_aei_14_13_flat
 583    -113.84733    -149.45340    2298.89689      -0.00321      -1.33235       0.01528 p4_bbi_aei_14_13_cone
 584     -70.40610     -87.21207    2300.55565      -0.00321      -1.33242       0.01528 p4_bbi_aei_14_13_grove
 585     -42.02101     -88.75081    2301.80124      -0.00322      -1.33246       0.01528 p4_bbi_aei_14_15_grove
 586      -2.33609     -75.31532    2303.49033      -0.00322      -1.33252       0.01528 p4_bbi_aei_14_15_flat
 587       1.14185    -151.20928    2303.93076      -0.00322      -1.33253       0.01528 p4_bbi_aei_14_15_cone
 588     484.24545    -107.46700    2319.16440      -0.00323      -1.33295       0.01528 p4_bpl_aei_14_r2_grove
 589    -506.43158     -95.90482    2335.44463      -0.00324      -1.33319       0.01528 p4_bbe_aei_14_13_flat
 590    -484.85676     -23.09035    2335.79541      -0.00324      -1.33320       0.01528 p4_bbe_aei_14_13_cone
 591    -464.52802     -96.24587    2337.24030      -0.00324      -1.33321       0.01528 p4_bbe_aei_14_13_grove
 592     449.07100    -115.19204    2340.63757      -0.00325      -1.33326       0.01528 p4_bpl_aei_14_r2_flat
 593     468.35126     -43.61668    2357.08923      -0.00325      -1.33336       0.01528 p4_bpl_aei_14_r2_cone
 594     325.62468     -97.05135    2372.82252      -0.00325      -1.33338       0.01528 p4_bbe_aei_14_15_flat
 595     346.16475     -23.94637    2373.29018      -0.00325      -1.33338       0.01528 p4_bbe_aei_14_15_cone
 596     367.52488     -96.79730    2374.79269      -0.00325      -1.33338       0.01528 p4_bbe_aei_14_15_grove
 597     -15.00000       0.00000      66.10000       0.00000      -0.00000       1.59270 p1_irm_aei_14_s1
 598      15.00000       0.00000      66.10000       0.00000      -0.00000       1.59270 p1_irm_aei_14_l1
 599      15.00000       0.00000    2291.90000       0.00000      -0.00000   -3140.00000 p1_irm_aei_14_s2
 600     -15.00000       0.00000    2291.90000       0.00000      -0.00000   -3140.00000 p1_irm_aei_14_l2
 601     -15.08077       0.00031      66.12156       0.00007      -0.36482       1.60502 p2_irm_aei_14_s1
 602      14.91924      -0.00006      66.11061       0.00007      -0.36482       1.60502 p2_irm_aei_14_l1
 603      14.98665       0.00556    2291.91227       0.00564       0.04007   -3139.98768 p2_irm_aei_14_s2
 604     -15.01335       0.00593    2291.91106       0.00564       0.04007   -3139.98768 p2_irm_aei_14_l2
 605     -15.00598       0.00070      66.10052       0.00222      -0.02970       1.58493 p3_irm_aei_14_s1
 606      14.99402       0.00094      66.09963       0.00222      -0.02970       1.58493 p3_irm_aei_14_l1
 607      14.80338      -0.00180    2291.90864      -0.00775       0.46174   -3140.00777 p3_irm_aei_14_s2
 608     -15.19662      -0.00204    2291.89479      -0.00775       0.46174   -3140.00777 p3_irm_aei_14_l2
 609     -14.87740       0.00268      66.07143       0.01862       0.58205       1.60797 p4_irm_aei_14_s1
 610      15.12260       0.00223      66.08889       0.01862       0.58205       1.60797 p4_irm_aei_14_l1
 611      15.57899       0.00574    2291.85593      -0.00320      -1.33208   -3139.98472 p4_irm_aei_14_s2
 612     -14.42100       0.00620    2291.89589      -0.00320      -1.33208   -3139.98472 p4_irm_aei_14_l2
