   1       0.00000       0.00000     580.80000       0.00000       0.00000       0.00000 p1_aei_12_par_1
   2       0.00000       0.00000    1710.90000      26.08587       0.00000       0.00000 p1_aei_12_par_2
   3       0.00000       0.00000    2382.00000       0.00000       0.00000       0.00000 p1_aei_12_par_3
   4       0.00000       0.00000       0.00000       0.00000       0.00000       0.00000 p1_aei_12
   5     -15.00000       0.00000      66.10000       0.00000      -0.00000   -3141.59261 p1_irm_aei_12_s1_fixed
   6      15.00000       0.00000    2291.90000       0.00000      -0.00000       0.00000 p1_irm_aei_12_s2_fixed
   7      15.00000       0.00000      66.10000       0.00000      -0.00000   -3141.59261 p1_irm_aei_12_l1_fixed
   8     -15.00000       0.00000    2291.90000       0.00000      -0.00000       0.00000 p1_irm_aei_12_l2_fixed
   9     -15.00000       0.00000     478.00000       0.00000      -0.00000       0.00000 p1_irl_aei_12_s1
  10      15.00000       0.00000    1880.00000       0.00000      -0.00000       0.00000 p1_irl_aei_12_s2
  11      15.00000       0.00000     950.50000       0.00000      -0.00000       0.00000 p1_irl_aei_12_l1
  12     -15.00000       0.00000    1407.50000       0.00000      -0.00000       0.00000 p1_irl_aei_12_l2
  13     -15.00000       0.00000     941.20000       0.00000      -0.00000       0.00000 p1_irc_aei_12_s1
  14      15.00000       0.00000    1416.80000       0.00000      -0.00000       0.00000 p1_irc_aei_12_s2
  15      15.00000       0.00000    1398.20000       0.00000      -0.00000       0.00000 p1_irc_aei_12_l1
  16     -15.00000       0.00000     959.80000       0.00000      -0.00000       0.00000 p1_irc_aei_12_l2
  17       0.00000       0.00000       0.00000       0.00000      -0.00000       0.00000 p1_irt_aei_12_r1
  18       0.00000       0.00000     397.00000       0.00000      -0.00000       0.00000 p1_irt_aei_12_r2
  19       0.00000       0.00000     794.00000       0.00000      -0.00000       0.00000 p1_irt_aei_12_r3
  20       0.00000       0.00000    1191.00000       0.00000      -0.00000       0.00000 p1_irt_aei_12_r4
  21       0.00000       0.00000    1588.00000       0.00000      -0.00000       0.00000 p1_irt_aei_12_r5
  22       0.00000       0.00000    1985.00000       0.00000      -0.00000       0.00000 p1_irt_aei_12_r6
  23       0.00000       0.00000    2382.00000       0.00000      -0.00000       0.00000 p1_irt_aei_12_r7
  24     -34.07610     -97.59130      19.15120       0.00000      -0.00000       0.00000 p1_bpx_aei_ip_12_14_r1_cone
  25     -34.02620      96.91100      19.60910       0.00000      -0.00000       0.00000 p1_bpx_aei_ho_12_14_r1_cone
  26      41.12720     -97.58090      29.74950       0.00000      -0.00000       0.00000 p1_bpx_aei_ip_12_14_r1_flat
  27      41.16380      96.83930      30.20280       0.00000      -0.00000       0.00000 p1_bpx_aei_ho_12_14_r1_flat
  28      24.02260     -97.60790      68.06300       0.00000      -0.00000       0.00000 p1_bpx_aei_ip_12_14_r1_grove
  29      24.06840      96.78730      68.51150       0.00000      -0.00000       0.00000 p1_bpx_aei_ho_12_14_r1_grove
  30      35.06130     -97.64130     109.53910       0.00000      -0.00000       0.00000 p1_bpx_aei_ip_12_10_r1_cone
  31      35.10810      96.72610     109.98440       0.00000      -0.00000       0.00000 p1_bpx_aei_ho_12_10_r1_cone
  32     -40.60140     -97.68040     116.04480       0.00000      -0.00000       0.00000 p1_bpx_aei_ip_12_10_r1_grove
  33     -40.53830      96.80820     116.49300       0.00000      -0.00000       0.00000 p1_bpx_aei_ho_12_10_r1_grove
  34     -25.60000     -97.69740     155.22090       0.00000      -0.00000       0.00000 p1_bpx_aei_ip_12_10_r1_flat
  35     -25.53670      96.70970     155.67780       0.00000      -0.00000       0.00000 p1_bpx_aei_ho_12_10_r1_flat
  36      37.23860    -173.02020     194.62310       0.00000      -0.00000       0.00000 p1_baz_aei_12_13_r1_flat
  36      37.23860    -173.02020     194.62310       0.00000      -0.00000       0.00000 p1_baz_aei_12_11_r1_flat
  37     -32.77350    -173.08130     224.03750       0.00000      -0.00000       0.00000 p1_baz_aei_12_13_r1_cone
  37     -32.77350    -173.08130     224.03750       0.00000      -0.00000       0.00000 p1_baz_aei_12_11_r1_cone
  38      42.17860    -173.06130     236.27820       0.00000      -0.00000       0.00000  p1_baz_aei_12_13_r1_grove
  38      42.17860    -173.06130     236.27820       0.00000      -0.00000       0.00000  p1_baz_aei_12_11_r1_grove
  39     -55.55130       0.00000     282.52840       0.00000      -0.00000       0.00000 p1_srg_aei_12_r1_rear
  40     -52.24160     -52.28200     282.55260       0.00000      -0.00000       0.00000 p1_srg_aei_12_r1_225deg
  41      -0.03630     -73.84320     282.56800       0.00000      -0.00000       0.00000 p1_srg_aei_12_r1_270deg
  42      52.18230     -52.24990     282.59160       0.00000      -0.00000       0.00000 p1_srg_aei_12_r1_315deg
  43      55.45650       0.00000     282.60000       0.00000      -0.00000       0.00000 p1_srg_aei_12_r1_front
  44     -52.14280      51.46400     282.64440       0.00000      -0.00000       0.00000 p1_srg_aei_12_r1_135deg
  45       0.08040      73.00460     282.67340       0.00000      -0.00000       0.00000 p1_srg_aei_12_r1_90deg
  46      52.29320      51.26730     282.72050       0.00000      -0.00000       0.00000 p1_srg_aei_12_r1_45deg
  47     -27.86430     -97.62010     336.19410       0.00000      -0.00000       0.00000 p1_bpx_aei_ip_12_14_r2_cone
  48     -27.91030      96.77700     336.41850       0.00000      -0.00000       0.00000 p1_bpx_aei_ho_12_14_r2_cone
  49      47.42920     -97.54100     346.07400       0.00000      -0.00000       0.00000 p1_bpx_aei_ip_12_14_r2_flat
  50      47.37160      96.72780     346.32880       0.00000      -0.00000       0.00000 p1_bpx_aei_ho_12_14_r2_flat
  51      30.69730     -97.59970     384.54360       0.00000      -0.00000       0.00000 p1_bpx_aei_ip_12_14_r2_grove
  52      30.62370      96.67430     384.78960       0.00000      -0.00000       0.00000 p1_bpx_aei_ho_12_14_r2_grove
  53      46.61200     -97.63950     430.21310       0.00000      -0.00000       0.00000 p1_bpx_aei_ip_12_10_r2_cone
  54      46.50640      96.64970     430.46420       0.00000      -0.00000       0.00000 p1_bpx_aei_ho_12_10_r2_cone
  55     -28.97480     -97.74810     437.44380       0.00000      -0.00000       0.00000 p1_bpx_aei_ip_12_10_r2_grove
  56     -29.06470      96.64710     437.66100       0.00000      -0.00000       0.00000 p1_bpx_aei_ho_12_10_r2_grove
  57     -13.61180     -97.77370     476.48000       0.00000      -0.00000       0.00000 p1_bpx_aei_ip_12_10_r2_flat
  58     -13.72160      96.57180     476.70190       0.00000      -0.00000       0.00000 p1_bpx_aei_ho_12_10_r2_flat
  59      -0.58440     -45.54130     561.01500       0.00000      -0.00000       0.00000 p1_slm_aei_12_surf_r2
  60     -52.80040      50.98300     747.89860       0.00000      -0.00000       0.00000 p1_srg_aei_12_r2_135deg
  61      -0.82100      72.99150     747.91170       0.00000      -0.00000       0.00000 p1_srg_aei_12_r2_90deg
  62      55.40690       0.17600     747.99070       0.00000      -0.00000       0.00000 p1_srg_aei_12_r2_front
  63      51.68090      51.95220     747.99960       0.00000      -0.00000       0.00000 p1_srg_aei_12_r2_45deg
  64     -55.64680      -0.03840     748.00230       0.00000      -0.00000       0.00000 p1_srg_aei_12_r2_rear
  65      52.20960     -52.08170     748.03880       0.00000      -0.00000       0.00000 p1_srg_aei_12_r2_315deg
  66     -52.22360     -52.25810     748.05940       0.00000      -0.00000       0.00000 p1_srg_aei_12_r2_225deg
  67      -0.00110     -73.72620     748.09820       0.00000      -0.00000       0.00000 p1_srg_aei_12_r2_270deg
  68     193.60020     -32.80020     929.09660       0.00000      -0.00000       0.00000 p1_bpl_aei_12_r1_grove
  69     195.92770      40.17650     949.95940       0.00000      -0.00000       0.00000 p1_bpl_aei_12_r1_cone
  70     197.99080     -32.82050     970.79180       0.00000      -0.00000       0.00000 p1_bpl_aei_12_r1_flat
  71     -47.27400     -97.48360    1034.51840       0.00000      -0.00000       0.00000 p1_bpx_aei_ip_12_14_r3_cone
  72     -47.13220      96.91380    1035.15170       0.00000      -0.00000       0.00000 p1_bpx_aei_ho_12_14_r3_cone
  73      27.95590     -97.50500    1044.85240       0.00000      -0.00000       0.00000 p1_bpx_aei_ip_12_14_r3_flat
  74      28.10640      96.77380    1045.45030       0.00000      -0.00000       0.00000 p1_bpx_aei_ho_12_14_r3_flat
  75      10.99190     -97.57220    1083.22200       0.00000      -0.00000       0.00000 p1_bpx_aei_ip_12_14_r3_grove
  76      11.16110      96.73110    1083.82330       0.00000      -0.00000       0.00000 p1_bpx_aei_ho_12_14_r3_grove
  77      28.88440     -97.65630    1117.91880       0.00000      -0.00000       0.00000 p1_bpx_aei_ip_12_10_r3_cone
  78      29.07130      96.64290    1118.50890       0.00000      -0.00000       0.00000 p1_bpx_aei_ho_12_10_r3_cone
  79     -46.75070     -97.66460    1124.68800       0.00000      -0.00000       0.00000 p1_bpx_aei_ip_12_10_r3_grove
  80     -46.55540      96.77090    1125.31910       0.00000      -0.00000       0.00000 p1_bpx_aei_ho_12_10_r3_grove
  81     -31.61930     -97.72310    1163.81210       0.00000      -0.00000       0.00000 p1_bpx_aei_ip_12_10_r3_flat
  82     -31.40620      96.65870    1164.43240       0.00000      -0.00000       0.00000 p1_bpx_aei_ho_12_10_r3_flat
  83      55.39070      -0.14100    1179.11220       0.00000      -0.00000       0.00000 p1_mid_aei_12_front
  84     -44.30150     -97.50900    1367.85240       0.00000      -0.00000       0.00000 p1_bpx_aei_ip_12_14_r4_cone
  85     -44.30990      96.89100    1368.09240       0.00000      -0.00000       0.00000 p1_bpx_aei_ho_12_14_r4_cone
  86      30.95270     -97.47570    1378.02940       0.00000      -0.00000       0.00000 p1_bpx_aei_ip_12_14_r4_flat
  87      30.94620      96.81530    1378.23680       0.00000      -0.00000       0.00000 p1_bpx_aei_ho_12_14_r4_flat
  88      14.07430     -97.52440    1416.43880       0.00000      -0.00000       0.00000 p1_bpx_aei_ip_12_14_r4_grove
  89      14.08390      96.75530    1416.64780       0.00000      -0.00000       0.00000 p1_bpx_aei_ho_12_14_r4_grove
  90      45.50270     -97.57650    1445.47890       0.00000      -0.00000       0.00000 p1_bpx_aei_ip_12_10_r4_cone
  91      45.52510      96.72830    1445.67000       0.00000      -0.00000       0.00000 p1_bpx_aei_ho_12_10_r4_cone
  92     -30.11540     -97.61520    1452.39800       0.00000      -0.00000       0.00000 p1_bpx_aei_ip_12_10_r4_grove
  93     -30.08330      96.76280    1452.63100       0.00000      -0.00000       0.00000 p1_bpx_aei_ho_12_10_r4_grove
  94     -14.90210     -97.64470    1491.49170       0.00000      -0.00000       0.00000 p1_bpx_aei_ip_12_10_r4_flat
  95     -14.85120      96.67900    1491.72150       0.00000      -0.00000       0.00000 p1_bpx_aei_ho_12_10_r4_flat
  96      32.94100    -210.43000    1532.37530       0.00000      -0.00000       0.00000 p1_baz_aei_12_11_r2_flat
  96      32.94100    -210.43000    1532.37530       0.00000      -0.00000       0.00000 p1_baz_aei_12_10_r2_flat
  97     -42.99680    -210.46470    1532.87010       0.00000      -0.00000       0.00000 p1_baz_aei_12_11_r2_cone
  97     -42.99680    -210.46470    1532.87010       0.00000      -0.00000       0.00000 p1_baz_aei_12_10_r2_cone
  98      21.62240    -210.43510    1572.75630       0.00000      -0.00000       0.00000  p1_baz_aei_12_11_r2_grove
  98      21.62240    -210.43510    1572.75630       0.00000      -0.00000       0.00000  p1_baz_aei_12_10_r2_grove
  99     -37.09400     -22.45300    1691.29370       0.00000      -0.00000       0.00000 p1_gim_aei_12_surf_r2
 100       0.14730     -73.90970    1825.34990       0.00000      -0.00000       0.00000 p1_srg_aei_12_r3_270deg
 101      52.36460     -52.16350    1825.36800       0.00000      -0.00000       0.00000 p1_srg_aei_12_r3_315deg
 102     -52.06280     -52.51570    1825.39710       0.00000      -0.00000       0.00000 p1_srg_aei_12_r3_225deg
 103     -52.25980      51.29880    1825.46750       0.00000      -0.00000       0.00000 p1_srg_aei_12_r3_135deg
 104      55.45650       0.00000    1825.49180       0.00000      -0.00000       0.00000 p1_srg_aei_12_r3_front
 105     -55.53990      -0.25370    1825.50070       0.00000      -0.00000       0.00000 p1_srg_aei_12_r3_rear
 106      52.07000      51.34550    1825.54670       0.00000      -0.00000       0.00000 p1_srg_aei_12_r3_45deg
 107      -0.10640      72.87110    1825.55630       0.00000      -0.00000       0.00000 p1_srg_aei_12_r3_90deg
 108      29.82450     -97.76140    1894.75650       0.00000      -0.00000       0.00000 p1_bpx_aei_ip_12_10_r5_cone
 109      29.90040      96.59860    1895.06880       0.00000      -0.00000       0.00000 p1_bpx_aei_ho_12_10_r5_cone
 110     -46.04250     -97.77140    1898.22230       0.00000      -0.00000       0.00000 p1_bpx_aei_ip_12_10_r5_grove
 111     -45.95220      96.69370    1898.55070       0.00000      -0.00000       0.00000 p1_bpx_aei_ho_12_10_r5_grove
 112     -32.63120     -97.82210    1937.97480       0.00000      -0.00000       0.00000 p1_bpx_aei_ip_12_10_r5_flat
 113     -32.53010      96.63740    1938.29250       0.00000      -0.00000       0.00000 p1_bpx_aei_ho_12_10_r5_flat
 114     -43.82550     -97.85820    1978.85860       0.00000      -0.00000       0.00000 p1_bpx_aei_ip_12_14_r5_cone
 115     -43.71570      96.60510    1979.17470       0.00000      -0.00000       0.00000 p1_bpx_aei_ho_12_14_r5_cone
 116      30.88130     -97.88130    1992.46350       0.00000      -0.00000       0.00000 p1_bpx_aei_ip_12_14_r5_flat
 117      30.98370      96.50810    1992.76460       0.00000      -0.00000       0.00000 p1_bpx_aei_ho_12_14_r5_flat
 118      12.26440     -97.91860    2030.04000       0.00000      -0.00000       0.00000 p1_bpx_aei_ip_12_14_r5_grove
 119      12.39290      96.49000    2030.35450       0.00000      -0.00000       0.00000 p1_bpx_aei_ho_12_14_r5_grove
 120      44.27750    -210.68440    2055.84780       0.00000      -0.00000       0.00000 p1_baz_aei_12_13_r2_cone
 120      44.27750    -210.68440    2055.84780       0.00000      -0.00000       0.00000 p1_baz_aei_12_14_r2_cone
 121     -29.56620    -210.65620    2073.42470       0.00000      -0.00000       0.00000  p1_baz_aei_12_13_r2_grove
 121     -29.56620    -210.65620    2073.42470       0.00000      -0.00000       0.00000  p1_baz_aei_12_14_r2_grove
 122      -9.04780    -210.56790    2109.92120       0.00000      -0.00000       0.00000 p1_baz_aei_12_13_r2_flat
 122      -9.04780    -210.56790    2109.92120       0.00000      -0.00000       0.00000 p1_baz_aei_12_14_r2_flat
 123     -84.45220     -97.68570    2208.57790       0.00000      -0.00000       0.00000 p1_bpx_aei_ip_12_14_r6_cone
 124     -84.45890      96.88490    2208.85910       0.00000      -0.00000       0.00000 p1_bpx_aei_ho_12_14_r6_cone
 125      -9.29620     -97.63130    2219.47310       0.00000      -0.00000       0.00000 p1_bpx_aei_ip_12_14_r6_flat
 126      -9.36050      96.75430    2219.74100       0.00000      -0.00000       0.00000 p1_bpx_aei_ho_12_14_r6_flat
 127      85.37510     -97.63680    2236.59450       0.00000      -0.00000       0.00000 p1_bpx_aei_ip_12_10_r6_cone
 128      85.33670      96.72050    2236.81200       0.00000      -0.00000       0.00000 p1_bpx_aei_ho_12_10_r6_cone
 129       9.69030     -97.62070    2242.80430       0.00000      -0.00000       0.00000 p1_bpx_aei_ip_12_10_r6_grove
 130       9.64570      96.76480    2243.03330       0.00000      -0.00000       0.00000 p1_bpx_aei_ho_12_10_r6_grove
 131     -26.54410     -97.65450    2257.71950       0.00000      -0.00000       0.00000 p1_bpx_aei_ip_12_14_r6_grove
 132     -26.54960      96.83120    2257.95230       0.00000      -0.00000       0.00000 p1_bpx_aei_ho_12_14_r6_grove
 133      24.52460     -97.61790    2282.04280       0.00000      -0.00000       0.00000 p1_bpx_aei_ip_12_10_r6_flat
 134      24.45430      96.80560    2282.33530       0.00000      -0.00000       0.00000 p1_bpx_aei_ho_12_10_r6_flat
 135    -109.93350     -73.78090    2299.11460       0.00000      -0.00000       0.00000 p1_bbi_aei_12_11_flat
 136    -113.58440    -149.57140    2299.25200       0.00000      -0.00000       0.00000 p1_bbi_aei_12_11_cone
 137     -70.17800     -87.29200    2300.89550       0.00000      -0.00000       0.00000 p1_bbi_aei_12_11_grove
 138     -41.80140     -88.81010    2302.13880       0.00000      -0.00000       0.00000 p1_bbi_aei_12_13_grove
 139      -2.12890     -75.33030    2303.82570       0.00000      -0.00000       0.00000 p1_bbi_aei_12_13_flat
 140       1.41020    -151.23650    2304.26380       0.00000      -0.00000       0.00000 p1_bbi_aei_12_13_cone
 141     484.38510    -107.37580    2319.31050       0.00000      -0.00000       0.00000 p1_bpl_aei_12_r2_grove
 142    -506.19250     -96.31860    2335.97280       0.00000      -0.00000       0.00000 p1_bbe_aei_12_11_flat
 143    -484.67350     -23.49470    2336.26260       0.00000      -0.00000       0.00000 p1_bbe_aei_12_11_cone
 144    -464.28620     -96.62590    2337.75830       0.00000      -0.00000       0.00000 p1_bbe_aei_12_11_grove
 145     449.18160    -115.05560    2340.75220       0.00000      -0.00000       0.00000 p1_bpl_aei_12_r2_flat
 146     468.50530     -43.46900    2357.12520       0.00000      -0.00000       0.00000 p1_bpl_aei_12_r2_cone
 147     325.77880     -96.87670    2373.03960       0.00000      -0.00000       0.00000 p1_bbe_aei_12_13_flat
 148     346.30050     -23.76240    2373.34840       0.00000      -0.00000       0.00000 p1_bbe_aei_12_13_cone
 149     367.67420     -96.60840    2374.96950       0.00000      -0.00000       0.00000 p1_bbe_aei_12_13_grove
 150       0.38767      -0.00625     580.80000       0.00000       0.00000       0.00000 p2_aei_12_par_1
 151       0.26566      -0.01225    1710.90000      26.08587       0.00000       0.00000 p2_aei_12_par_2
 152       0.01917      -0.00454    2382.00000     143.83177       0.69962      -0.00022 p2_aei_12_par_3
 153       0.10398       0.00066       0.01792      -0.00010       0.05962      -0.01333 p2_aei_12
 154     -15.08239       0.00045      66.12329      -0.00119      -0.36266    3141.57937 p2_irm_aei_12_s1_fixed
 155      14.98229       0.00073    2291.92000       0.00134       0.03917      -0.01333 p2_irm_aei_12_s2_fixed
 156      14.91761       0.00085      66.11241      -0.00119      -0.36266    3141.57937 p2_irm_aei_12_l1_fixed
 157     -15.01771       0.00033    2291.91883       0.00134       0.03917      -0.01333 p2_irm_aei_12_l2_fixed
 158     -14.94897       0.00022     478.02112       0.00098      -0.22824      -0.01333 p2_irl_aei_12_s1
 159      14.99747       0.00041    1880.01938      -0.00048       0.03149      -0.01333 p2_irl_aei_12_s2
 160      15.05771       0.00224     950.51964       0.00305       0.11675      -0.01333 p2_irl_aei_12_l1
 161     -14.98877       0.00157    1407.51747      -0.00398       0.05659      -0.01333 p2_irl_aei_12_l2
 162     -14.94121       0.00181     941.21615       0.00316       0.11523      -0.01333 p2_irc_aei_12_s1
 163      15.01072       0.00193    1416.81914      -0.00407       0.05436      -0.01333 p2_irc_aei_12_s2
 164      15.01177       0.00201    1398.21919      -0.00389       0.05884      -0.01333 p2_irc_aei_12_l1
 165     -14.94338       0.00187     959.81612       0.00292       0.11809      -0.01333 p2_irc_aei_12_l2
 166      -0.10638       0.00073       0.01791      -0.00119      -0.36302      -0.01333 p2_irt_aei_12_r1
 167       0.03007       0.00038     397.01770       0.00005      -0.28580      -0.01333 p2_irt_aei_12_r2
 168       0.07267       0.00144     794.01779       0.00436       0.06461      -0.01333 p2_irt_aei_12_r3
 169       0.02916       0.00232    1191.01809      -0.00086       0.10705      -0.01333 p2_irt_aei_12_r4
 170       0.00442       0.00096    1588.01853      -0.00450       0.02292      -0.01333 p2_irt_aei_12_r5
 171      -0.00606       0.00021    1985.01904       0.00044       0.03540      -0.01333 p2_irt_aei_12_r6
 172      -0.02125       0.00065    2382.01952       0.00135       0.03921      -0.01333 p2_irt_aei_12_r7
 173     -34.07134     -97.58955      19.14881      -0.00119      -0.36301      -0.01333 p2_bpx_aei_ip_12_14_r1_cone
 174     -34.02317      96.90445      19.60892      -0.00119      -0.36301      -0.01333 p2_bpx_aei_ho_12_14_r1_cone
 175      41.13122     -97.58336      29.75150      -0.00119      -0.36299      -0.01333 p2_bpx_aei_ip_12_14_r1_flat
 176      41.16439      96.83774      30.20452      -0.00119      -0.36299      -0.01333 p2_bpx_aei_ho_12_14_r1_flat
 177      24.02722     -97.60803      68.06349      -0.00119      -0.36263      -0.01333 p2_bpx_aei_ip_12_14_r1_grove
 178      24.06869      96.78287      68.51420      -0.00119      -0.36262      -0.01333 p2_bpx_aei_ho_12_14_r1_grove
 179      35.06324     -97.64053     109.53741      -0.00117      -0.36140      -0.01333 p2_bpx_aei_ip_12_10_r1_cone
 180      35.10721      96.72487     109.98532      -0.00117      -0.36138      -0.01333 p2_bpx_aei_ho_12_10_r1_cone
 181     -40.59952     -97.68055     116.04074      -0.00116      -0.36109      -0.01333 p2_bpx_aei_ip_12_10_r1_grove
 182     -40.53985      96.80785     116.49324      -0.00116      -0.36107      -0.01333 p2_bpx_aei_ho_12_10_r1_grove
 183     -25.59982     -97.69350     155.21933      -0.00112      -0.35841      -0.01333 p2_bpx_aei_ip_12_10_r1_flat
 184     -25.54335      96.71190     155.67813      -0.00112      -0.35837      -0.01333 p2_bpx_aei_ho_12_10_r1_flat
 185      37.24073    -173.01850     194.62039      -0.00105      -0.35392      -0.01333 p2_baz_aei_12_13_r1_flat
 185      37.24073    -173.01850     194.62039      -0.00105      -0.35392      -0.01333 p2_baz_aei_12_11_r1_flat
 186     -32.77363    -173.08106     224.03652      -0.00097      -0.34915      -0.01333 p2_baz_aei_12_13_r1_cone
 186     -32.77363    -173.08106     224.03652      -0.00097      -0.34915      -0.01333 p2_baz_aei_12_11_r1_cone
 187      42.17594    -173.06348     236.27755      -0.00093      -0.34674      -0.01333  p2_baz_aei_12_13_r1_grove
 187      42.17594    -173.06348     236.27755      -0.00093      -0.34674      -0.01333  p2_baz_aei_12_11_r1_grove
 188     -55.55680      -0.00032     282.52755      -0.00074      -0.33520      -0.01333 p2_srg_aei_12_r1_rear
 189     -52.24519     -52.28217     282.55320      -0.00074      -0.33519      -0.01333 p2_srg_aei_12_r1_225deg
 190      -0.03899     -73.84638     282.57038      -0.00074      -0.33518      -0.01333 p2_srg_aei_12_r1_270deg
 191      52.17823     -52.25378     282.59330      -0.00074      -0.33517      -0.01333 p2_srg_aei_12_r1_315deg
 192      55.45074       0.00116     282.59914      -0.00074      -0.33517      -0.01333 p2_srg_aei_12_r1_front
 193     -52.14825      51.46203     282.64704      -0.00074      -0.33516      -0.01333 p2_srg_aei_12_r1_135deg
 194       0.07588      73.00162     282.67675      -0.00074      -0.33515      -0.01333 p2_srg_aei_12_r1_90deg
 195      52.28940      51.26852     282.72334      -0.00074      -0.33513      -0.01333 p2_srg_aei_12_r1_45deg
 196     -27.86759     -97.61758     336.19588      -0.00044      -0.31614      -0.01333 p2_bpx_aei_ip_12_14_r2_cone
 197     -27.91571      96.77632     336.42138      -0.00044      -0.31604      -0.01333 p2_bpx_aei_ho_12_14_r2_cone
 198      47.42672     -97.54098     346.06879      -0.00037      -0.31187      -0.01333 p2_bpx_aei_ip_12_14_r2_flat
 199      47.36561      96.72742     346.33068      -0.00037      -0.31176      -0.01333 p2_bpx_aei_ho_12_14_r2_flat
 200      30.69547     -97.59731     384.54091      -0.00006      -0.29285      -0.01333 p2_bpx_aei_ip_12_14_r2_grove
 201      30.61905      96.67909     384.79195      -0.00006      -0.29271      -0.01333 p2_bpx_aei_ho_12_14_r2_grove
 202      46.61382     -97.63879     430.21270       0.00039      -0.26476      -0.01333 p2_bpx_aei_ip_12_10_r2_cone
 203      46.50420      96.64610     430.46637       0.00039      -0.26458      -0.01333 p2_bpx_aei_ho_12_10_r2_cone
 204     -28.97488     -97.74870     437.44078       0.00047      -0.25973      -0.01333 p2_bpx_aei_ip_12_10_r2_grove
 205     -29.06662      96.64730     437.66301       0.00047      -0.25958      -0.01333 p2_bpx_aei_ho_12_10_r2_grove
 206     -13.61062     -97.77177     476.47693       0.00096      -0.22954      -0.01333 p2_bpx_aei_ip_12_10_r2_flat
 207     -13.72446      96.57083     476.70326       0.00096      -0.22935      -0.01333 p2_bpx_aei_ho_12_10_r2_flat
 208      -0.51708     -45.54046     561.01250       0.00232      -0.14513      -0.01333 p2_slm_aei_12_surf_r2
 209     -52.79804      50.98633     747.89949       0.00440       0.03696      -0.01333 p2_srg_aei_12_r2_135deg
 210      -0.81943      72.99203     747.91181       0.00440       0.03696      -0.01333 p2_srg_aei_12_r2_90deg
 211      55.41593       0.17568     747.99231       0.00440       0.03702      -0.01333 p2_srg_aei_12_r2_front
 212      51.68324      51.95033     748.00315       0.00440       0.03702      -0.01333 p2_srg_aei_12_r2_45deg
 213     -55.64186      -0.04040     748.00330       0.00440       0.03703      -0.01333 p2_srg_aei_12_r2_rear
 214      52.21533     -52.08317     748.04063       0.00440       0.03705      -0.01333 p2_srg_aei_12_r2_315deg
 215     -52.21977     -52.26056     748.06016       0.00440       0.03706      -0.01333 p2_srg_aei_12_r2_225deg
 216       0.00372     -73.72576     748.09959       0.00440       0.03709      -0.01333 p2_srg_aei_12_r2_270deg
 217     193.60001     -32.80095     929.10124       0.00331       0.11297      -0.01333 p2_bpl_aei_12_r1_grove
 218     195.93154      40.17325     949.96361       0.00305       0.11666      -0.01333 p2_bpl_aei_12_r1_cone
 219     197.99715     -32.81866     970.79394       0.00277       0.11946      -0.01333 p2_bpl_aei_12_r1_flat
 220     -47.27105     -97.48258    1034.51660       0.00182       0.12305      -0.01333 p2_bpx_aei_ip_12_14_r3_cone
 221     -47.12852      96.91722    1035.15277       0.00181       0.12305      -0.01333 p2_bpx_aei_ho_12_14_r3_cone
 222      27.96098     -97.50786    1044.84965       0.00165       0.12299      -0.01333 p2_bpx_aei_ip_12_14_r3_flat
 223      28.10781      96.77584    1045.45035       0.00164       0.12298      -0.01333 p2_bpx_aei_ho_12_14_r3_flat
 224      10.99538     -97.57164    1083.22142       0.00101       0.12136      -0.01333 p2_bpx_aei_ip_12_14_r3_grove
 225      11.16322      96.72916    1083.82634       0.00100       0.12131      -0.01333 p2_bpx_aei_ho_12_14_r3_grove
 226      28.88733     -97.65918    1117.92037       0.00041       0.11816      -0.01333 p2_bpx_aei_ip_12_10_r3_cone
 227      29.07137      96.64213    1118.51161       0.00040       0.11809      -0.01333 p2_bpx_aei_ho_12_10_r3_cone
 228     -46.74827     -97.66338    1124.68586       0.00030       0.11736      -0.01333 p2_bpx_aei_ip_12_10_r3_grove
 229     -46.55464      96.77042    1125.31954       0.00028       0.11729      -0.01333 p2_bpx_aei_ho_12_10_r3_grove
 230     -31.61706     -97.72178    1163.81169      -0.00039       0.11179      -0.01333 p2_bpx_aei_ip_12_10_r3_flat
 231     -31.40752      96.65632    1164.43389      -0.00040       0.11169      -0.01333 p2_bpx_aei_ho_12_10_r3_flat
 232      55.39145      -0.13823    1179.11572      -0.00066       0.10921      -0.01333 p2_mid_aei_12_front
 233     -44.30363     -97.50367    1367.84779      -0.00355       0.06632      -0.01333 p2_bpx_aei_ip_12_14_r4_cone
 234     -44.31024      96.89013    1368.09378      -0.00355       0.06626      -0.01333 p2_bpx_aei_ho_12_14_r4_cone
 235      30.95011     -97.47710    1378.02770      -0.00367       0.06380      -0.01333 p2_bpx_aei_ip_12_14_r4_flat
 236      30.94280      96.81549    1378.23951      -0.00367       0.06374      -0.01333 p2_bpx_aei_ho_12_14_r4_flat
 237      14.07004     -97.52298    1416.43640      -0.00406       0.05445      -0.01333 p2_bpx_aei_ip_12_14_r4_grove
 238      14.07913      96.75282    1416.64869      -0.00406       0.05440      -0.01333 p2_bpx_aei_ho_12_14_r4_grove
 239      45.49945     -97.57638    1445.47941      -0.00430       0.04771      -0.01333 p2_bpx_aei_ip_12_10_r4_cone
 240      45.52175      96.72892    1445.67085      -0.00430       0.04767      -0.01333 p2_bpx_aei_ho_12_10_r4_cone
 241     -30.11847     -97.61292    1452.39556      -0.00435       0.04616      -0.01333 p2_bpx_aei_ip_12_10_r4_grove
 242     -30.08427      96.76228    1452.63221      -0.00435       0.04611      -0.01333 p2_bpx_aei_ho_12_10_r4_grove
 243     -14.90331     -97.64499    1491.49431      -0.00455       0.03792      -0.01333 p2_bpx_aei_ip_12_10_r4_flat
 244     -14.85371      96.67891    1491.72390      -0.00455       0.03787      -0.01333 p2_bpx_aei_ho_12_10_r4_flat
 245      32.93710    -210.43094    1532.37459      -0.00463       0.03048      -0.01333 p2_baz_aei_12_11_r2_flat
 245      32.93710    -210.43094    1532.37459      -0.00463       0.03048      -0.01333 p2_baz_aei_12_10_r2_flat
 246     -43.00151    -210.46666    1532.86928      -0.00463       0.03040      -0.01333 p2_baz_aei_12_11_r2_cone
 246     -43.00151    -210.46666    1532.86928      -0.00463       0.03040      -0.01333 p2_baz_aei_12_10_r2_cone
 247      21.61859    -210.43528    1572.75519      -0.00457       0.02466      -0.01333  p2_baz_aei_12_11_r2_grove
 247      21.61859    -210.43528    1572.75519      -0.00457       0.02466      -0.01333  p2_baz_aei_12_10_r2_grove
 248     -37.09203     -22.45305    1691.29276      -0.00338       0.01950      -0.01333 p2_gim_aei_12_surf_r2
 249       0.14820     -73.90965    1825.35055      -0.00115       0.02869      -0.01333 p2_srg_aei_12_r3_270deg
 250      52.36631     -52.16405    1825.36618      -0.00115       0.02869      -0.01333 p2_srg_aei_12_r3_315deg
 251     -52.06128     -52.51394    1825.39928      -0.00115       0.02869      -0.01333 p2_srg_aei_12_r3_225deg
 252     -52.25847      51.29975    1825.46869      -0.00115       0.02869      -0.01333 p2_srg_aei_12_r3_135deg
 253      55.45561       0.00099    1825.49582      -0.00115       0.02869      -0.01333 p2_srg_aei_12_r3_front
 254     -55.53838      -0.25399    1825.50034      -0.00115       0.02870      -0.01333 p2_srg_aei_12_r3_rear
 255      52.06883      51.34265    1825.54719      -0.00115       0.02870      -0.01333 p2_srg_aei_12_r3_45deg
 256      -0.10186      72.86925    1825.55631      -0.00115       0.02870      -0.01333 p2_srg_aei_12_r3_90deg
 257      29.82210     -97.76220    1894.75565      -0.00033       0.03215      -0.01333 p2_bpx_aei_ip_12_10_r5_cone
 258      29.90480      96.59940    1895.06501      -0.00032       0.03217      -0.01333 p2_bpx_aei_ho_12_10_r5_cone
 259     -46.03961     -97.77211    1898.22221      -0.00029       0.03230      -0.01333 p2_bpx_aei_ip_12_10_r5_grove
 260     -45.95291      96.70549    1898.54867      -0.00029       0.03232      -0.01333 p2_bpx_aei_ho_12_10_r5_grove
 261     -32.62832     -97.81714    1937.97578       0.00008       0.03387      -0.01333 p2_bpx_aei_ip_12_10_r5_flat
 262     -32.52543      96.62586    1938.29117       0.00008       0.03388      -0.01333 p2_bpx_aei_ho_12_10_r5_flat
 263     -43.82494     -97.86218    1978.85912       0.00040       0.03521      -0.01333 p2_bpx_aei_ip_12_14_r5_cone
 264     -43.71254      96.61002    1979.17405       0.00040       0.03522      -0.01333 p2_bpx_aei_ho_12_14_r5_cone
 265      30.88208     -97.88028    1992.46379       0.00049       0.03561      -0.01333 p2_bpx_aei_ip_12_14_r5_flat
 266      30.98798      96.50773    1992.76440       0.00049       0.03561      -0.01333 p2_bpx_aei_ho_12_14_r5_flat
 267      12.26983     -97.91180    2030.04321       0.00072       0.03655      -0.01333 p2_bpx_aei_ip_12_14_r5_grove
 268      12.39592      96.48920    2030.35108       0.00072       0.03656      -0.01333 p2_bpx_aei_ho_12_14_r5_grove
 269      44.27768    -210.68425    2055.84775       0.00084       0.03710      -0.01333 p2_baz_aei_12_13_r2_cone
 269      44.27768    -210.68425    2055.84775       0.00084       0.03710      -0.01333 p2_baz_aei_12_14_r2_cone
 270     -29.56458    -210.65122    2073.42484       0.00092       0.03742      -0.01333  p2_baz_aei_12_13_r2_grove
 270     -29.56458    -210.65122    2073.42484       0.00092       0.03742      -0.01333  p2_baz_aei_12_14_r2_grove
 271      -9.04705    -210.56541    2109.92167       0.00105       0.03798      -0.01333 p2_baz_aei_12_13_r2_flat
 271      -9.04705    -210.56541    2109.92167       0.00105       0.03798      -0.01333 p2_baz_aei_12_14_r2_flat
 272     -84.45056     -97.69060    2208.57625       0.00127       0.03890      -0.01333 p2_bpx_aei_ip_12_14_r6_cone
 273     -84.45996      96.88030    2208.85991       0.00127       0.03890      -0.01333 p2_bpx_aei_ho_12_14_r6_cone
 274      -9.30118     -97.63519    2219.47059       0.00128       0.03895      -0.01333 p2_bpx_aei_ip_12_14_r6_flat
 275      -9.35708      96.76091    2219.73834       0.00128       0.03895      -0.01333 p2_bpx_aei_ho_12_14_r6_flat
 276      85.37815     -97.63400    2236.59251       0.00130       0.03903      -0.01333 p2_bpx_aei_ip_12_10_r6_cone
 277      85.33695      96.72270    2236.80856       0.00130       0.03903      -0.01333 p2_bpx_aei_ho_12_10_r6_cone
 278       9.68621     -97.62940    2242.80656       0.00131       0.03905      -0.01333 p2_bpx_aei_ip_12_10_r6_grove
 279       9.64891      96.76490    2243.03291       0.00131       0.03905      -0.01333 p2_bpx_aei_ho_12_10_r6_grove
 280     -26.54267     -97.65327    2257.72147       0.00132       0.03910      -0.01333 p2_bpx_aei_ip_12_14_r6_grove
 281     -26.55078      96.82993    2257.95031       0.00132       0.03910      -0.01333 p2_bpx_aei_ho_12_14_r6_grove
 282      24.52367     -97.62495    2282.04269       0.00133       0.03915      -0.01333 p2_bpx_aei_ip_12_10_r6_flat
 283      24.45737      96.81045    2282.33493       0.00133       0.03915      -0.01333 p2_bpx_aei_ho_12_10_r6_flat
 284    -109.93411     -73.78122    2299.11782       0.00134       0.03918      -0.01333 p2_bbi_aei_12_11_flat
 285    -113.58561    -149.57017    2299.25297       0.00134       0.03918      -0.01333 p2_bbi_aei_12_11_cone
 286     -70.17980     -87.29289    2300.89649       0.00134       0.03918      -0.01333 p2_bbi_aei_12_11_grove
 287     -41.80413     -88.80831    2302.14521       0.00134       0.03918      -0.01333 p2_bbi_aei_12_13_grove
 288      -2.12988     -75.33638    2303.82835       0.00134       0.03918      -0.01333 p2_bbi_aei_12_13_flat
 289       1.41192    -151.23693    2304.26079       0.00134       0.03919      -0.01333 p2_bbi_aei_12_13_cone
 290     484.38494    -107.37497    2319.31188       0.00134       0.03920      -0.01333 p2_bpl_aei_12_r2_grove
 291    -506.19326     -96.32086    2335.96765       0.00134       0.03921      -0.01333 p2_bbe_aei_12_11_flat
 292    -484.67214     -23.49247    2336.26060       0.00134       0.03921      -0.01333 p2_bbe_aei_12_11_cone
 293    -464.28482     -96.62530    2337.75689       0.00134       0.03921      -0.01333 p2_bbe_aei_12_11_grove
 294     449.17891    -115.05441    2340.74794       0.00134       0.03921      -0.01333 p2_bpl_aei_12_r2_flat
 295     468.50251     -43.46963    2357.12662       0.00135       0.03921      -0.01333 p2_bpl_aei_12_r2_cone
 296     325.77740     -96.87721    2373.03971       0.00135       0.03921      -0.01333 p2_bbe_aei_12_13_flat
 297     346.29951     -23.76254    2373.35492       0.00135       0.03921      -0.01333 p2_bbe_aei_12_13_cone
 298     367.67512     -96.60725    2374.97186       0.00135       0.03921      -0.01333 p2_bbe_aei_12_13_grove
 299       0.00094       0.00315     580.80000       0.00000       0.00000       0.00000 p3_aei_12_par_1
 300       0.17643       0.00497    1710.90000      26.08587       0.00000       0.00000 p3_aei_12_par_2
 301       0.26392       0.00493    2382.00000    1615.28531       0.25442      -0.00010 p3_aei_12_par_3
 302      -0.00602      -0.00093      -0.00049       0.00150      -0.01948       0.00243 p3_aei_12
 303     -15.01128      -0.00260      66.10007       0.00556      -0.03236   -3141.59017 p3_irm_aei_12_s1_fixed
 304      14.80263      -0.00192    2291.91046      -0.00742       0.45939       0.00243 p3_irm_aei_12_s2_fixed
 305      14.98872      -0.00267      66.09910       0.00556      -0.03236   -3141.59017 p3_irm_aei_12_l1_fixed
 306     -15.19737      -0.00185    2291.89668      -0.00742       0.45939       0.00243 p3_irm_aei_12_l2_fixed
 307     -14.99799      -0.00044     478.00065       0.00447      -0.03203       0.00243 p3_irl_aei_12_s1
 308      14.97878       0.00089    1880.00809      -0.00545       0.35372       0.00243 p3_irl_aei_12_s2
 309      15.02181       0.00084     950.50002       0.00205      -0.06394       0.00243 p3_irl_aei_12_l1
 310     -14.95009       0.00178    1407.50215       0.00127      -0.02029       0.00243 p3_irl_aei_12_l2
 311     -14.97878       0.00090     941.20190       0.00206      -0.06299       0.00243 p3_irc_aei_12_s1
 312      15.05008       0.00172    1416.80162       0.00121      -0.01641       0.00243 p3_irc_aei_12_s2
 313      15.04971       0.00169    1398.20147       0.00132      -0.02401       0.00243 p3_irc_aei_12_l1
 314     -14.97759       0.00094     959.80197       0.00205      -0.06486       0.00243 p3_irc_aei_12_l2
 315      -0.01342      -0.00300      -0.00049       0.00556      -0.03236       0.00243 p3_irt_aei_12_r1
 316      -0.00059      -0.00085     397.00004       0.00494      -0.03217       0.00243 p3_irt_aei_12_r2
 317       0.01317       0.00055     794.00069       0.00228      -0.04619       0.00243 p3_irt_aei_12_r3
 318       0.03882       0.00137    1191.00143       0.00198      -0.07031       0.00243 p3_irt_aei_12_r4
 319       0.04492       0.00183    1588.00220      -0.00053       0.08745       0.00243 p3_irt_aei_12_r5
 320      -0.06140       0.00030    1985.00299      -0.00645       0.40743       0.00243 p3_irt_aei_12_r6
 321      -0.23880      -0.00255    2382.00373      -0.00743       0.46000       0.00243 p3_irt_aei_12_r7
 322     -34.07533     -97.58791      19.15067       0.00556      -0.03236       0.00243 p3_bpx_aei_ip_12_14_r1_cone
 323     -34.02495      96.90789      19.60859       0.00556      -0.03236       0.00243 p3_bpx_aei_ho_12_14_r1_cone
 324      41.12801     -97.58264      29.74985       0.00556      -0.03236       0.00243 p3_bpx_aei_ip_12_14_r1_flat
 325      41.16390      96.83847      30.20507       0.00556      -0.03236       0.00243 p3_bpx_aei_ho_12_14_r1_flat
 326      24.02275     -97.60698      68.06095       0.00556      -0.03236       0.00243 p3_bpx_aei_ip_12_14_r1_grove
 327      24.06974      96.78412      68.51197       0.00556      -0.03236       0.00243 p3_bpx_aei_ho_12_14_r1_grove
 328      35.06229     -97.64088     109.53875       0.00555      -0.03236       0.00243 p3_bpx_aei_ip_12_10_r1_cone
 329      35.10818      96.72352     109.98557       0.00555      -0.03236       0.00243 p3_bpx_aei_ho_12_10_r1_cone
 330     -40.60100     -97.67956     116.04140       0.00555      -0.03236       0.00243 p3_bpx_aei_ip_12_10_r1_grove
 331     -40.53901      96.80604     116.49402       0.00555      -0.03236       0.00243 p3_bpx_aei_ho_12_10_r1_grove
 332     -25.59983     -97.69188     155.22167       0.00553      -0.03235       0.00243 p3_bpx_aei_ip_12_10_r1_flat
 333     -25.53644      96.70643     155.67769       0.00553      -0.03235       0.00243 p3_bpx_aei_ho_12_10_r1_flat
 334      37.23896    -173.01981     194.61990       0.00549      -0.03234       0.00243 p3_baz_aei_12_13_r1_flat
 334      37.23896    -173.01981     194.61990       0.00549      -0.03234       0.00243 p3_baz_aei_12_11_r1_flat
 335     -32.77249    -173.08218     224.03709       0.00545      -0.03233       0.00243 p3_baz_aei_12_13_r1_cone
 335     -32.77249    -173.08218     224.03709       0.00545      -0.03233       0.00243 p3_baz_aei_12_11_r1_cone
 336      42.17731    -173.06470     236.27718       0.00543      -0.03232       0.00243  p3_baz_aei_12_13_r1_grove
 336      42.17731    -173.06470     236.27718       0.00543      -0.03232       0.00243  p3_baz_aei_12_11_r1_grove
 337     -55.55668      -0.00131     282.52987       0.00534      -0.03229       0.00243 p3_srg_aei_12_r1_rear
 338     -52.24250     -52.28322     282.55594       0.00534      -0.03229       0.00243 p3_srg_aei_12_r1_225deg
 339      -0.03796     -73.84665     282.57147       0.00534      -0.03229       0.00243 p3_srg_aei_12_r1_270deg
 340      52.18020     -52.25317     282.59387       0.00534      -0.03229       0.00243 p3_srg_aei_12_r1_315deg
 341      55.45222      -0.00158     282.59808       0.00534      -0.03229       0.00243 p3_srg_aei_12_r1_front
 342     -52.14385      51.46148     282.64698       0.00534      -0.03229       0.00243 p3_srg_aei_12_r1_135deg
 343       0.07900      73.00085     282.67488       0.00534      -0.03229       0.00243 p3_srg_aei_12_r1_90deg
 344      52.29275      51.26683     282.72341       0.00534      -0.03229       0.00243 p3_srg_aei_12_r1_45deg
 345     -27.86448     -97.61820     336.19365       0.00518      -0.03225       0.00243 p3_bpx_aei_ip_12_14_r2_cone
 346     -27.91150      96.77631     336.41965       0.00518      -0.03225       0.00243 p3_bpx_aei_ho_12_14_r2_cone
 347      47.42864     -97.53663     346.07344       0.00515      -0.03224       0.00243 p3_bpx_aei_ip_12_14_r2_flat
 348      47.36892      96.72527     346.33294       0.00515      -0.03224       0.00243 p3_bpx_aei_ho_12_14_r2_flat
 349      30.69537     -97.59779     384.54362       0.00499      -0.03219       0.00243 p3_bpx_aei_ip_12_14_r2_grove
 350      30.62126      96.67571     384.79215       0.00499      -0.03219       0.00243 p3_bpx_aei_ho_12_14_r2_grove
 351      46.61124     -97.63751     430.21216       0.00477      -0.03212       0.00243 p3_bpx_aei_ip_12_10_r2_cone
 352      46.50552      96.64639     430.46594       0.00477      -0.03212       0.00243 p3_bpx_aei_ho_12_10_r2_cone
 353     -28.97532     -97.74669     437.44049       0.00473      -0.03211       0.00243 p3_bpx_aei_ip_12_10_r2_grove
 354     -29.06574      96.64641     437.66168       0.00472      -0.03211       0.00243 p3_bpx_aei_ho_12_10_r2_grove
 355     -13.61087     -97.77105     476.47864       0.00448      -0.03204       0.00243 p3_bpx_aei_ip_12_10_r2_flat
 356     -13.72299      96.57105     476.70307       0.00448      -0.03204       0.00243 p3_bpx_aei_ho_12_10_r2_flat
 357      -0.57945     -45.54163     561.01369       0.00380      -0.03183       0.00243 p3_slm_aei_12_surf_r2
 358     -52.80162      50.98577     747.89977       0.00245      -0.04124       0.00243 p3_srg_aei_12_r2_135deg
 359      -0.82367      72.99214     747.91117       0.00245      -0.04125       0.00243 p3_srg_aei_12_r2_90deg
 360      55.41126       0.17810     747.99073       0.00245      -0.04125       0.00243 p3_srg_aei_12_r2_front
 361     -55.64644      -0.03763     748.00451       0.00245      -0.04125       0.00243 p3_srg_aei_12_r2_rear
 362      51.68158      51.95381     748.00256       0.00245      -0.04125       0.00243 p3_srg_aei_12_r2_45deg
 363      52.20903     -52.08359     748.04079       0.00245      -0.04126       0.00243 p3_srg_aei_12_r2_315deg
 364     -52.22437     -52.25744     748.06260       0.00245      -0.04126       0.00243 p3_srg_aei_12_r2_225deg
 365      -0.00182     -73.72556     748.10159       0.00245      -0.04126       0.00243 p3_srg_aei_12_r2_270deg
 366     193.58979     -32.80274     929.10076       0.00206      -0.06172       0.00243 p3_bpl_aei_12_r1_grove
 367     195.92677      40.17300     949.96058       0.00205      -0.06389       0.00243 p3_bpl_aei_12_r1_cone
 368     197.99485     -32.81896     970.78913       0.00205      -0.06590       0.00243 p3_bpl_aei_12_r1_flat
 369     -47.27214     -97.48123    1034.51618       0.00204      -0.07082       0.00243 p3_bpx_aei_ip_12_14_r3_cone
 370     -47.12872      96.91517    1035.15268       0.00204      -0.07086       0.00243 p3_bpx_aei_ho_12_14_r3_cone
 371      27.96009     -97.50250    1044.85066       0.00204      -0.07140       0.00243 p3_bpx_aei_ip_12_14_r3_flat
 372      28.10891      96.77411    1045.45175       0.00204      -0.07143       0.00243 p3_bpx_aei_ho_12_14_r3_flat
 373      10.99456     -97.57408    1083.21962       0.00204      -0.07291       0.00243 p3_bpx_aei_ip_12_14_r3_grove
 374      11.16398      96.72862    1083.82602       0.00204      -0.07292       0.00243 p3_bpx_aei_ho_12_14_r3_grove
 375      28.88710     -97.65455    1117.91957       0.00203      -0.07328       0.00243 p3_bpx_aei_ip_12_10_r3_cone
 376      29.07382      96.64275    1118.51197       0.00203      -0.07327       0.00243 p3_bpx_aei_ho_12_10_r3_cone
 377     -46.74910     -97.66255    1124.68683       0.00203      -0.07323       0.00243 p3_bpx_aei_ip_12_10_r3_grove
 378     -46.55258      96.77045    1125.32102       0.00203      -0.07322       0.00243 p3_bpx_aei_ho_12_10_r3_grove
 379     -31.61695     -97.72301    1163.81225       0.00201      -0.07206       0.00243 p3_bpx_aei_ip_12_10_r3_flat
 380     -31.40404      96.65659    1164.43505       0.00201      -0.07203       0.00243 p3_bpx_aei_ho_12_10_r3_flat
 381      55.39398      -0.13889    1179.11567       0.00200      -0.07118       0.00243 p3_mid_aei_12_front
 382     -44.30453     -97.50971    1367.85027       0.00149      -0.03505       0.00243 p3_bpx_aei_ip_12_14_r4_cone
 383     -44.31085      96.88679    1368.09548       0.00149      -0.03496       0.00243 p3_bpx_aei_ho_12_14_r4_cone
 384      30.95131     -97.47497    1378.02546       0.00144      -0.03153       0.00243 p3_bpx_aei_ip_12_14_r4_flat
 385      30.94509      96.81563    1378.23738       0.00144      -0.03145       0.00243 p3_bpx_aei_ho_12_14_r4_flat
 386      14.07244     -97.52308    1416.43685       0.00121      -0.01656       0.00243 p3_bpx_aei_ip_12_14_r4_grove
 387      14.08242      96.75312    1416.64852       0.00121      -0.01647       0.00243 p3_bpx_aei_ho_12_14_r4_grove
 388      45.50033     -97.57563    1445.47887       0.00100      -0.00338       0.00243 p3_bpx_aei_ip_12_10_r4_cone
 389      45.52291      96.72897    1445.67158       0.00100      -0.00329       0.00243 p3_bpx_aei_ho_12_10_r4_cone
 390     -30.11725     -97.61334    1452.39613       0.00095       0.00000       0.00243 p3_bpx_aei_ip_12_10_r4_grove
 391     -30.08428      96.76116    1452.63084       0.00094       0.00012       0.00243 p3_bpx_aei_ho_12_10_r4_grove
 392     -14.90455     -97.64304    1491.49206       0.00060       0.02101       0.00243 p3_bpx_aei_ip_12_10_r4_flat
 393     -14.85519      96.67766    1491.71944       0.00060       0.02114       0.00243 p3_bpx_aei_ho_12_10_r4_flat
 394      32.93810    -210.42564    1532.37476       0.00017       0.04651       0.00243 p3_baz_aei_12_11_r2_flat
 394      32.93810    -210.42564    1532.37476       0.00017       0.04651       0.00243 p3_baz_aei_12_10_r2_flat
 395     -43.00022    -210.46426    1532.86961       0.00017       0.04685       0.00243 p3_baz_aei_12_11_r2_cone
 395     -43.00022    -210.46426    1532.86961       0.00017       0.04685       0.00243 p3_baz_aei_12_10_r2_cone
 396      21.61885    -210.43502    1572.75723      -0.00032       0.07549       0.00243  p3_baz_aei_12_11_r2_grove
 396      21.61885    -210.43502    1572.75723      -0.00032       0.07549       0.00243  p3_baz_aei_12_10_r2_grove
 397     -37.06233     -22.45102    1691.29252      -0.00229       0.18436       0.00243 p3_gim_aei_12_surf_r2
 398       0.14542     -73.91039    1825.34987      -0.00473       0.31509       0.00243 p3_srg_aei_12_r3_270deg
 399      52.36497     -52.16152    1825.36733      -0.00473       0.31509       0.00243 p3_srg_aei_12_r3_315deg
 400     -52.06655     -52.51097    1825.39872      -0.00473       0.31514       0.00243 p3_srg_aei_12_r3_225deg
 401      55.45356       0.00107    1825.49325      -0.00473       0.31518       0.00243 p3_srg_aei_12_r3_front
 402     -52.26172      51.30053    1825.46635      -0.00473       0.31519       0.00243 p3_srg_aei_12_r3_135deg
 403     -55.54196      -0.25176    1825.49957      -0.00473       0.31522       0.00243 p3_srg_aei_12_r3_rear
 404      52.06806      51.34618    1825.54743      -0.00473       0.31523       0.00243 p3_srg_aei_12_r3_45deg
 405      -0.10649      72.87171    1825.55509      -0.00473       0.31524       0.00243 p3_srg_aei_12_r3_90deg
 406      29.81966     -97.76243    1894.75529      -0.00562       0.36281       0.00243 p3_bpx_aei_ip_12_10_r5_cone
 407      29.90042      96.59647    1895.06542      -0.00562       0.36299       0.00243 p3_bpx_aei_ho_12_10_r5_cone
 408     -46.04531     -97.77126    1898.22357      -0.00566       0.36489       0.00243 p3_bpx_aei_ip_12_10_r5_grove
 409     -45.95495      96.70164    1898.54940      -0.00566       0.36508       0.00243 p3_bpx_aei_ho_12_10_r5_grove
 410     -32.63055     -97.81513    1937.97481      -0.00606       0.38646       0.00243 p3_bpx_aei_ip_12_10_r5_flat
 411     -32.52980      96.63077    1938.29092      -0.00606       0.38661       0.00243 p3_bpx_aei_ho_12_10_r5_flat
 412     -43.82705     -97.86315    1978.85862      -0.00640       0.40496       0.00243 p3_bpx_aei_ip_12_14_r5_cone
 413     -43.71410      96.60494    1979.17521      -0.00641       0.40509       0.00243 p3_bpx_aei_ho_12_14_r5_cone
 414      30.87992     -97.87922    1992.46396      -0.00650       0.41034       0.00243 p3_bpx_aei_ip_12_14_r5_flat
 415      30.98557      96.50917    1992.76687      -0.00651       0.41045       0.00243 p3_bpx_aei_ho_12_14_r5_flat
 416      12.26674     -97.90893    2030.04774      -0.00675       0.42337       0.00243 p3_bpx_aei_ip_12_14_r5_grove
 417      12.39359      96.48547    2030.35181      -0.00675       0.42347       0.00243 p3_bpx_aei_ho_12_14_r5_grove
 418      44.27735    -210.68428    2055.84779      -0.00689       0.43085       0.00243 p3_baz_aei_12_13_r2_cone
 418      44.27735    -210.68428    2055.84779      -0.00689       0.43085       0.00243 p3_baz_aei_12_14_r2_cone
 419     -29.56708    -210.65242    2073.42456      -0.00697       0.43532       0.00243  p3_baz_aei_12_13_r2_grove
 419     -29.56708    -210.65242    2073.42456      -0.00697       0.43532       0.00243  p3_baz_aei_12_14_r2_grove
 420      -9.04731    -210.56403    2109.92157      -0.00712       0.44308       0.00243 p3_baz_aei_12_13_r2_flat
 420      -9.04731    -210.56403    2109.92157      -0.00712       0.44308       0.00243 p3_baz_aei_12_14_r2_flat
 421     -84.44977     -97.69116    2208.57689      -0.00735       0.45562       0.00243 p3_bpx_aei_ip_12_14_r6_cone
 422     -84.45562      96.87983    2208.85982      -0.00735       0.45565       0.00243 p3_bpx_aei_ho_12_14_r6_cone
 423      -9.30062     -97.63443    2219.47114      -0.00737       0.45640       0.00243 p3_bpx_aei_ip_12_14_r6_flat
 424      -9.35867      96.75727    2219.73995      -0.00737       0.45641       0.00243 p3_bpx_aei_ho_12_14_r6_flat
 425      85.37588     -97.63678    2236.59028      -0.00738       0.45742       0.00243 p3_bpx_aei_ip_12_10_r6_cone
 426      85.33795      96.72052    2236.80940      -0.00738       0.45743       0.00243 p3_bpx_aei_ho_12_10_r6_cone
 427       9.68812     -97.62534    2242.80447      -0.00739       0.45774       0.00243 p3_bpx_aei_ip_12_10_r6_grove
 428       9.65039      96.76325    2243.03389      -0.00739       0.45775       0.00243 p3_bpx_aei_ho_12_10_r6_grove
 429     -26.54142     -97.65887    2257.71920      -0.00740       0.45839       0.00243 p3_bpx_aei_ip_12_14_r6_grove
 430     -26.54815      96.82343    2257.94994      -0.00740       0.45840       0.00243 p3_bpx_aei_ho_12_14_r6_grove
 431      24.52503     -97.62937    2282.04278      -0.00742       0.45916       0.00243 p3_bpx_aei_ip_12_10_r6_flat
 432      24.45757      96.80743    2282.33499      -0.00742       0.45917       0.00243 p3_bpx_aei_ho_12_10_r6_flat
 433    -109.93429     -73.77927    2299.11961      -0.00742       0.45953       0.00243 p3_bbi_aei_12_11_flat
 434    -113.58353    -149.57146    2299.25237      -0.00742       0.45953       0.00243 p3_bbi_aei_12_11_cone
 435     -70.17823     -87.29088    2300.90128      -0.00742       0.45956       0.00243 p3_bbi_aei_12_11_grove
 436     -41.80250     -88.80686    2302.14351      -0.00742       0.45958       0.00243 p3_bbi_aei_12_13_grove
 437      -2.12793     -75.33157    2303.82435      -0.00742       0.45960       0.00243 p3_bbi_aei_12_13_flat
 438       1.41099    -151.23518    2304.26201      -0.00743       0.45961       0.00243 p3_bbi_aei_12_13_cone
 439     484.38708    -107.37226    2319.31174      -0.00743       0.45980       0.00243 p3_bpl_aei_12_r2_grove
 440    -506.19207     -96.32118    2335.96403      -0.00743       0.45992       0.00243 p3_bbe_aei_12_11_flat
 441    -484.67132     -23.48964    2336.25796      -0.00743       0.45992       0.00243 p3_bbe_aei_12_11_cone
 442    -464.28438     -96.62490    2337.75350      -0.00743       0.45993       0.00243 p3_bbe_aei_12_11_grove
 443     449.18110    -115.05224    2340.74970      -0.00743       0.45994       0.00243 p3_bpl_aei_12_r2_flat
 444     468.50504     -43.46591    2357.13188      -0.00743       0.45999       0.00243 p3_bpl_aei_12_r2_cone
 445     325.77796     -96.87648    2373.04186      -0.00743       0.46000       0.00243 p3_bbe_aei_12_13_flat
 446     346.30190     -23.76043    2373.35165      -0.00743       0.46000       0.00243 p3_bbe_aei_12_13_cone
 447     367.67448     -96.60679    2374.97184      -0.00743       0.46000       0.00243 p3_bbe_aei_12_13_grove
 448      -0.26249       0.04386     580.80000       0.00000       0.00000       0.00000 p4_aei_12_par_1
 449      -0.27342       0.06605    1710.90000      26.08587       0.00000       0.00000 p4_aei_12_par_2
 450      -0.56147       0.02111    2382.00000     458.52995       1.00607       0.00082 p4_aei_12_par_3
 451      -0.17913       0.00636      -0.02123      -0.00430      -0.03978      -0.01140 p4_aei_12
 452     -14.87956      -0.00135      66.07003       0.01747       0.58306    3141.58130 p4_irm_aei_12_s1_fixed
 453      15.57396      -0.00297    2291.86459      -0.00949      -1.33368      -0.01140 p4_irm_aei_12_s2_fixed
 454      15.12044      -0.00101      66.08752       0.01747       0.58306    3141.58130 p4_irm_aei_12_l1_fixed
 455     -14.42604      -0.00331    2291.90460      -0.00949      -1.33368      -0.01140 p4_irm_aei_12_l2_fixed
 456     -15.10892       0.00404     477.97146       0.00226       0.49204      -0.01140 p4_irl_aei_12_s1
 457      15.05242      -0.00010    1879.96502      -0.00104      -1.10886      -0.01140 p4_irl_aei_12_s2
 458      14.73756      -0.00387     950.48157      -0.02094       0.16973      -0.01140 p4_irl_aei_12_l1
 459     -15.25939      -0.00595    1407.48334       0.01342      -0.23744      -0.01140 p4_irl_aei_12_l2
 460     -15.26083      -0.00401     941.17638      -0.02141       0.17552      -0.01140 p4_irc_aei_12_s1
 461      14.74288      -0.00548    1416.77605       0.01391      -0.25001      -0.01140 p4_irc_aei_12_s2
 462      14.73846      -0.00573    1398.17638       0.01291      -0.22511      -0.01140 p4_irc_aei_12_l1
 463     -15.26399      -0.00440     959.77657      -0.02044       0.16390      -0.01140 p4_irc_aei_12_l2
 464       0.15899      -0.00233      -0.02125       0.01751       0.58330      -0.01140 p4_irt_aei_12_r1
 465      -0.06739       0.00375     396.97883       0.00877       0.53101      -0.01140 p4_irt_aei_12_r2
 466      -0.22833      -0.00033     793.97892      -0.02479       0.26636      -0.01140 p4_irt_aei_12_r3
 467      -0.28360      -0.00705    1190.97932      -0.00280      -0.00335      -0.01140 p4_irt_aei_12_r4
 468      -0.19179      -0.00281    1587.98033       0.01726      -0.52909      -0.01140 p4_irt_aei_12_r5
 469       0.17532      -0.00063    1984.98227      -0.00534      -1.22314      -0.01140 p4_irt_aei_12_r6
 470       0.69421      -0.00400    2381.98544      -0.00954      -1.33498      -0.01140 p4_irt_aei_12_r7
 471     -34.07249     -97.59719      19.14101       0.01751       0.58330      -0.01140 p4_bpx_aei_ip_12_14_r1_cone
 472     -34.03119      96.89852      19.62133       0.01751       0.58329      -0.01140 p4_bpx_aei_ho_12_14_r1_cone
 473      41.13006     -97.58885      29.74298       0.01750       0.58328      -0.01140 p4_bpx_aei_ip_12_14_r1_flat
 474      41.16116      96.83546      30.21980       0.01750       0.58328      -0.01140 p4_bpx_aei_ho_12_14_r1_flat
 475      24.02471     -97.61097      68.05492       0.01746       0.58304      -0.01140 p4_bpx_aei_ip_12_14_r1_grove
 476      24.06482      96.77804      68.52525       0.01746       0.58303      -0.01140 p4_bpx_aei_ho_12_14_r1_grove
 477      35.06385     -97.64222     109.53004       0.01732       0.58220      -0.01140 p4_bpx_aei_ip_12_10_r1_cone
 478      35.10566      96.71839     109.99200       0.01732       0.58219      -0.01140 p4_bpx_aei_ho_12_10_r1_cone
 479     -40.59657     -97.68537     116.03250       0.01729       0.58199      -0.01140 p4_bpx_aei_ip_12_10_r1_grove
 480     -40.54306      96.80474     116.50427       0.01729       0.58198      -0.01140 p4_bpx_aei_ho_12_10_r1_grove
 481     -25.59433     -97.69653     155.21277       0.01698       0.58017      -0.01140 p4_bpx_aei_ip_12_10_r1_flat
 482     -25.54123      96.70378     155.68800       0.01698       0.58015      -0.01140 p4_bpx_aei_ho_12_10_r1_flat
 483      37.24425    -173.02035     194.61153       0.01648       0.57714      -0.01140 p4_baz_aei_12_13_r1_flat
 483      37.24425    -173.02035     194.61153       0.01648       0.57714      -0.01140 p4_baz_aei_12_11_r1_flat
 484     -32.76781    -173.08787     224.02885       0.01594       0.57390      -0.01140 p4_baz_aei_12_13_r1_cone
 484     -32.76781    -173.08787     224.02885       0.01594       0.57390      -0.01140 p4_baz_aei_12_11_r1_cone
 485      42.18020    -173.06203     236.26655       0.01567       0.57228      -0.01140  p4_baz_aei_12_13_r1_grove
 485      42.18020    -173.06203     236.26655       0.01567       0.57228      -0.01140  p4_baz_aei_12_11_r1_grove
 486      52.18169     -52.25221     282.58503       0.01436       0.56445      -0.01140 p4_srg_aei_12_r1_315deg
 487     -55.55661       0.00176     282.52716       0.01436       0.56445      -0.01140 p4_srg_aei_12_r1_rear
 488      -0.03497     -73.84431     282.56586       0.01436       0.56444      -0.01140 p4_srg_aei_12_r1_270deg
 489     -52.23802     -52.28340     282.54659       0.01436       0.56444      -0.01140 p4_srg_aei_12_r1_225deg
 490      55.45198       0.00302     282.61012       0.01436       0.56444      -0.01140 p4_srg_aei_12_r1_front
 491       0.07569      73.00279     282.68422       0.01435       0.56442      -0.01140 p4_srg_aei_12_r1_90deg
 492     -52.14807      51.46280     282.65805       0.01435       0.56442      -0.01140 p4_srg_aei_12_r1_135deg
 493      52.29213      51.27159     282.73440       0.01435       0.56442      -0.01140 p4_srg_aei_12_r1_45deg
 494     -27.85964     -97.61871     336.18167       0.01220       0.55154      -0.01140 p4_bpx_aei_ip_12_14_r2_cone
 495     -27.91850      96.77479     336.42597       0.01219       0.55147      -0.01140 p4_bpx_aei_ho_12_14_r2_cone
 496      47.43274     -97.53094     346.06562       0.01172       0.54867      -0.01140 p4_bpx_aei_ip_12_14_r2_flat
 497      47.36597      96.73207     346.34410       0.01171       0.54859      -0.01140 p4_bpx_aei_ho_12_14_r2_flat
 498      30.69757     -97.59701     384.53364       0.00957       0.53579      -0.01140 p4_bpx_aei_ip_12_14_r2_grove
 499      30.61621      96.67999     384.80064       0.00955       0.53569      -0.01140 p4_bpx_aei_ho_12_14_r2_grove
 500      46.61292     -97.63337     430.20109       0.00639       0.51677      -0.01140 p4_bpx_aei_ip_12_10_r2_cone
 501      46.50087      96.65553     430.47699       0.00637       0.51664      -0.01140 p4_bpx_aei_ho_12_10_r2_cone
 502     -28.97082     -97.74918     437.43018       0.00582       0.51334      -0.01140 p4_bpx_aei_ip_12_10_r2_grove
 503     -29.07246      96.65282     437.67280       0.00580       0.51322      -0.01140 p4_bpx_aei_ho_12_10_r2_grove
 504     -13.60627     -97.77315     476.46832       0.00240       0.49290      -0.01140 p4_bpx_aei_ip_12_10_r2_flat
 505     -13.72800      96.57725     476.71110       0.00238       0.49276      -0.01140 p4_bpx_aei_ho_12_10_r2_flat
 506      -0.73254     -45.53638     561.00867      -0.00715       0.43574      -0.01140 p4_slm_aei_12_surf_r2
 507      -0.82831      72.99628     747.92096      -0.02386       0.29600      -0.01140 p4_srg_aei_12_r2_90deg
 508     -52.80717      50.98669     747.90915      -0.02386       0.29599      -0.01140 p4_srg_aei_12_r2_135deg
 509      55.41380       0.18222     747.99567      -0.02386       0.29596      -0.01140 p4_srg_aei_12_r2_front
 510      51.66580      51.96978     748.01069      -0.02387       0.29595      -0.01140 p4_srg_aei_12_r2_45deg
 511      52.21188     -52.08151     748.02917      -0.02387       0.29593      -0.01140 p4_srg_aei_12_r2_315deg
 512     -55.64311      -0.04114     747.99949      -0.02387       0.29593      -0.01140 p4_srg_aei_12_r2_rear
 513     -52.21883     -52.26310     748.05206      -0.02387       0.29590      -0.01140 p4_srg_aei_12_r2_225deg
 514      -0.00139     -73.72741     748.09150      -0.02387       0.29588      -0.01140 p4_srg_aei_12_r2_270deg
 515     193.59641     -32.79357     929.10846      -0.02199       0.18303      -0.01140 p4_bpl_aei_12_r1_grove
 516     195.92840      40.18241     949.97113      -0.02097       0.17007      -0.01140 p4_bpl_aei_12_r1_cone
 517     197.99382     -32.81089     970.79361      -0.01981       0.15697      -0.01140 p4_bpl_aei_12_r1_flat
 518     -47.26564     -97.48582    1034.50066      -0.01562       0.11539      -0.01140 p4_bpx_aei_ip_12_14_r3_cone
 519     -47.13903      96.90927    1035.16252      -0.01557       0.11495      -0.01140 p4_bpx_aei_ho_12_14_r3_cone
 520      27.96391     -97.50472    1044.84063      -0.01486       0.10838      -0.01140 p4_bpx_aei_ip_12_14_r3_flat
 521      28.10003      96.77347    1045.46311      -0.01481       0.10796      -0.01140 p4_bpx_aei_ho_12_14_r3_flat
 522      10.99956     -97.57243    1083.21042      -0.01189       0.08149      -0.01140 p4_bpx_aei_ip_12_14_r3_grove
 523      11.15460      96.72657    1083.83503      -0.01184       0.08104      -0.01140 p4_bpx_aei_ho_12_14_r3_grove
 524      28.88908     -97.65189    1117.90945      -0.00904       0.05584      -0.01140 p4_bpx_aei_ip_12_10_r3_cone
 525      29.06543      96.63971    1118.52280      -0.00899       0.05537      -0.01140 p4_bpx_aei_ho_12_10_r3_cone
 526     -46.74299     -97.66711    1124.67743      -0.00847       0.05066      -0.01140 p4_bpx_aei_ip_12_10_r3_grove
 527     -46.56293      96.76879    1125.33371      -0.00842       0.05016      -0.01140 p4_bpx_aei_ho_12_10_r3_grove
 528     -31.61157     -97.72190    1163.80316      -0.00514       0.01957      -0.01140 p4_bpx_aei_ip_12_10_r3_flat
 529     -31.41359      96.65460    1164.44577      -0.00509       0.01904      -0.01140 p4_bpx_aei_ho_12_10_r3_flat
 530      55.39192      -0.13478    1179.12018      -0.00382       0.00680      -0.01140 p4_mid_aei_12_front
 531     -44.29197     -97.51137    1367.83506       0.01107      -0.18647      -0.01140 p4_bpx_aei_ip_12_14_r4_cone
 532     -44.31433      96.88144    1368.10253       0.01109      -0.18680      -0.01140 p4_bpx_aei_ho_12_14_r4_cone
 533      30.95870     -97.47349    1378.01952       0.01171      -0.19918      -0.01140 p4_bpx_aei_ip_12_14_r4_flat
 534      30.94023      96.81091    1378.25014       0.01173      -0.19948      -0.01140 p4_bpx_aei_ho_12_14_r4_flat
 535      14.07770     -97.52519    1416.42838       0.01389      -0.24954      -0.01140 p4_bpx_aei_ip_12_14_r4_grove
 536      14.07525      96.75011    1416.65927       0.01390      -0.24986      -0.01140 p4_bpx_aei_ho_12_14_r4_grove
 537      45.50614     -97.57421    1445.47018       0.01525      -0.29036      -0.01140 p4_bpx_aei_ip_12_10_r4_cone
 538      45.51909      96.72629    1445.68170       0.01526      -0.29067      -0.01140 p4_bpx_aei_ho_12_10_r4_cone
 539     -30.11092     -97.61677    1452.38899       0.01553      -0.30041      -0.01140 p4_bpx_aei_ip_12_10_r4_grove
 540     -30.08866      96.76104    1452.64447       0.01554      -0.30079      -0.01140 p4_bpx_aei_ho_12_10_r4_grove
 541     -14.89412     -97.64516    1491.48564       0.01681      -0.36013      -0.01140 p4_bpx_aei_ip_12_10_r4_flat
 542     -14.85635      96.67255    1491.73146       0.01682      -0.36053      -0.01140 p4_bpx_aei_ho_12_10_r4_flat
 543      32.94766    -210.42741    1532.36844       0.01751      -0.42784      -0.01140 p4_baz_aei_12_11_r2_flat
 543      32.94766    -210.42741    1532.36844       0.01751      -0.42784      -0.01140 p4_baz_aei_12_10_r2_flat
 544     -42.99325    -210.47017    1532.85767       0.01752      -0.42862      -0.01140 p4_baz_aei_12_11_r2_cone
 544     -42.99325    -210.47017    1532.85767       0.01752      -0.42862      -0.01140 p4_baz_aei_12_10_r2_cone
 545      21.62387    -210.44143    1572.74784       0.01748      -0.50026      -0.01140  p4_baz_aei_12_11_r2_grove
 545      21.62387    -210.44143    1572.74784       0.01748      -0.50026      -0.01140  p4_baz_aei_12_10_r2_grove
 546     -37.22394     -22.45345    1691.28797       0.01242      -0.74818      -0.01140 p4_gim_aei_12_surf_r2
 547     -52.10850     -52.47379    1825.39586       0.00204      -1.02670      -0.01140 p4_srg_aei_12_r3_225deg
 548       0.14375     -73.91410    1825.34306       0.00204      -1.02670      -0.01140 p4_srg_aei_12_r3_270deg
 549      52.24817     -52.24700    1825.35861       0.00204      -1.02681      -0.01140 p4_srg_aei_12_r3_315deg
 550     -52.27099      51.29701    1825.48222       0.00204      -1.02684      -0.01140 p4_srg_aei_12_r3_135deg
 551     -55.54389      -0.25453    1825.49469       0.00204      -1.02685      -0.01140 p4_srg_aei_12_r3_rear
 552      55.45072       0.00034    1825.49901       0.00203      -1.02705      -0.01140 p4_srg_aei_12_r3_front
 553      -0.12130      72.87720    1825.56443       0.00203      -1.02707      -0.01140 p4_srg_aei_12_r3_90deg
 554      52.06079      51.34400    1825.55858       0.00203      -1.02714      -0.01140 p4_srg_aei_12_r3_45deg
 555      29.82409     -97.75935    1894.75059      -0.00177      -1.12828      -0.01140 p4_bpx_aei_ip_12_10_r5_cone
 556      29.89545      96.59775    1895.07844      -0.00179      -1.12870      -0.01140 p4_bpx_aei_ho_12_10_r5_cone
 557     -46.03889     -97.77003    1898.21029      -0.00193      -1.13254      -0.01140 p4_bpx_aei_ip_12_10_r5_grove
 558     -45.96311      96.70397    1898.56060      -0.00195      -1.13298      -0.01140 p4_bpx_aei_ho_12_10_r5_grove
 559     -32.62801     -97.81319    1937.96722      -0.00366      -1.17847      -0.01140 p4_bpx_aei_ip_12_10_r5_flat
 560     -32.53663      96.63081    1938.30543      -0.00367      -1.17883      -0.01140 p4_bpx_aei_ho_12_10_r5_flat
 561     -43.82281     -97.85609    1978.85310      -0.00514      -1.21783      -0.01140 p4_bpx_aei_ip_12_14_r5_cone
 562     -43.72022      96.60590    1979.19109      -0.00515      -1.21813      -0.01140 p4_bpx_aei_ho_12_14_r5_cone
 563      30.88234     -97.87782    1992.45603      -0.00557      -1.22937      -0.01140 p4_bpx_aei_ip_12_14_r5_flat
 564      30.98152      96.50808    1992.77659      -0.00558      -1.22963      -0.01140 p4_bpx_aei_ho_12_14_r5_flat
 565      12.27415     -97.91196    2030.03568      -0.00661      -1.25707      -0.01140 p4_bpx_aei_ip_12_14_r5_grove
 566      12.39515      96.48684    2030.36331      -0.00662      -1.25729      -0.01140 p4_bpx_aei_ho_12_14_r5_grove
 567      44.27734    -210.68147    2055.83629      -0.00721      -1.27300      -0.01140 p4_baz_aei_12_13_r2_cone
 567      44.27734    -210.68147    2055.83629      -0.00721      -1.27300      -0.01140 p4_baz_aei_12_14_r2_cone
 568     -29.56522    -210.65174    2073.41185      -0.00757      -1.28245      -0.01140  p4_baz_aei_12_13_r2_grove
 568     -29.56522    -210.65174    2073.41185      -0.00757      -1.28245      -0.01140  p4_baz_aei_12_14_r2_grove
 569      -9.04577    -210.56310    2109.91038      -0.00819      -1.29898      -0.01140 p4_baz_aei_12_13_r2_flat
 569      -9.04577    -210.56310    2109.91038      -0.00819      -1.29898      -0.01140 p4_baz_aei_12_14_r2_flat
 570     -84.44573     -97.69292    2208.56834      -0.00919      -1.32564      -0.01140 p4_bpx_aei_ip_12_14_r6_cone
 571     -84.45434      96.87857    2208.87655      -0.00919      -1.32569      -0.01140 p4_bpx_aei_ho_12_14_r6_cone
 572      -9.29575     -97.63777    2219.46124      -0.00925      -1.32731      -0.01140 p4_bpx_aei_ip_12_14_r6_flat
 573      -9.35768      96.75893    2219.74942      -0.00925      -1.32735      -0.01140 p4_bpx_aei_ho_12_14_r6_flat
 574      85.37746     -97.63835    2236.58066      -0.00934      -1.32950      -0.01140 p4_bpx_aei_ip_12_10_r6_cone
 575      85.34106      96.71515    2236.82152      -0.00934      -1.32953      -0.01140 p4_bpx_aei_ho_12_10_r6_cone
 576       9.69239     -97.63257    2242.79444      -0.00936      -1.33016      -0.01140 p4_bpx_aei_ip_12_10_r6_grove
 577       9.64580      96.75683    2243.04362      -0.00936      -1.33019      -0.01140 p4_bpx_aei_ho_12_10_r6_grove
 578     -26.53642     -97.65852    2257.71081      -0.00941      -1.33155      -0.01140 p4_bpx_aei_ip_12_14_r6_grove
 579     -26.54891      96.82707    2257.95986      -0.00941      -1.33157      -0.01140 p4_bpx_aei_ho_12_14_r6_grove
 580      24.52536     -97.63487    2282.02383      -0.00947      -1.33320      -0.01140 p4_bpx_aei_ip_12_10_r6_flat
 581      24.45907      96.80503    2282.34677      -0.00947      -1.33322      -0.01140 p4_bpx_aei_ho_12_10_r6_flat
 582    -109.93534     -73.76827    2299.12158      -0.00950      -1.33396      -0.01140 p4_bbi_aei_12_11_flat
 583    -113.58860    -149.56031    2299.26054      -0.00950      -1.33397      -0.01140 p4_bbi_aei_12_11_cone
 584     -70.18204     -87.28413    2300.90145      -0.00951      -1.33403      -0.01140 p4_bbi_aei_12_11_grove
 585     -41.80574     -88.79812    2302.12630      -0.00951      -1.33407      -0.01140 p4_bbi_aei_12_13_grove
 586      -2.13265     -75.33148    2303.83492      -0.00951      -1.33413      -0.01140 p4_bbi_aei_12_13_flat
 587       1.40819    -151.23235    2304.25818      -0.00951      -1.33414      -0.01140 p4_bbi_aei_12_13_cone
 588     484.37961    -107.37869    2319.30821      -0.00953      -1.33456      -0.01140 p4_bpl_aei_12_r2_grove
 589    -506.19379     -96.29943    2335.97258      -0.00953      -1.33480      -0.01140 p4_bbe_aei_12_11_flat
 590    -484.67330     -23.47209    2336.26046      -0.00953      -1.33480      -0.01140 p4_bbe_aei_12_11_cone
 591    -464.28313     -96.60887    2337.75767      -0.00954      -1.33482      -0.01140 p4_bbe_aei_12_11_grove
 592     449.17535    -115.06139    2340.75232      -0.00954      -1.33486      -0.01140 p4_bpl_aei_12_r2_flat
 593     468.50292     -43.47433    2357.11764      -0.00954      -1.33496      -0.01140 p4_bpl_aei_12_r2_cone
 594     325.77444     -96.87871    2373.04504      -0.00954      -1.33498      -0.01140 p4_bbe_aei_12_13_flat
 595     346.30296     -23.75998    2373.35934      -0.00954      -1.33498      -0.01140 p4_bbe_aei_12_13_cone
 596     367.67138     -96.60705    2374.97063      -0.00954      -1.33498      -0.01140 p4_bbe_aei_12_13_grove
 597     -15.00000       0.00000      66.10000       0.00000      -0.00000       1.59270 p1_irm_aei_12_s1
 598      15.00000       0.00000      66.10000       0.00000      -0.00000       1.59270 p1_irm_aei_12_l1
 599      15.00000       0.00000    2291.90000       0.00000      -0.00000   -3140.00000 p1_irm_aei_12_s2
 600     -15.00000       0.00000    2291.90000       0.00000      -0.00000   -3140.00000 p1_irm_aei_12_l2
 601     -15.08239       0.00045      66.12329      -0.00119      -0.36266       1.57937 p2_irm_aei_12_s1
 602      14.91761       0.00085      66.11241      -0.00119      -0.36266       1.57937 p2_irm_aei_12_l1
 603      14.98229       0.00073    2291.92000       0.00134       0.03917   -3140.01333 p2_irm_aei_12_s2
 604     -15.01771       0.00033    2291.91883       0.00134       0.03917   -3140.01333 p2_irm_aei_12_l2
 605     -15.01128      -0.00260      66.10007       0.00556      -0.03236       1.59513 p3_irm_aei_12_s1
 606      14.98872      -0.00267      66.09910       0.00556      -0.03236       1.59513 p3_irm_aei_12_l1
 607      14.80263      -0.00192    2291.91046      -0.00742       0.45939   -3139.99757 p3_irm_aei_12_s2
 608     -15.19737      -0.00185    2291.89668      -0.00742       0.45939   -3139.99757 p3_irm_aei_12_l2
 609     -14.87956      -0.00135      66.07003       0.01747       0.58306       1.58130 p4_irm_aei_12_s1
 610      15.12044      -0.00101      66.08752       0.01747       0.58306       1.58130 p4_irm_aei_12_l1
 611      15.57396      -0.00297    2291.86459      -0.00949      -1.33368   -3140.01140 p4_irm_aei_12_s2
 612     -14.42604      -0.00331    2291.90460      -0.00949      -1.33368   -3140.01140 p4_irm_aei_12_l2
