   1       0.00000       0.00000     739.80000       0.00000       0.00000       0.00000 p1_cei_13_par_1
   2       0.00000       0.00000    2041.34000      26.08587       0.00000       0.00000 p1_cei_13_par_2
   3       0.00000       0.00000    2382.00000       0.00000       0.00000       0.00000 p1_cei_13_par_3
   4       0.00000       0.00000       0.00000       0.00000       0.00000       0.00000 p1_cei_13
   5     -15.00000       0.00000      66.10000       0.00000      -0.00000   -3141.59261 p1_irm_cei_13_s1_fixed
   6      15.00000       0.00000    2291.90000       0.00000      -0.00000       0.00000 p1_irm_cei_13_s2_fixed
   7      15.00000       0.00000      66.10000       0.00000      -0.00000   -3141.59261 p1_irm_cei_13_l1_fixed
   8     -15.00000       0.00000    2291.90000       0.00000      -0.00000       0.00000 p1_irm_cei_13_l2_fixed
   9     -15.00000       0.00000     478.00000       0.00000      -0.00000       0.00000 p1_irl_cei_13_s1
  10      15.00000       0.00000    1880.00000       0.00000      -0.00000       0.00000 p1_irl_cei_13_s2
  11      15.00000       0.00000     950.50000       0.00000      -0.00000       0.00000 p1_irl_cei_13_l1
  12     -15.00000       0.00000    1407.50000       0.00000      -0.00000       0.00000 p1_irl_cei_13_l2
  13     -15.00000       0.00000     941.20000       0.00000      -0.00000       0.00000 p1_irc_cei_13_s1
  14      15.00000       0.00000    1416.80000       0.00000      -0.00000       0.00000 p1_irc_cei_13_s2
  15      15.00000       0.00000    1398.20000       0.00000      -0.00000       0.00000 p1_irc_cei_13_l1
  16     -15.00000       0.00000     959.80000       0.00000      -0.00000       0.00000 p1_irc_cei_13_l2
  17       0.00000       0.00000       0.00000       0.00000      -0.00000       0.00000 p1_irt_cei_13_r1
  18       0.00000       0.00000     397.00000       0.00000      -0.00000       0.00000 p1_irt_cei_13_r2
  19       0.00000       0.00000     794.00000       0.00000      -0.00000       0.00000 p1_irt_cei_13_r3
  20       0.00000       0.00000    1191.00000       0.00000      -0.00000       0.00000 p1_irt_cei_13_r4
  21       0.00000       0.00000    1588.00000       0.00000      -0.00000       0.00000 p1_irt_cei_13_r5
  22       0.00000       0.00000    1985.00000       0.00000      -0.00000       0.00000 p1_irt_cei_13_r6
  23       0.00000       0.00000    2382.00000       0.00000      -0.00000       0.00000 p1_irt_cei_13_r7
  24     -36.67730     -97.76010      14.40830       0.00000      -0.00000       0.00000 p1_bpx_cei_ip_13_15_r1_cone
  25     -36.88030      97.11840      15.04650       0.00000      -0.00000       0.00000 p1_bpx_cei_ho_13_15_r1_cone
  26      39.23120     -97.67280      16.62120       0.00000      -0.00000       0.00000 p1_bpx_cei_ip_13_15_r1_flat
  27      39.02620      97.17440      17.22710       0.00000      -0.00000       0.00000 p1_bpx_cei_ho_13_15_r1_flat
  28      26.48490     -97.66620      56.59100       0.00000      -0.00000       0.00000 p1_bpx_cei_ip_13_15_r1_grove
  29      26.29460      97.06900      57.20020       0.00000      -0.00000       0.00000 p1_bpx_cei_ho_13_15_r1_grove
  30      24.00580     -97.64950      88.48340       0.00000      -0.00000       0.00000 p1_bpx_cei_ip_13_11_r1_cone
  31      23.82610      96.97450      89.09110       0.00000      -0.00000       0.00000 p1_bpx_cei_ho_13_11_r1_cone
  32     -50.46920     -97.73640     103.32150       0.00000      -0.00000       0.00000 p1_bpx_cei_ip_13_11_r1_grove
  33     -50.63250      96.91480     103.96030       0.00000      -0.00000       0.00000 p1_bpx_cei_ho_13_11_r1_grove
  34     -31.23380     -97.67520     140.59860       0.00000      -0.00000       0.00000 p1_bpx_cei_ip_13_11_r1_flat
  35     -31.39220      96.79910     141.23270       0.00000      -0.00000       0.00000 p1_bpx_cei_ho_13_11_r1_flat
  36     -55.46490       0.00000     193.07710       0.00000      -0.00000       0.00000 p1_srg_cei_13_r1_rear
  37     -52.22350     -52.24540     193.08510       0.00000      -0.00000       0.00000 p1_srg_cei_13_r1_225deg
  38     -52.10120      51.67410     193.14760       0.00000      -0.00000       0.00000 p1_srg_cei_13_r1_135deg
  39       0.00670     -73.87150     193.16760       0.00000      -0.00000       0.00000 p1_srg_cei_13_r1_270deg
  40       0.12200      73.16530     193.18600       0.00000      -0.00000       0.00000 p1_srg_cei_13_r1_90deg
  41      52.31780      51.52880     193.22300       0.00000      -0.00000       0.00000 p1_srg_cei_13_r1_45deg
  42      52.20210     -52.24230     193.26320       0.00000      -0.00000       0.00000 p1_srg_cei_13_r1_315deg
  43      55.45650       0.00000     193.30000       0.00000      -0.00000       0.00000 p1_srg_cei_13_r1_front
  44      50.04400     209.74100     248.50000       0.00000      -0.00000       0.00000 p1_baz_cei_13_12_11_r1_cone
  45     -25.89530     209.77480     249.19820       0.00000      -0.00000       0.00000 p1_baz_cei_13_12_11_r1_grove
  46     -13.93490     209.76680     289.41060       0.00000      -0.00000       0.00000 p1_baz_cei_13_12_11_r1_flat
  47     -38.11680     -97.50650     324.45740       0.00000      -0.00000       0.00000 p1_bpx_cei_ip_13_15_r2_cone
  48     -38.25120      97.04730     324.95130       0.00000      -0.00000       0.00000 p1_bpx_cei_ho_13_15_r2_cone
  49      37.77230     -97.46590     327.23940       0.00000      -0.00000       0.00000 p1_bpx_cei_ip_13_15_r2_flat
  50      37.64510      97.08690     327.69690       0.00000      -0.00000       0.00000 p1_bpx_cei_ho_13_15_r2_flat
  51      24.71870     -97.50660     367.10780       0.00000      -0.00000       0.00000 p1_bpx_cei_ip_13_15_r2_grove
  52      24.60340      97.04100     367.56910       0.00000      -0.00000       0.00000 p1_bpx_cei_ho_13_15_r2_grove
  53      28.21120     -97.54530     401.67030       0.00000      -0.00000       0.00000 p1_bpx_cei_ip_13_11_r2_cone
  54      28.11050      97.02240     402.12890       0.00000      -0.00000       0.00000 p1_bpx_cei_ho_13_11_r2_cone
  55     -46.36530     -97.59960     415.95050       0.00000      -0.00000       0.00000 p1_bpx_cei_ip_13_11_r2_grove
  56     -46.45960      96.99090     416.44230       0.00000      -0.00000       0.00000 p1_bpx_cei_ho_13_11_r2_grove
  57     -27.41510     -97.60150     453.37070       0.00000      -0.00000       0.00000 p1_bpx_cei_ip_13_11_r2_flat
  58     -27.49000      96.94900     453.85700       0.00000      -0.00000       0.00000 p1_bpx_cei_ho_13_11_r2_flat
  59      55.43480       0.02270     477.85750       0.00000      -0.00000       0.00000 p1_irl_cei_13_r1_front
  60     -36.84950     209.84960     548.92830       0.00000      -0.00000       0.00000 p1_baz_cei_13_14_15_r1_cone
  61      37.32820     209.80370     565.23310       0.00000      -0.00000       0.00000 p1_baz_cei_13_14_15_r1_flat
  62      17.35750     209.80360     602.12650       0.00000      -0.00000       0.00000 p1_baz_cei_13_14_15_r1_grove
  63      -7.69370     -36.10500     720.05580       0.00000      -0.00000       0.00000 p1_slm_cei_13_surf_r1
  64     -37.37050     -97.67310     811.78040       0.00000      -0.00000       0.00000 p1_bpx_cei_ip_13_15_r3_cone
  65     -37.51820      96.95720     812.03760       0.00000      -0.00000       0.00000 p1_bpx_cei_ho_13_15_r3_cone
  66      38.48870     -97.61270     815.38250       0.00000      -0.00000       0.00000 p1_bpx_cei_ip_13_15_r3_flat
  67      38.34080      96.99270     815.64170       0.00000      -0.00000       0.00000 p1_bpx_cei_ho_13_15_r3_flat
  68      25.01130     -97.61920     855.10220       0.00000      -0.00000       0.00000 p1_bpx_cei_ip_13_15_r3_grove
  69      24.85850      96.92420     855.36530       0.00000      -0.00000       0.00000 p1_bpx_cei_ho_13_15_r3_grove
  70      27.80280     -97.61380     891.88770       0.00000      -0.00000       0.00000 p1_bpx_cei_ip_13_11_r3_cone
  71      27.63750      96.87690     892.15050       0.00000      -0.00000       0.00000 p1_bpx_cei_ho_13_11_r3_cone
  72     -46.93100     -97.65840     905.37430       0.00000      -0.00000       0.00000 p1_bpx_cei_ip_13_11_r3_grove
  73     -47.08710      96.83230     905.62480       0.00000      -0.00000       0.00000 p1_bpx_cei_ho_13_11_r3_grove
  74     -28.37570     -97.63380     942.98720       0.00000      -0.00000       0.00000 p1_bpx_cei_ip_13_11_r3_flat
  75     -28.54740      96.75590     943.24840       0.00000      -0.00000       0.00000 p1_bpx_cei_ho_13_11_r3_flat
  76      55.39650      -0.03350     950.25930       0.00000      -0.00000       0.00000 p1_irc_cei_13_r1_front
  77      55.44020      -0.02700    1178.86480       0.00000      -0.00000       0.00000 p1_mid_cei_13_front
  78     -36.60990     -97.67850    1240.73900       0.00000      -0.00000       0.00000 p1_bpx_cei_ip_13_15_r4_cone
  79     -36.77190      96.96120    1241.00830       0.00000      -0.00000       0.00000 p1_bpx_cei_ho_13_15_r4_cone
  80      39.21600     -97.58830    1244.88780       0.00000      -0.00000       0.00000 p1_bpx_cei_ip_13_15_r4_flat
  81      39.05830      97.00330    1245.14960       0.00000      -0.00000       0.00000 p1_bpx_cei_ho_13_15_r4_flat
  82      25.44630     -97.62440    1284.51820       0.00000      -0.00000       0.00000 p1_bpx_cei_ip_13_15_r4_grove
  83      25.29000      96.94670    1284.77990       0.00000      -0.00000       0.00000 p1_bpx_cei_ho_13_15_r4_grove
  84      40.84610     -97.64640    1318.91590       0.00000      -0.00000       0.00000 p1_bpx_cei_ip_13_11_r4_cone
  85      40.69370      96.92440    1319.17610       0.00000      -0.00000       0.00000 p1_bpx_cei_ho_13_11_r4_cone
  86     -33.97700     -97.72130    1331.85300       0.00000      -0.00000       0.00000 p1_bpx_cei_ip_13_11_r4_grove
  87     -34.13660      96.87500    1332.11820       0.00000      -0.00000       0.00000 p1_bpx_cei_ho_13_11_r4_grove
  88     -15.69480     -97.71130    1369.61580       0.00000      -0.00000       0.00000 p1_bpx_cei_ip_13_11_r4_flat
  89     -15.84300      96.83660    1369.88470       0.00000      -0.00000       0.00000 p1_bpx_cei_ho_13_11_r4_flat
  90      55.38470       0.08050    1407.27880       0.00000      -0.00000       0.00000 p1_irc_cei_13_r2_front
  91     -28.66180     172.45550    1465.58580       0.00000      -0.00000       0.00000 p1_baz_cei_13_14_12_r2_grove
  92      41.73100     172.44530    1494.07310       0.00000      -0.00000       0.00000 p1_baz_cei_13_14_12_r2_cone
  93     -33.04880     172.41420    1507.31280       0.00000      -0.00000       0.00000 p1_baz_cei_13_14_12_r2_flat
  94     -27.04400     -97.59250    1666.01680       0.00000      -0.00000       0.00000 p1_bpx_cei_ip_13_15_r5_cone
  95     -27.18240      96.97020    1666.04800       0.00000      -0.00000       0.00000 p1_bpx_cei_ho_13_15_r5_cone
  96      48.78350     -97.51860    1670.18270       0.00000      -0.00000       0.00000 p1_bpx_cei_ip_13_15_r5_flat
  97      48.65640      96.96240    1670.18410       0.00000      -0.00000       0.00000 p1_bpx_cei_ho_13_15_r5_flat
  98      34.88780      96.93590    1709.81000       0.00000      -0.00000       0.00000 p1_bpx_cei_ho_13_15_r5_grove
  99      35.00470     -97.56870    1709.81140       0.00000      -0.00000       0.00000 p1_bpx_cei_ip_13_15_r5_grove
 100      46.92430      96.89720    1758.90080       0.00000      -0.00000       0.00000 p1_bpx_cei_ho_13_11_r5_cone
 101      47.02180     -97.62820    1758.90330       0.00000      -0.00000       0.00000 p1_bpx_cei_ip_13_11_r5_cone
 102     -27.80990     -97.71390    1771.80430       0.00000      -0.00000       0.00000 p1_bpx_cei_ip_13_11_r5_grove
 103     -27.90170      96.91180    1771.83360       0.00000      -0.00000       0.00000 p1_bpx_cei_ho_13_11_r5_grove
 104      -9.54570     -97.73660    1809.56500       0.00000      -0.00000       0.00000 p1_bpx_cei_ip_13_11_r5_flat
 105      -9.62370      96.87200    1809.59520       0.00000      -0.00000       0.00000 p1_bpx_cei_ho_13_11_r5_flat
 106      55.38550      -0.00030    1880.12780       0.00000      -0.00000       0.00000 p1_irl_cei_13_r2_front
 107     -13.36710     -41.41900    2021.33410       0.00000      -0.00000       0.00000 p1_gim_cei_13_surf_r1
 108     -55.69630      -0.21900    2115.99310       0.00000      -0.00000       0.00000 p1_srg_cei_13_r2_rear
 109      55.45650       0.00000    2116.03810       0.00000      -0.00000       0.00000 p1_srg_cei_13_r2_front
 110     -52.25580      51.71200    2116.04210       0.00000      -0.00000       0.00000 p1_srg_cei_13_r2_135deg
 111     -52.20760     -52.43220    2116.04340       0.00000      -0.00000       0.00000 p1_srg_cei_13_r2_225deg
 112      52.08450      51.60990    2116.04660       0.00000      -0.00000       0.00000 p1_srg_cei_13_r2_45deg
 113      -0.01620      73.15440    2116.05340       0.00000      -0.00000       0.00000 p1_srg_cei_13_r2_90deg
 114      52.16830     -52.23210    2116.05480       0.00000      -0.00000       0.00000 p1_srg_cei_13_r2_315deg
 115       0.00270     -73.90480    2116.07350       0.00000      -0.00000       0.00000 p1_srg_cei_13_r2_270deg
 116     -34.51820      96.92100    2206.37780       0.00000      -0.00000       0.00000 p1_bpx_cei_ho_13_15_r6_cone
 117     -34.35860     -97.67100    2206.53780       0.00000      -0.00000       0.00000 p1_bpx_cei_ip_13_15_r6_cone
 118      41.31160      96.91430    2210.47790       0.00000      -0.00000       0.00000 p1_bpx_cei_ho_13_15_r6_flat
 119      41.47000     -97.59010    2210.65880       0.00000      -0.00000       0.00000 p1_bpx_cei_ip_13_15_r6_flat
 120      27.55450      96.93420    2250.11670       0.00000      -0.00000       0.00000 p1_bpx_cei_ho_13_15_r6_grove
 121      27.71080     -97.59650    2250.29570       0.00000      -0.00000       0.00000 p1_bpx_cei_ip_13_15_r6_grove
 122      39.73290      97.01170    2332.19610       0.00000      -0.00000       0.00000 p1_bpx_cei_ho_13_11_r6_cone
 123      39.86800     -97.56900    2332.38370       0.00000      -0.00000       0.00000 p1_bpx_cei_ip_13_11_r6_cone
 124     -35.09660      96.99750    2345.16980       0.00000      -0.00000       0.00000 p1_bpx_cei_ho_13_11_r6_grove
 125     -34.95610     -97.64460    2345.33590       0.00000      -0.00000       0.00000 p1_bpx_cei_ip_13_11_r6_grove
 126     -16.80470      97.02020    2382.92570       0.00000      -0.00000       0.00000 p1_bpx_cei_ho_13_11_r6_flat
 127     -16.66840     -97.60140    2383.09130       0.00000      -0.00000       0.00000 p1_bpx_cei_ip_13_11_r6_flat
 128      99.67398       0.47139     739.80000       0.00000       0.00000       0.00000 p2_cei_13_par_1
 129     133.79984      -0.59156    2041.34000      26.08587       0.00000       0.00000 p2_cei_13_par_2
 130      -6.62493      -0.72387    2382.00000    4369.64701       0.16874      -0.00012 p2_cei_13_par_3
 131       0.37497       0.00496       0.02860      -0.00288       0.17793      -0.00620 p2_cei_13
 132     -15.08275       0.00155      66.13885       0.00263      -0.67041    3141.58650 p2_irm_cei_13_s1_fixed
 133      14.95146      -0.00154    2291.94223      -0.00251       0.23785      -0.00620 p2_irm_cei_13_s2_fixed
 134      14.91726       0.00174      66.11873       0.00263      -0.67041    3141.58650 p2_irm_cei_13_l1_fixed
 135     -15.04854      -0.00172    2291.93510      -0.00251       0.23785      -0.00620 p2_irm_cei_13_l2_fixed
 136     -14.83945       0.00248     478.03743       0.00162      -0.45707      -0.00620 p2_irl_cei_13_s1
 137      15.05162      -0.00026    1880.04063      -0.00385       0.24865      -0.00620 p2_irl_cei_13_s2
 138      15.24877       0.00281     950.53392      -0.00119       0.08136      -0.00620 p2_irl_cei_13_l1
 139     -14.83424       0.00145    1407.53139      -0.00370       0.22594      -0.00620 p2_irl_cei_13_l2
 140     -14.75051       0.00264     941.23156      -0.00113       0.07360      -0.00620 p2_irc_cei_13_s1
 141      15.16366       0.00161    1416.83823      -0.00373       0.22688      -0.00620 p2_irc_cei_13_s2
 142      15.16786       0.00167    1398.23812      -0.00367       0.22498      -0.00620 p2_irc_cei_13_l1
 143     -14.75202       0.00261     959.83141      -0.00125       0.08889      -0.00620 p2_irc_cei_13_l2
 144      -0.12724       0.00147       0.02851       0.00265      -0.67457      -0.00620 p2_irt_cei_13_r1
 145       0.12071       0.00243     397.03022       0.00194      -0.52454      -0.00620 p2_irt_cei_13_r2
 146       0.24966       0.00282     794.03199      -0.00018      -0.08133      -0.00620 p2_irt_cei_13_r3
 147       0.21189       0.00225    1191.03380      -0.00269       0.19843      -0.00620 p2_irt_cei_13_r4
 148       0.12354       0.00084    1588.03560      -0.00409       0.24066      -0.00620 p2_irt_cei_13_r5
 149       0.02559      -0.00074    1985.03736      -0.00350       0.24675      -0.00620 p2_irt_cei_13_r6
 150      -0.06994      -0.00185    2382.03904      -0.00245       0.23734      -0.00620 p2_irt_cei_13_r7
 151     -36.68036     -97.75742      14.40609       0.00265      -0.67438      -0.00620 p2_bpx_cei_ip_13_15_r1_cone
 152     -36.88123      97.11308      15.04931       0.00265      -0.67436      -0.00620 p2_bpx_cei_ho_13_15_r1_cone
 153      39.22948     -97.66884      16.61931       0.00265      -0.67431      -0.00620 p2_bpx_cei_ip_13_15_r1_flat
 154      39.02468      97.16836      17.22814       0.00265      -0.67429      -0.00620 p2_bpx_cei_ho_13_15_r1_flat
 155      26.48277     -97.66151      56.58796       0.00264      -0.67153      -0.00620 p2_bpx_cei_ip_13_15_r1_grove
 156      26.29308      97.05659      57.20098       0.00263      -0.67146      -0.00620 p2_bpx_cei_ho_13_15_r1_grove
 157      24.00462     -97.64774      88.48088       0.00261      -0.66712      -0.00620 p2_bpx_cei_ip_13_11_r1_cone
 158      23.82583      96.97346      89.09240       0.00261      -0.66702      -0.00620 p2_bpx_cei_ho_13_11_r1_cone
 159     -50.46894     -97.73337     103.32189       0.00260      -0.66442      -0.00620 p2_bpx_cei_ip_13_11_r1_grove
 160     -50.63342      96.91263     103.96299       0.00260      -0.66430      -0.00620 p2_bpx_cei_ho_13_11_r1_grove
 161     -31.23361     -97.67285     140.59891       0.00256      -0.65577      -0.00620 p2_bpx_cei_ip_13_11_r1_flat
 162     -31.39070      96.80205     141.23452       0.00256      -0.65560      -0.00620 p2_bpx_cei_ho_13_11_r1_flat
 163     -55.46523       0.00163     193.07398       0.00248      -0.63911      -0.00620 p2_srg_cei_13_r1_rear
 164     -52.22110     -52.24495     193.08743       0.00248      -0.63911      -0.00620 p2_srg_cei_13_r1_225deg
 165     -52.10060      51.67105     193.15100       0.00248      -0.63908      -0.00620 p2_srg_cei_13_r1_135deg
 166       0.00812     -73.87023     193.16831       0.00248      -0.63906      -0.00620 p2_srg_cei_13_r1_270deg
 167       0.12222      73.16147     193.18937       0.00248      -0.63906      -0.00620 p2_srg_cei_13_r1_90deg
 168      52.31750      51.52830     193.22397       0.00248      -0.63903      -0.00620 p2_srg_cei_13_r1_45deg
 169      52.20337     -52.23900     193.26450       0.00248      -0.63902      -0.00620 p2_srg_cei_13_r1_315deg
 170      55.45737       0.00232     193.29389       0.00248      -0.63900      -0.00620 p2_srg_cei_13_r1_front
 171      50.04673     209.73942     248.50097       0.00237      -0.61579      -0.00620 p2_baz_cei_13_12_11_r1_cone
 172     -25.89278     209.77225     249.19833       0.00237      -0.61548      -0.00620 p2_baz_cei_13_12_11_r1_grove
 173     -13.93293     209.76522     289.41369       0.00227      -0.59486      -0.00620 p2_baz_cei_13_12_11_r1_flat
 174     -38.11654     -97.50616     324.45775       0.00218      -0.57439      -0.00620 p2_bpx_cei_ip_13_15_r2_cone
 175     -38.24866      97.04564     324.95389       0.00217      -0.57409      -0.00620 p2_bpx_cei_ho_13_15_r2_cone
 176      37.77229     -97.46148     327.23624       0.00217      -0.57264      -0.00620 p2_bpx_cei_ip_13_15_r2_flat
 177      37.64655      97.08842     327.69740       0.00217      -0.57236      -0.00620 p2_bpx_cei_ho_13_15_r2_flat
 178      24.71960     -97.50458     367.10584       0.00204      -0.54630      -0.00620 p2_bpx_cei_ip_13_15_r2_grove
 179      24.60745      97.03902     367.57011       0.00204      -0.54597      -0.00620 p2_bpx_cei_ho_13_15_r2_grove
 180      28.21295     -97.54359     401.66969       0.00192      -0.52100      -0.00620 p2_bpx_cei_ip_13_11_r2_cone
 181      28.11209      97.02151     402.13218       0.00192      -0.52065      -0.00620 p2_bpx_cei_ho_13_11_r2_cone
 182     -46.36252     -97.59882     415.94849       0.00187      -0.50992      -0.00620 p2_bpx_cei_ip_13_11_r2_grove
 183     -46.45727      96.98758     416.44236       0.00187      -0.50953      -0.00620 p2_bpx_cei_ho_13_11_r2_grove
 184     -27.41440     -97.59914     453.36893       0.00172      -0.47895      -0.00620 p2_bpx_cei_ip_13_11_r2_flat
 185     -27.48997      96.94886     453.85633       0.00172      -0.47853      -0.00620 p2_bpx_cei_ho_13_11_r2_flat
 186      55.43659       0.02162     477.85900       0.00162      -0.45721      -0.00620 p2_irl_cei_13_r1_front
 187     -36.84865     209.84935     548.93148       0.00129      -0.38778      -0.00620 p2_baz_cei_13_14_15_r1_cone
 188      37.32835     209.80383     565.23555       0.00121      -0.37046      -0.00620 p2_baz_cei_13_14_15_r1_flat
 189      17.35716     209.80055     602.12897       0.00102      -0.32947      -0.00620 p2_baz_cei_13_14_15_r1_grove
 190      -7.45416     -36.10233     720.05486       0.00031      -0.18107      -0.00620 p2_slm_cei_13_surf_r1
 191     -37.37339     -97.67191     811.78268      -0.00029      -0.05945      -0.00620 p2_bpx_cei_ip_13_15_r3_cone
 192     -37.52048      96.95419     812.03884      -0.00030      -0.05914      -0.00620 p2_bpx_cei_ho_13_15_r3_cone
 193      38.48602     -97.60714     815.37885      -0.00032      -0.05512      -0.00620 p2_bpx_cei_ip_13_15_r3_flat
 194      38.33813      96.99046     815.64184      -0.00032      -0.05481      -0.00620 p2_bpx_cei_ho_13_15_r3_flat
 195      25.00919     -97.61574     855.10137      -0.00058      -0.00973      -0.00620 p2_bpx_cei_ip_13_15_r3_grove
 196      24.85669      96.92405     855.36580      -0.00058      -0.00944      -0.00620 p2_bpx_cei_ho_13_15_r3_grove
 197      27.80004     -97.61185     891.88764      -0.00082       0.02839      -0.00620 p2_bpx_cei_ip_13_11_r3_cone
 198      27.63733      96.87665     892.15310      -0.00082       0.02865      -0.00620 p2_bpx_cei_ho_13_11_r3_cone
 199     -46.93303     -97.65823     905.37216      -0.00090       0.04142      -0.00620 p2_bpx_cei_ip_13_11_r3_grove
 200     -47.08825      96.83107     905.62292      -0.00090       0.04166      -0.00620 p2_bpx_cei_ho_13_11_r3_grove
 201     -28.37834     -97.62895     942.98611      -0.00114       0.07509      -0.00620 p2_bpx_cei_ip_13_11_r3_flat
 202     -28.55226      96.75705     943.24671      -0.00115       0.07531      -0.00620 p2_bpx_cei_ho_13_11_r3_flat
 203      55.39409      -0.03504     950.26108      -0.00119       0.08114      -0.00620 p2_irc_cei_13_r1_front
 204      55.43670      -0.02698    1178.86489      -0.00261       0.19638      -0.00620 p2_mid_cei_13_front
 205     -36.60905     -97.67742    1240.74036      -0.00297       0.20570      -0.00620 p2_bpx_cei_ip_13_15_r4_cone
 206     -36.77031      96.96038    1241.00791      -0.00297       0.20574      -0.00620 p2_bpx_cei_ho_13_15_r4_cone
 207      39.21720     -97.58516    1244.88760      -0.00299       0.20628      -0.00620 p2_bpx_cei_ip_13_15_r4_flat
 208      39.05844      97.00204    1245.14975      -0.00300       0.20632      -0.00620 p2_bpx_cei_ho_13_15_r4_flat
 209      25.44942     -97.62017    1284.51696      -0.00320       0.21163      -0.00620 p2_bpx_cei_ip_13_15_r4_grove
 210      25.29066      96.94483    1284.78015      -0.00320       0.21166      -0.00620 p2_bpx_cei_ho_13_15_r4_grove
 211      40.84686     -97.64399    1318.91723      -0.00336       0.21598      -0.00620 p2_bpx_cei_ip_13_11_r4_cone
 212      40.69400      96.92111    1319.17426      -0.00336       0.21601      -0.00620 p2_bpx_cei_ho_13_11_r4_cone
 213     -33.97424     -97.71810    1331.85337      -0.00341       0.21755      -0.00620 p2_bpx_cei_ip_13_11_r4_grove
 214     -34.13511      96.87190    1332.11720      -0.00342       0.21758      -0.00620 p2_bpx_cei_ho_13_11_r4_grove
 215     -15.69264     -97.71371    1369.61624      -0.00357       0.22190      -0.00620 p2_bpx_cei_ip_13_11_r4_flat
 216     -15.84161      96.83718    1369.88300      -0.00357       0.22193      -0.00620 p2_bpx_cei_ho_13_11_r4_flat
 217      55.38752       0.07989    1407.27966      -0.00370       0.22591      -0.00620 p2_irc_cei_13_r2_front
 218     -28.66129     172.45115    1465.58564      -0.00387       0.23149      -0.00620 p2_baz_cei_13_14_12_r2_grove
 219      41.73248     172.44277    1494.07258      -0.00394       0.23393      -0.00620 p2_baz_cei_13_14_12_r2_cone
 220     -33.04952     172.41266    1507.31332      -0.00397       0.23500      -0.00620 p2_baz_cei_13_14_12_r2_flat
 221     -27.04349     -97.59205    1666.01740      -0.00413       0.24471      -0.00620 p2_bpx_cei_ip_13_15_r5_cone
 222     -27.18310      96.97185    1666.04657      -0.00413       0.24471      -0.00620 p2_bpx_cei_ho_13_15_r5_cone
 223      48.65629      96.96260    1670.18346      -0.00413       0.24488      -0.00620 p2_bpx_cei_ho_13_15_r5_flat
 224      48.78529     -97.51500    1670.18319      -0.00413       0.24488      -0.00620 p2_bpx_cei_ip_13_15_r5_flat
 225      34.88695      96.93525    1709.81052      -0.00412       0.24637      -0.00620 p2_bpx_cei_ho_13_15_r5_grove
 226      35.00556     -97.56675    1709.81154      -0.00412       0.24637      -0.00620 p2_bpx_cei_ip_13_15_r5_grove
 227      46.92262      96.89372    1758.89986      -0.00408       0.24771      -0.00620 p2_bpx_cei_ho_13_11_r5_cone
 228      47.02123     -97.62708    1758.90289      -0.00408       0.24771      -0.00620 p2_bpx_cei_ip_13_11_r5_cone
 229     -27.81017     -97.71309    1771.80411      -0.00407       0.24797      -0.00620 p2_bpx_cei_ip_13_11_r5_grove
 230     -27.90319      96.91221    1771.83288      -0.00407       0.24797      -0.00620 p2_bpx_cei_ho_13_11_r5_grove
 231      -9.54585     -97.73593    1809.56591      -0.00401       0.24851      -0.00620 p2_bpx_cei_ip_13_11_r5_flat
 232      -9.62516      96.87057    1809.59327      -0.00401       0.24851      -0.00620 p2_bpx_cei_ho_13_11_r5_flat
 233      55.38590      -0.00061    1880.12636      -0.00385       0.24865      -0.00620 p2_irl_cei_13_r2_front
 234     -13.34979     -41.41964    2021.33400      -0.00335       0.24550      -0.00620 p2_gim_cei_13_surf_r1
 235     -55.69620      -0.22100    2115.99436      -0.00294       0.24182      -0.00620 p2_srg_cei_13_r2_rear
 236      55.45009      -0.00081    2116.03373      -0.00294       0.24182      -0.00620 p2_srg_cei_13_r2_front
 237      52.08537      51.60947    2116.04857      -0.00294       0.24182      -0.00620 p2_srg_cei_13_r2_45deg
 238      52.16831     -52.23113    2116.05429      -0.00294       0.24182      -0.00620 p2_srg_cei_13_r2_315deg
 239      -0.01777      73.15284    2116.05244      -0.00294       0.24182      -0.00620 p2_srg_cei_13_r2_90deg
 240     -52.20679     -52.42998    2116.04065      -0.00294       0.24182      -0.00620 p2_srg_cei_13_r2_225deg
 241     -52.25553      51.71072    2116.04264      -0.00294       0.24182      -0.00620 p2_srg_cei_13_r2_135deg
 242       0.00344     -73.90376    2116.06851      -0.00294       0.24181      -0.00620 p2_srg_cei_13_r2_270deg
 243     -34.52014      96.92028    2206.37751      -0.00267       0.23929      -0.00620 p2_bpx_cei_ho_13_15_r6_cone
 244     -34.35897     -97.67262    2206.53913      -0.00267       0.23929      -0.00620 p2_bpx_cei_ip_13_15_r6_cone
 245      41.31078      96.91423    2210.47847      -0.00266       0.23920      -0.00620 p2_bpx_cei_ho_13_15_r6_flat
 246      41.47055     -97.59096    2210.65839      -0.00266       0.23920      -0.00620 p2_bpx_cei_ip_13_15_r6_flat
 247      27.55402      96.93605    2250.11592      -0.00258       0.23844      -0.00620 p2_bpx_cei_ho_13_15_r6_grove
 248      27.71148     -97.59525    2250.29566      -0.00257       0.23844      -0.00620 p2_bpx_cei_ip_13_15_r6_grove
 249      39.73149      97.01392    2332.19642      -0.00247       0.23750      -0.00620 p2_bpx_cei_ho_13_11_r6_cone
 250      39.87075     -97.56918    2332.38258      -0.00247       0.23749      -0.00620 p2_bpx_cei_ip_13_11_r6_cone
 251     -35.09729      96.99582    2345.16961      -0.00246       0.23742      -0.00620 p2_bpx_cei_ho_13_11_r6_grove
 252     -34.95582     -97.64338    2345.33646      -0.00246       0.23742      -0.00620 p2_bpx_cei_ip_13_11_r6_grove
 253     -16.80495      97.01754    2382.92551      -0.00245       0.23734      -0.00620 p2_bpx_cei_ho_13_11_r6_flat
 254     -16.66719     -97.60106    2383.09096      -0.00245       0.23734      -0.00620 p2_bpx_cei_ip_13_11_r6_flat
 255       2.18945      -0.19287     739.80000       0.00000       0.00000       0.00000 p3_cei_13_par_1
 256     141.95068      -1.00501    2041.34000      26.08587       0.00000       0.00000 p3_cei_13_par_2
 257      89.31681      -0.18809    2382.00000    5503.48201      -0.26516      -0.00006 p3_cei_13_par_3
 258      -0.08273       0.00180      -0.01139      -0.00123      -0.03876      -0.01430 p3_cei_13
 259     -14.98592       0.00155      66.08753      -0.00165       0.09705    3141.57840 p3_irm_cei_13_s1_fixed
 260      14.98597      -0.00091    2291.90157      -0.00157       0.07868      -0.01430 p3_irm_cei_13_s2_fixed
 261      15.01408       0.00198      66.09044      -0.00165       0.09705    3141.57840 p3_irm_cei_13_l1_fixed
 262     -15.01403      -0.00133    2291.89921      -0.00157       0.07868      -0.01430 p3_irm_cei_13_l2_fixed
 263     -15.02661       0.00093     477.98979      -0.00124       0.10174      -0.01430 p3_irl_cei_13_s1
 264      14.98761      -0.00020    1879.99722      -0.00189      -0.08942      -0.01430 p3_irl_cei_13_s2
 265      14.92452       0.00101     950.49518      -0.00038       0.08499      -0.01430 p3_irl_cei_13_l1
 266     -15.07101       0.00021    1407.49790      -0.00143      -0.10803      -0.01430 p3_irl_cei_13_l2
 267     -15.07468       0.00058     941.19254      -0.00038       0.08728      -0.01430 p3_irc_cei_13_s1
 268      14.93000       0.00062    1416.79466      -0.00145      -0.11060      -0.01430 p3_irc_cei_13_s2
 269      14.92799       0.00065    1398.19465      -0.00141      -0.10534      -0.01430 p3_irc_cei_13_l1
 270     -15.07626       0.00058     959.79271      -0.00038       0.08257      -0.01430 p3_irc_cei_13_l2
 271       0.02049       0.00187      -0.01139      -0.00166       0.09696      -0.01430 p3_irt_cei_13_r1
 272      -0.01844       0.00125     396.99086      -0.00137       0.10026      -0.01430 p3_irt_cei_13_r2
 273      -0.05994       0.00086     793.99306      -0.00052       0.10810      -0.01430 p3_irt_cei_13_r3
 274      -0.08547       0.00067    1190.99517      -0.00081      -0.01492      -0.01430 p3_irt_cei_13_r4
 275      -0.04825       0.00013    1587.99717      -0.00175      -0.13683      -0.01430 p3_irt_cei_13_r5
 276      -0.00525      -0.00061    1984.99904      -0.00182      -0.04397      -0.01430 p3_irt_cei_13_r6
 277      -0.02154      -0.00126    2382.00077      -0.00155       0.08560      -0.01430 p3_irt_cei_13_r7
 278     -36.67791     -97.75678      14.40647      -0.00166       0.09697      -0.01430 p3_bpx_cei_ip_13_15_r1_cone
 279     -36.87895      97.11642      15.04708      -0.00166       0.09697      -0.01430 p3_bpx_cei_ho_13_15_r1_cone
 280      39.23038     -97.67210      16.62145      -0.00166       0.09697      -0.01430 p3_bpx_cei_ip_13_15_r1_flat
 281      39.02563      97.17080      17.22825      -0.00166       0.09697      -0.01430 p3_bpx_cei_ho_13_15_r1_flat
 282      26.48330     -97.66054      56.59124      -0.00165       0.09703      -0.01430 p3_bpx_cei_ip_13_15_r1_grove
 283      26.29476      97.05965      57.20075      -0.00165       0.09703      -0.01430 p3_bpx_cei_ho_13_15_r1_grove
 284      24.00531     -97.64723      88.48309      -0.00164       0.09712      -0.01430 p3_bpx_cei_ip_13_11_r1_cone
 285      23.82576      96.97556      89.09169      -0.00164       0.09713      -0.01430 p3_bpx_cei_ho_13_11_r1_cone
 286     -50.47004     -97.73432     103.32263      -0.00164       0.09718      -0.01430 p3_bpx_cei_ip_13_11_r1_grove
 287     -50.63238      96.91327     103.96084      -0.00164       0.09719      -0.01430 p3_bpx_cei_ho_13_11_r1_grove
 288     -31.23516     -97.67601     140.60111      -0.00162       0.09737      -0.01430 p3_bpx_cei_ip_13_11_r1_flat
 289     -31.39160      96.80349     141.23392      -0.00162       0.09738      -0.01430 p3_bpx_cei_ho_13_11_r1_flat
 290     -55.46528       0.00076     193.07419      -0.00159       0.09774      -0.01430 p3_srg_cei_13_r1_rear
 291     -52.22273     -52.24359     193.08472      -0.00159       0.09774      -0.01430 p3_srg_cei_13_r1_225deg
 292     -52.10132      51.67271     193.14800      -0.00159       0.09774      -0.01430 p3_srg_cei_13_r1_135deg
 293       0.00787     -73.87115     193.16690      -0.00159       0.09774      -0.01430 p3_srg_cei_13_r1_270deg
 294       0.12207      73.16266     193.18694      -0.00159       0.09774      -0.01430 p3_srg_cei_13_r1_90deg
 295      52.31567      51.52820     193.22221      -0.00159       0.09774      -0.01430 p3_srg_cei_13_r1_45deg
 296      52.20105     -52.24100     193.26273      -0.00159       0.09774      -0.01430 p3_srg_cei_13_r1_315deg
 297      55.45820       0.00235     193.29513      -0.00159       0.09774      -0.01430 p3_srg_cei_13_r1_front
 298      50.04519     209.73998     248.50017      -0.00154       0.09825      -0.01430 p3_baz_cei_13_12_11_r1_cone
 299     -25.89508     209.77120     249.19691      -0.00154       0.09826      -0.01430 p3_baz_cei_13_12_11_r1_grove
 300     -13.93444     209.76611     289.41200      -0.00150       0.09871      -0.01430 p3_baz_cei_13_12_11_r1_flat
 301     -38.11681     -97.50489     324.45733      -0.00146       0.09916      -0.01430 p3_bpx_cei_ip_13_15_r2_cone
 302     -38.24944      97.04511     324.95011      -0.00146       0.09917      -0.01430 p3_bpx_cei_ho_13_15_r2_cone
 303      37.77271     -97.46271     327.24058      -0.00146       0.09920      -0.01430 p3_bpx_cei_ip_13_15_r2_flat
 304      37.64569      97.08879     327.69665      -0.00146       0.09921      -0.01430 p3_bpx_cei_ho_13_15_r2_flat
 305      24.71845     -97.50355     367.10863      -0.00141       0.09978      -0.01430 p3_bpx_cei_ip_13_15_r2_grove
 306      24.60372      97.03824     367.56679      -0.00141       0.09979      -0.01430 p3_bpx_cei_ho_13_15_r2_grove
 307      28.21149     -97.54265     401.67079      -0.00136       0.10033      -0.01430 p3_bpx_cei_ip_13_11_r2_cone
 308      28.11066      97.02245     402.12805      -0.00136       0.10034      -0.01430 p3_bpx_cei_ho_13_11_r2_cone
 309     -46.36454     -97.59864     415.95018      -0.00134       0.10058      -0.01430 p3_bpx_cei_ip_13_11_r2_grove
 310     -46.45838      96.98796     416.44353      -0.00134       0.10059      -0.01430 p3_bpx_cei_ho_13_11_r2_grove
 311     -27.41462     -97.60022     453.37108      -0.00128       0.10126      -0.01430 p3_bpx_cei_ip_13_11_r2_flat
 312     -27.49005      96.94708     453.85673      -0.00128       0.10127      -0.01430 p3_bpx_cei_ho_13_11_r2_flat
 313      55.43740       0.02174     477.85716      -0.00124       0.10174      -0.01430 p3_irl_cei_13_r1_front
 314     -36.84739     209.84994     548.92874      -0.00110       0.10326      -0.01430 p3_baz_cei_13_14_15_r1_cone
 315      37.32853     209.80368     565.23470      -0.00107       0.10364      -0.01430 p3_baz_cei_13_14_15_r1_flat
 316      17.35719     209.80105     602.12733      -0.00099       0.10454      -0.01430 p3_baz_cei_13_14_15_r1_grove
 317      -7.74441     -36.10440     720.05570      -0.00070       0.10780      -0.01430 p3_slm_cei_13_surf_r1
 318     -37.37116     -97.67118     811.78001      -0.00049       0.10714      -0.01430 p3_bpx_cei_ip_13_15_r3_cone
 319     -37.51857      96.95452     812.03589      -0.00049       0.10712      -0.01430 p3_bpx_cei_ho_13_15_r3_cone
 320      38.48845     -97.60960     815.38275      -0.00048       0.10689      -0.01430 p3_bpx_cei_ip_13_15_r3_flat
 321      38.34074      96.99210     815.64333      -0.00048       0.10687      -0.01430 p3_bpx_cei_ho_13_15_r3_flat
 322      25.01048     -97.61641     855.10343      -0.00043       0.10301      -0.01430 p3_bpx_cei_ip_13_15_r3_grove
 323      24.85647      96.92319     855.36460      -0.00043       0.10297      -0.01430 p3_bpx_cei_ho_13_15_r3_grove
 324      27.80088     -97.61368     891.88787      -0.00039       0.09751      -0.01430 p3_bpx_cei_ip_13_11_r3_cone
 325      27.63837      96.87351     892.15043      -0.00039       0.09747      -0.01430 p3_bpx_cei_ho_13_11_r3_cone
 326     -46.93302     -97.65766     905.37487      -0.00039       0.09504      -0.01430 p3_bpx_cei_ip_13_11_r3_grove
 327     -47.08792      96.82814     905.62433      -0.00039       0.09499      -0.01430 p3_bpx_cei_ho_13_11_r3_grove
 328     -28.37744     -97.63071     942.98797      -0.00038       0.08685      -0.01430 p3_bpx_cei_ip_13_11_r3_flat
 329     -28.54885      96.75579     943.24733      -0.00038       0.08679      -0.01430 p3_bpx_cei_ho_13_11_r3_flat
 330      55.39574      -0.03441     950.25912      -0.00038       0.08505      -0.01430 p3_irc_cei_13_r1_front
 331      55.43739      -0.02633    1178.86336      -0.00077      -0.00801      -0.01430 p3_mid_cei_13_front
 332     -36.60845     -97.67620    1240.73786      -0.00098      -0.04196      -0.01430 p3_bpx_cei_ip_13_15_r4_cone
 333     -36.77142      96.95780    1241.00687      -0.00098      -0.04210      -0.01430 p3_bpx_cei_ho_13_15_r4_cone
 334      39.21773     -97.58502    1244.88852      -0.00099      -0.04407      -0.01430 p3_bpx_cei_ip_13_15_r4_flat
 335      39.05636      97.00078    1245.14931      -0.00099      -0.04420      -0.01430 p3_bpx_cei_ho_13_15_r4_flat
 336      25.44776     -97.62156    1284.51763      -0.00111      -0.06298      -0.01430 p3_bpx_cei_ip_13_15_r4_grove
 337      25.28849      96.94594    1284.78116      -0.00111      -0.06309      -0.01430 p3_bpx_cei_ho_13_15_r4_grove
 338      40.84568     -97.64268    1318.91553      -0.00121      -0.07765      -0.01430 p3_bpx_cei_ip_13_11_r4_cone
 339      40.69392      96.92602    1319.17508      -0.00121      -0.07776      -0.01430 p3_bpx_cei_ho_13_11_r4_cone
 340     -33.97608     -97.72076    1331.85228      -0.00124      -0.08275      -0.01430 p3_bpx_cei_ip_13_11_r4_grove
 341     -34.13514      96.87193    1332.11844      -0.00124      -0.08286      -0.01430 p3_bpx_cei_ho_13_11_r4_grove
 342     -15.69329     -97.71235    1369.61746      -0.00134      -0.09635      -0.01430 p3_bpx_cei_ip_13_11_r4_flat
 343     -15.84175      96.83645    1369.88524      -0.00134      -0.09644      -0.01430 p3_bpx_cei_ho_13_11_r4_flat
 344      55.38366       0.08081    1407.27919      -0.00143      -0.10797      -0.01430 p3_irc_cei_13_r2_front
 345     -28.66127     172.45442    1465.58463      -0.00155      -0.12214      -0.01430 p3_baz_cei_13_14_12_r2_grove
 346      41.73319     172.44139    1494.07406      -0.00161      -0.12738      -0.01430 p3_baz_cei_13_14_12_r2_cone
 347     -33.04841     172.41329    1507.31282      -0.00163      -0.12944      -0.01430 p3_baz_cei_13_14_12_r2_flat
 348     -27.04367     -97.59140    1666.01633      -0.00183      -0.13554      -0.01430 p3_bpx_cei_ip_13_15_r5_cone
 349     -27.18405      96.97010    1666.04801      -0.00183      -0.13554      -0.01430 p3_bpx_cei_ho_13_15_r5_cone
 350      48.78389     -97.51502    1670.18179      -0.00183      -0.13524      -0.01430 p3_bpx_cei_ip_13_15_r5_flat
 351      48.65521      96.96388    1670.18386      -0.00183      -0.13524      -0.01430 p3_bpx_cei_ho_13_15_r5_flat
 352      34.88700      96.93391    1709.81056      -0.00186      -0.13118      -0.01430 p3_bpx_cei_ho_13_15_r5_grove
 353      35.00628     -97.56699    1709.81048      -0.00186      -0.13118      -0.01430 p3_bpx_cei_ip_13_15_r5_grove
 354      46.92465      96.89339    1758.89979      -0.00189      -0.12318      -0.01430 p3_bpx_cei_ho_13_11_r5_cone
 355      47.02134     -97.62541    1758.90231      -0.00189      -0.12318      -0.01430 p3_bpx_cei_ip_13_11_r5_cone
 356     -27.80999     -97.71300    1771.80332      -0.00189      -0.12054      -0.01430 p3_bpx_cei_ip_13_11_r5_grove
 357     -27.90227      96.90739    1771.83340      -0.00189      -0.12053      -0.01430 p3_bpx_cei_ho_13_11_r5_grove
 358      -9.54530     -97.73341    1809.56421      -0.00190      -0.11149      -0.01430 p3_bpx_cei_ip_13_11_r5_flat
 359      -9.62498      96.86918    1809.59279      -0.00190      -0.11148      -0.01430 p3_bpx_cei_ho_13_11_r5_flat
 360      55.38483      -0.00052    1880.12711      -0.00189      -0.08937      -0.01430 p3_irl_cei_13_r2_front
 361     -13.37061     -41.41946    2021.33436      -0.00178      -0.02474      -0.01430 p3_gim_cei_13_surf_r1
 362     -55.69581      -0.22033    2115.99362      -0.00168       0.02524      -0.01430 p3_srg_cei_13_r2_rear
 363      55.45238      -0.00004    2116.03193      -0.00168       0.02526      -0.01430 p3_srg_cei_13_r2_front
 364     -52.20617     -52.43088    2116.04182      -0.00168       0.02526      -0.01430 p3_srg_cei_13_r2_225deg
 365     -52.25576      51.71122    2116.04270      -0.00168       0.02526      -0.01430 p3_srg_cei_13_r2_135deg
 366      52.08854      51.60571    2116.05013      -0.00168       0.02527      -0.01430 p3_srg_cei_13_r2_45deg
 367      -0.01646      73.15416    2116.05135      -0.00168       0.02527      -0.01430 p3_srg_cei_13_r2_90deg
 368      52.16843     -52.23059    2116.05276      -0.00168       0.02527      -0.01430 p3_srg_cei_13_r2_315deg
 369       0.00434     -73.90314    2116.06840      -0.00168       0.02528      -0.01430 p3_srg_cei_13_r2_270deg
 370     -34.51853      96.91972    2206.37883      -0.00161       0.05929      -0.01430 p3_bpx_cei_ho_13_15_r6_cone
 371     -34.36026     -97.67158    2206.53893      -0.00161       0.05934      -0.01430 p3_bpx_cei_ip_13_15_r6_cone
 372      41.31113      96.91380    2210.47790      -0.00161       0.06050      -0.01430 p3_bpx_cei_ho_13_15_r6_flat
 373      41.47000     -97.59030    2210.65830      -0.00161       0.06056      -0.01430 p3_bpx_cei_ip_13_15_r6_flat
 374      27.55472      96.93524    2250.11792      -0.00158       0.07076      -0.01430 p3_bpx_cei_ho_13_15_r6_grove
 375      27.71099     -97.59456    2250.29472      -0.00158       0.07080      -0.01430 p3_bpx_cei_ip_13_15_r6_grove
 376      39.73261      97.01188    2332.19793      -0.00156       0.08348      -0.01430 p3_bpx_cei_ho_13_11_r6_cone
 377      39.86957     -97.56741    2332.38224      -0.00156       0.08350      -0.01430 p3_bpx_cei_ip_13_11_r6_cone
 378     -35.09718      96.99599    2345.16910      -0.00156       0.08444      -0.01430 p3_bpx_cei_ho_13_11_r6_grove
 379     -34.95561     -97.64210    2345.33621      -0.00156       0.08445      -0.01430 p3_bpx_cei_ip_13_11_r6_grove
 380     -16.80490      97.01690    2382.92638      -0.00155       0.08560      -0.01430 p3_bpx_cei_ho_13_11_r6_flat
 381     -16.66803     -97.59970    2383.08959      -0.00155       0.08560      -0.01430 p3_bpx_cei_ip_13_11_r6_flat
 382     -80.87775       1.52515     739.80000       0.00000       0.00000       0.00000 p4_cei_13_par_1
 383     -82.37890       4.56397    2041.34000      26.08587       0.00000       0.00000 p4_cei_13_par_2
 384      21.06105      -1.37565    2382.00000    4992.51475       0.34286      -0.00038 p4_cei_13_par_3
 385      -0.32750       0.00008      -0.02390      -0.00236      -0.15575       0.02512 p4_cei_13
 386     -14.93464      -0.00190      66.06786       0.00376       0.56336   -3141.56749 p4_irm_cei_13_s1_fixed
 387      15.03949      -0.00381    2291.88452       0.00578      -0.18700       0.02512 p4_irm_cei_13_s2_fixed
 388      15.06536      -0.00265      66.08476       0.00376       0.56336   -3141.56749 p4_irm_cei_13_l1_fixed
 389     -14.96051      -0.00305    2291.89013       0.00578      -0.18700       0.02512 p4_irm_cei_13_l2_fixed
 390     -15.14003      -0.00085     477.97240       0.00049       0.39025       0.02512 p4_irl_cei_13_s1
 391      14.95529      -0.00569    1879.98219       0.00282      -0.22512       0.02512 p4_irl_cei_13_s2
 392      14.77962      -0.00327     950.47996      -0.00692      -0.05216       0.02512 p4_irl_cei_13_l1
 393     -15.15079      -0.00503    1407.48631      -0.00268      -0.20761       0.02512 p4_irl_cei_13_l2
 394     -15.22084      -0.00245     941.18137      -0.00687      -0.04539       0.02512 p4_irc_cei_13_s1
 395      14.85114      -0.00581    1416.78011      -0.00256      -0.20890       0.02512 p4_irc_cei_13_s2
 396      14.84728      -0.00576    1398.18005      -0.00280      -0.20628       0.02512 p4_irc_cei_13_l1
 397     -15.21987      -0.00258     959.78167      -0.00696      -0.05876       0.02512 p4_irc_cei_13_l2
 398       0.10275      -0.00253      -0.02397       0.00382       0.56674       0.02512 p4_irt_cei_13_r1
 399      -0.10614      -0.00131     396.97785       0.00153       0.44500       0.02512 p4_irt_cei_13_r2
 400      -0.21846      -0.00192     793.97990      -0.00521       0.08500       0.02512 p4_irt_cei_13_r3
 401      -0.19171      -0.00451    1190.98204      -0.00571      -0.16693       0.02512 p4_irt_cei_13_r4
 402      -0.11146      -0.00568    1587.98413      -0.00040      -0.22584       0.02512 p4_irt_cei_13_r5
 403      -0.02152      -0.00496    1984.98605       0.00384      -0.21574       0.02512 p4_irt_cei_13_r6
 404       0.05624      -0.00290    2381.98765       0.00588      -0.18537       0.02512 p4_irt_cei_13_r7
 405     -36.66630     -97.76205      14.40094       0.00382       0.56658       0.02512 p4_bpx_cei_ip_13_15_r1_cone
 406     -36.87567      97.11276      15.04838       0.00382       0.56656       0.02512 p4_bpx_cei_ho_13_15_r1_cone
 407      39.24178     -97.67255      16.61925       0.00382       0.56652       0.02512 p4_bpx_cei_ip_13_15_r1_flat
 408      39.03053      97.17026      17.23359       0.00382       0.56651       0.02512 p4_bpx_cei_ho_13_15_r1_flat
 409      26.49227     -97.66357      56.58735       0.00378       0.56426       0.02512 p4_bpx_cei_ip_13_15_r1_grove
 410      26.29521      97.05703      57.20730       0.00378       0.56421       0.02512 p4_bpx_cei_ho_13_15_r1_grove
 411      24.01223     -97.65109      88.47910       0.00371       0.56069       0.02512 p4_bpx_cei_ip_13_11_r1_cone
 412      23.82467      96.97151      89.09678       0.00371       0.56061       0.02512 p4_bpx_cei_ho_13_11_r1_cone
 413     -50.46421     -97.73777     103.31382       0.00367       0.55849       0.02512 p4_bpx_cei_ip_13_11_r1_grove
 414     -50.63428      96.90794     103.96142       0.00367       0.55838       0.02512 p4_bpx_cei_ho_13_11_r1_grove
 415     -31.23009     -97.67622     140.59195       0.00354       0.55146       0.02512 p4_bpx_cei_ip_13_11_r1_flat
 416     -31.39596      96.79949     141.23628       0.00353       0.55132       0.02512 p4_bpx_cei_ho_13_11_r1_flat
 417     -55.46826      -0.00043     193.07544       0.00328       0.53793       0.02512 p4_srg_cei_13_r1_rear
 418     -52.22237     -52.24631     193.08066       0.00328       0.53793       0.02512 p4_srg_cei_13_r1_225deg
 419       0.00786     -73.87182     193.16333       0.00328       0.53791       0.02512 p4_srg_cei_13_r1_270deg
 420     -52.10460      51.66799     193.14708       0.00328       0.53791       0.02512 p4_srg_cei_13_r1_135deg
 421       0.11574      73.16078     193.18980       0.00328       0.53790       0.02512 p4_srg_cei_13_r1_90deg
 422      52.31280      51.53086     193.22525       0.00328       0.53790       0.02512 p4_srg_cei_13_r1_45deg
 423      52.20177     -52.23823     193.26283       0.00328       0.53789       0.02512 p4_srg_cei_13_r1_315deg
 424      55.45156      -0.00321     193.30671       0.00328       0.53788       0.02512 p4_srg_cei_13_r1_front
 425      50.03114     209.74159     248.50711       0.00292       0.51904       0.02512 p4_baz_cei_13_12_11_r1_cone
 426     -25.90965     209.76980     249.20280       0.00292       0.51876       0.02512 p4_baz_cei_13_12_11_r1_grove
 427     -13.95058     209.76381     289.41890       0.00260       0.50202       0.02512 p4_baz_cei_13_12_11_r1_flat
 428     -38.11811     -97.50859     324.45005       0.00229       0.48541       0.02512 p4_bpx_cei_ip_13_15_r2_cone
 429     -38.25677      97.04461     324.95415       0.00228       0.48515       0.02512 p4_bpx_cei_ho_13_15_r2_cone
 430      37.77237     -97.46060     327.23455       0.00226       0.48402       0.02512 p4_bpx_cei_ip_13_15_r2_flat
 431      37.63813      97.08821     327.70204       0.00226       0.48379       0.02512 p4_bpx_cei_ho_13_15_r2_flat
 432      24.71738     -97.50289     367.09996       0.00186       0.46264       0.02512 p4_bpx_cei_ip_13_15_r2_grove
 433      24.59745      97.04142     367.57124       0.00185       0.46237       0.02512 p4_bpx_cei_ho_13_15_r2_grove
 434      28.21104     -97.53992     401.66394       0.00147       0.44212       0.02512 p4_bpx_cei_ip_13_11_r2_cone
 435      28.10262      97.02359     402.13250       0.00147       0.44182       0.02512 p4_bpx_cei_ho_13_11_r2_cone
 436     -46.36583     -97.59622     415.94384       0.00130       0.43308       0.02512 p4_bpx_cei_ip_13_11_r2_grove
 437     -46.46586      96.98718     416.44756       0.00129       0.43275       0.02512 p4_bpx_cei_ho_13_11_r2_grove
 438     -27.41327     -97.59766     453.36488       0.00083       0.40795       0.02512 p4_bpx_cei_ip_13_11_r2_flat
 439     -27.49548      96.94834     453.86120       0.00082       0.40761       0.02512 p4_bpx_cei_ho_13_11_r2_flat
 440      55.43243       0.02928     477.85205       0.00049       0.39036       0.02512 p4_irl_cei_13_r1_front
 441     -36.85661     209.84969     548.93628      -0.00057       0.33396       0.02512 p4_baz_cei_13_14_15_r1_cone
 442      37.32077     209.80482     565.24147      -0.00084       0.31995       0.02512 p4_baz_cei_13_14_15_r1_flat
 443      17.35007     209.80148     602.13262      -0.00146       0.28667       0.02512 p4_baz_cei_13_14_15_r1_grove
 444      -7.90042     -36.10739     720.05119      -0.00374       0.16624       0.02512 p4_slm_cei_13_surf_r1
 445     -37.36116     -97.67028     811.77027      -0.00550       0.06693       0.02512 p4_bpx_cei_ip_13_15_r3_cone
 446     -37.51129      96.95652     812.03904      -0.00551       0.06666       0.02512 p4_bpx_cei_ho_13_15_r3_cone
 447      38.49841     -97.60911     815.37932      -0.00556       0.06334       0.02512 p4_bpx_cei_ip_13_15_r3_flat
 448      38.34818      96.99339     815.64839      -0.00556       0.06308       0.02512 p4_bpx_cei_ho_13_15_r3_flat
 449      25.01985     -97.61560     855.09458      -0.00611       0.02558       0.02512 p4_bpx_cei_ip_13_15_r3_grove
 450      24.86393      96.92780     855.36976      -0.00611       0.02533       0.02512 p4_bpx_cei_ho_13_15_r3_grove
 451      27.80861     -97.61310     891.88050      -0.00651      -0.00657       0.02512 p4_bpx_cei_ip_13_11_r3_cone
 452      27.64520      96.87300     892.15447      -0.00651      -0.00680       0.02512 p4_bpx_cei_ho_13_11_r3_cone
 453     -46.92533     -97.65791     905.36798      -0.00663      -0.01768       0.02512 p4_bpx_cei_ip_13_11_r3_grove
 454     -47.07964      96.82929     905.62938      -0.00663      -0.01789       0.02512 p4_bpx_cei_ho_13_11_r3_grove
 455     -28.36841     -97.62964     942.98124      -0.00688      -0.04671       0.02512 p4_bpx_cei_ip_13_11_r3_flat
 456     -28.53841      96.75777     943.25370      -0.00688      -0.04691       0.02512 p4_bpx_cei_ho_13_11_r3_flat
 457      55.39790      -0.03399     950.25695      -0.00692      -0.05200       0.02512 p4_irc_cei_13_r1_front
 458      55.43609      -0.02853    1178.86335      -0.00588      -0.16393       0.02512 p4_mid_cei_13_front
 459     -36.61367     -97.67706    1240.72991      -0.00498      -0.17809       0.02512 p4_bpx_cei_ip_13_15_r4_cone
 460     -36.76943      96.96305    1241.01261      -0.00498      -0.17815       0.02512 p4_bpx_cei_ho_13_15_r4_cone
 461      39.21227     -97.59198    1244.88440      -0.00492      -0.17898       0.02512 p4_bpx_cei_ip_13_15_r4_flat
 462      39.05831      96.99922    1245.15438      -0.00492      -0.17903       0.02512 p4_bpx_cei_ho_13_15_r4_flat
 463      25.44102     -97.62472    1284.51152      -0.00436      -0.18702       0.02512 p4_bpx_cei_ip_13_15_r4_grove
 464      25.28886      96.94358    1284.78570      -0.00436      -0.18707       0.02512 p4_bpx_cei_ho_13_15_r4_grove
 465      40.83947     -97.64335    1318.91031      -0.00388      -0.19345       0.02512 p4_bpx_cei_ip_13_11_r4_cone
 466      40.69311      96.92335    1319.18040      -0.00388      -0.19350       0.02512 p4_bpx_cei_ho_13_11_r4_cone
 467     -33.98322     -97.71652    1331.84525      -0.00370      -0.19573       0.02512 p4_bpx_cei_ip_13_11_r4_grove
 468     -34.13748      96.87189    1332.12190      -0.00370      -0.19578       0.02512 p4_bpx_cei_ho_13_11_r4_grove
 469     -15.70191     -97.71311    1369.60872      -0.00319      -0.20197       0.02512 p4_bpx_cei_ip_13_11_r4_flat
 470     -15.84446      96.83850    1369.88927      -0.00318      -0.20202       0.02512 p4_bpx_cei_ho_13_11_r4_flat
 471      55.37367       0.08120    1407.27597      -0.00268      -0.20758       0.02512 p4_irc_cei_13_r2_front
 472     -28.66277     172.45448    1465.59436      -0.00192      -0.21504       0.02512 p4_baz_cei_13_14_12_r2_grove
 473      41.73140     172.44126    1494.07889      -0.00156      -0.21814       0.02512 p4_baz_cei_13_14_12_r2_cone
 474     -33.04921     172.41242    1507.31978      -0.00139      -0.21946       0.02512 p4_baz_cei_13_14_12_r2_flat
 475     -27.05424     -97.58980    1666.01056       0.00052      -0.22930       0.02512 p4_bpx_cei_ip_13_15_r5_cone
 476     -27.17964      96.97300    1666.05339       0.00052      -0.22930       0.02512 p4_bpx_cei_ho_13_15_r5_cone
 477      48.77392     -97.51870    1670.17439       0.00057      -0.22941       0.02512 p4_bpx_cei_ip_13_15_r5_flat
 478      48.65881      96.96360    1670.18741       0.00057      -0.22941       0.02512 p4_bpx_cei_ho_13_15_r5_flat
 479      34.99733     -97.56873    1709.80298       0.00102      -0.23008       0.02512 p4_bpx_cei_ip_13_15_r5_grove
 480      34.89202      96.93248    1709.81400       0.00102      -0.23008       0.02512 p4_bpx_cei_ho_13_15_r5_grove
 481      47.01662     -97.62806    1758.89551       0.00156      -0.22995       0.02512 p4_bpx_cei_ip_13_11_r5_cone
 482      46.93221      96.89304    1758.90303       0.00156      -0.22995       0.02512 p4_bpx_cei_ho_13_11_r5_cone
 483     -27.81422     -97.71256    1771.79899       0.00170      -0.22974       0.02512 p4_bpx_cei_ip_13_11_r5_grove
 484     -27.89412      96.91584    1771.83978       0.00170      -0.22974       0.02512 p4_bpx_cei_ho_13_11_r5_grove
 485      -9.54836     -97.73395    1809.55801       0.00210      -0.22871       0.02512 p4_bpx_cei_ip_13_11_r5_flat
 486      -9.61326      96.87235    1809.59932       0.00210      -0.22871       0.02512 p4_bpx_cei_ho_13_11_r5_flat
 487      55.39432      -0.00401    1880.12439       0.00283      -0.22511       0.02512 p4_irl_cei_13_r2_front
 488     -13.37780     -41.42428    2021.32761       0.00418      -0.21136       0.02512 p4_gim_cei_13_surf_r1
 489     -55.68644      -0.21449    2115.99124       0.00495      -0.19960       0.02512 p4_srg_cei_13_r2_rear
 490     -52.27282      51.70873    2116.03170       0.00495      -0.19960       0.02512 p4_srg_cei_13_r2_135deg
 491     -52.22244     -52.40927    2116.03771       0.00495      -0.19960       0.02512 p4_srg_cei_13_r2_225deg
 492      -0.01218     -73.89518    2116.04569       0.00495      -0.19959       0.02512 p4_srg_cei_13_r2_270deg
 493      55.46218      -0.00578    2116.03435       0.00495      -0.19959       0.02512 p4_srg_cei_13_r2_front
 494      52.09268      51.59561    2116.04387       0.00495      -0.19959       0.02512 p4_srg_cei_13_r2_45deg
 495      -0.03268      73.14912    2116.05947       0.00495      -0.19959       0.02512 p4_srg_cei_13_r2_90deg
 496      52.16957     -52.23249    2116.05507       0.00495      -0.19959       0.02512 p4_srg_cei_13_r2_315deg
 497     -34.50444      96.92346    2206.38217       0.00548      -0.19157       0.02512 p4_bpx_cei_ho_13_15_r6_cone
 498     -34.36370     -97.66855    2206.52991       0.00548      -0.19156       0.02512 p4_bpx_cei_ip_13_15_r6_cone
 499      41.32545      96.91057    2210.48647       0.00550      -0.19128       0.02512 p4_bpx_cei_ho_13_15_r6_flat
 500      41.46679     -97.59403    2210.65512       0.00550      -0.19127       0.02512 p4_bpx_cei_ip_13_15_r6_flat
 501      27.56658      96.93544    2250.12471       0.00565      -0.18887       0.02512 p4_bpx_cei_ho_13_15_r6_grove
 502      27.70542     -97.59706    2250.29119       0.00565      -0.18886       0.02512 p4_bpx_cei_ip_13_15_r6_grove
 503      39.73814      97.00861    2332.20373       0.00585      -0.18587       0.02512 p4_bpx_cei_ho_13_11_r6_cone
 504      39.85809     -97.56809    2332.38084       0.00585      -0.18586       0.02512 p4_bpx_cei_ip_13_11_r6_cone
 505     -35.08975      97.00206    2345.17287       0.00586      -0.18564       0.02512 p4_bpx_cei_ho_13_11_r6_grove
 506     -34.96901     -97.63544    2345.32819       0.00586      -0.18564       0.02512 p4_bpx_cei_ip_13_11_r6_grove
 507     -16.80045      97.02283    2382.93091       0.00588      -0.18537       0.02512 p4_bpx_cei_ho_13_11_r6_flat
 508     -16.68111     -97.59678    2383.08263       0.00588      -0.18537       0.02512 p4_bpx_cei_ip_13_11_r6_flat
 509     -15.00000       0.00000      66.10000       0.00000      -0.00000       1.59270 p1_irm_cei_13_s1
 510      15.00000       0.00000      66.10000       0.00000      -0.00000       1.59270 p1_irm_cei_13_l1
 511      15.00000       0.00000    2291.90000       0.00000      -0.00000   -3140.00000 p1_irm_cei_13_s2
 512     -15.00000       0.00000    2291.90000       0.00000      -0.00000   -3140.00000 p1_irm_cei_13_l2
 513     -15.08275       0.00155      66.13885       0.00263      -0.67041       1.58650 p2_irm_cei_13_s1
 514      14.91726       0.00174      66.11873       0.00263      -0.67041       1.58650 p2_irm_cei_13_l1
 515      14.95146      -0.00154    2291.94223      -0.00251       0.23785   -3140.00620 p2_irm_cei_13_s2
 516     -15.04854      -0.00172    2291.93510      -0.00251       0.23785   -3140.00620 p2_irm_cei_13_l2
 517     -14.98592       0.00155      66.08753      -0.00165       0.09705       1.57840 p3_irm_cei_13_s1
 518      15.01408       0.00198      66.09044      -0.00165       0.09705       1.57840 p3_irm_cei_13_l1
 519      14.98597      -0.00091    2291.90157      -0.00157       0.07868   -3140.01430 p3_irm_cei_13_s2
 520     -15.01403      -0.00133    2291.89921      -0.00157       0.07868   -3140.01430 p3_irm_cei_13_l2
 521     -14.93464      -0.00190      66.06786       0.00376       0.56336       1.61782 p4_irm_cei_13_s1
 522      15.06536      -0.00265      66.08476       0.00376       0.56336       1.61782 p4_irm_cei_13_l1
 523      15.03949      -0.00381    2291.88452       0.00578      -0.18700   -3139.97488 p4_irm_cei_13_s2
 524     -14.96051      -0.00305    2291.89013       0.00578      -0.18700   -3139.97488 p4_irm_cei_13_l2
