   1       0.00000       0.00000     580.80000       0.00000       0.00000       0.00000 p1_aei_02_par_1
   2       0.00000       0.00000    1710.90000      26.08587       0.00000       0.00000 p1_aei_02_par_2
   3       0.00000       0.00000    2382.00000       0.00000       0.00000       0.00000 p1_aei_02_par_3
   4       0.00000       0.00000       0.00000       0.00000       0.00000       0.00000 p1_aei_02
   5     -15.00000       0.00000      66.10000       0.00000      -0.00000   -3141.59261 p1_irm_aei_02_s1_fixed
   6      15.00000       0.00000    2291.90000       0.00000      -0.00000       0.00000 p1_irm_aei_02_s2_fixed
   7      15.00000       0.00000      66.10000       0.00000      -0.00000   -3141.59261 p1_irm_aei_02_l1_fixed
   8     -15.00000       0.00000    2291.90000       0.00000      -0.00000       0.00000 p1_irm_aei_02_l2_fixed
   9     -15.00000       0.00000     478.00000       0.00000      -0.00000       0.00000 p1_irl_aei_02_s1
  10      15.00000       0.00000    1880.00000       0.00000      -0.00000       0.00000 p1_irl_aei_02_s2
  11      15.00000       0.00000     950.50000       0.00000      -0.00000       0.00000 p1_irl_aei_02_l1
  12     -15.00000       0.00000    1407.50000       0.00000      -0.00000       0.00000 p1_irl_aei_02_l2
  13     -15.00000       0.00000     941.20000       0.00000      -0.00000       0.00000 p1_irc_aei_02_s1
  14      15.00000       0.00000    1416.80000       0.00000      -0.00000       0.00000 p1_irc_aei_02_s2
  15      15.00000       0.00000    1398.20000       0.00000      -0.00000       0.00000 p1_irc_aei_02_l1
  16     -15.00000       0.00000     959.80000       0.00000      -0.00000       0.00000 p1_irc_aei_02_l2
  17       0.00000       0.00000       0.00000       0.00000      -0.00000       0.00000 p1_irt_aei_02_r1
  18       0.00000       0.00000     397.00000       0.00000      -0.00000       0.00000 p1_irt_aei_02_r2
  19       0.00000       0.00000     794.00000       0.00000      -0.00000       0.00000 p1_irt_aei_02_r3
  20       0.00000       0.00000    1191.00000       0.00000      -0.00000       0.00000 p1_irt_aei_02_r4
  21       0.00000       0.00000    1588.00000       0.00000      -0.00000       0.00000 p1_irt_aei_02_r5
  22       0.00000       0.00000    1985.00000       0.00000      -0.00000       0.00000 p1_irt_aei_02_r6
  23       0.00000       0.00000    2382.00000       0.00000      -0.00000       0.00000 p1_irt_aei_02_r7
  24     -34.10980      96.92940      18.97250       0.00000      -0.00000       0.00000 p1_bpx_aei_ho_02_04_r1_cone
  25     -34.22000     -97.67720      19.03060       0.00000      -0.00000       0.00000 p1_bpx_aei_ip_02_04_r1_cone
  26      41.08250      96.84190      29.53330       0.00000      -0.00000       0.00000 p1_bpx_aei_ho_02_04_r1_flat
  27      40.97800     -97.72320      29.61320       0.00000      -0.00000       0.00000 p1_bpx_aei_ip_02_04_r1_flat
  28      24.01170      96.81560      67.84840       0.00000      -0.00000       0.00000 p1_bpx_aei_ho_02_04_r1_grove
  29      23.89470     -97.72530      67.92550       0.00000      -0.00000       0.00000 p1_bpx_aei_ip_02_04_r1_grove
  30      35.06820      96.77090     109.31590       0.00000      -0.00000       0.00000 p1_bpx_aei_ho_02_16_r1_cone
  31      34.94190     -97.76040     109.39740       0.00000      -0.00000       0.00000 p1_bpx_aei_ip_02_16_r1_cone
  32     -40.57540      96.86000     115.86190       0.00000      -0.00000       0.00000 p1_bpx_aei_ho_02_16_r1_grove
  33     -40.72200     -97.74460     115.92500       0.00000      -0.00000       0.00000 p1_bpx_aei_ip_02_16_r1_grove
  34     -25.55210      96.78070     155.03220       0.00000      -0.00000       0.00000 p1_bpx_aei_ho_02_16_r1_flat
  35     -25.70860     -97.75790     155.09550       0.00000      -0.00000       0.00000 p1_bpx_aei_ip_02_16_r1_flat
  36      37.14420    -173.01330     194.92080       0.00000      -0.00000       0.00000 p1_baz_aei_02_03_r1_flat
  36      37.14420    -173.01330     194.92080       0.00000      -0.00000       0.00000 p1_baz_aei_02_01_r1_flat
  37     -32.85910    -173.00230     224.37690       0.00000      -0.00000       0.00000 p1_baz_aei_02_03_r1_cone
  37     -32.85910    -173.00230     224.37690       0.00000      -0.00000       0.00000 p1_baz_aei_02_01_r1_cone
  38      42.09130    -173.04420     236.57570       0.00000      -0.00000       0.00000  p1_baz_aei_02_03_r1_grove
  38      42.09130    -173.04420     236.57570       0.00000      -0.00000       0.00000  p1_baz_aei_02_01_r1_grove
  39      -0.02270     -73.85870     282.51020       0.00000      -0.00000       0.00000 p1_srg_aei_02_r1_270deg
  40     -52.21250     -52.26140     282.52290       0.00000      -0.00000       0.00000 p1_srg_aei_02_r1_225deg
  41     -55.47960       0.00000     282.53410       0.00000      -0.00000       0.00000 p1_srg_aei_02_r1_rear
  42      52.33860     -52.34480     282.54490       0.00000      -0.00000       0.00000 p1_srg_aei_02_r1_315deg
  43     -52.18160      51.52990     282.57970       0.00000      -0.00000       0.00000 p1_srg_aei_02_r1_135deg
  44       0.03610      73.11830     282.59110       0.00000      -0.00000       0.00000 p1_srg_aei_02_r1_90deg
  45      55.45650       0.00000     282.60000       0.00000      -0.00000       0.00000 p1_srg_aei_02_r1_front
  46      52.25560      51.54790     282.60450       0.00000      -0.00000       0.00000 p1_srg_aei_02_r1_45deg
  47     -28.03330     -97.62690     335.99690       0.00000      -0.00000       0.00000 p1_bpx_aei_ip_02_04_r2_cone
  48     -27.79590      96.96600     336.41360       0.00000      -0.00000       0.00000 p1_bpx_aei_ho_02_04_r2_cone
  49      47.26190     -97.69700     345.88480       0.00000      -0.00000       0.00000 p1_bpx_aei_ip_02_04_r2_flat
  50      47.49130      96.83770     346.31770       0.00000      -0.00000       0.00000 p1_bpx_aei_ho_02_04_r2_flat
  51      30.51520     -97.70330     384.36100       0.00000      -0.00000       0.00000 p1_bpx_aei_ip_02_04_r2_grove
  52      30.74580      96.84250     384.77380       0.00000      -0.00000       0.00000 p1_bpx_aei_ho_02_04_r2_grove
  53      46.41810     -97.76090     430.03160       0.00000      -0.00000       0.00000 p1_bpx_aei_ip_02_16_r2_cone
  54      46.64070      96.81780     430.44720       0.00000      -0.00000       0.00000 p1_bpx_aei_ho_02_16_r2_cone
  55     -29.17050     -97.71090     437.24570       0.00000      -0.00000       0.00000 p1_bpx_aei_ip_02_16_r2_grove
  56     -28.93580      96.90400     437.65480       0.00000      -0.00000       0.00000 p1_bpx_aei_ho_02_16_r2_grove
  57     -13.81400     -97.75610     476.28030       0.00000      -0.00000       0.00000 p1_bpx_aei_ip_02_16_r2_flat
  58     -13.59120      96.84060     476.69620       0.00000      -0.00000       0.00000 p1_bpx_aei_ho_02_16_r2_flat
  59      -0.58260     -45.54090     560.85500       0.00000      -0.00000       0.00000 p1_slm_aei_02_surf_r2
  60     -52.31330      51.65910     747.79960       0.00000      -0.00000       0.00000 p1_srg_aei_02_r2_135deg
  61      52.09860      51.69540     747.81770       0.00000      -0.00000       0.00000 p1_srg_aei_02_r2_45deg
  62      -0.11250      73.18800     747.81810       0.00000      -0.00000       0.00000 p1_srg_aei_02_r2_90deg
  63     -55.62340      -0.21360     747.90040       0.00000      -0.00000       0.00000 p1_srg_aei_02_r2_rear
  64      55.50830       0.03320     747.91320       0.00000      -0.00000       0.00000 p1_srg_aei_02_r2_front
  65     -52.16390     -52.42390     747.92760       0.00000      -0.00000       0.00000 p1_srg_aei_02_r2_225deg
  66      52.20420     -52.25920     747.95120       0.00000      -0.00000       0.00000 p1_srg_aei_02_r2_315deg
  67       0.04270     -73.89400     747.98120       0.00000      -0.00000       0.00000 p1_srg_aei_02_r2_270deg
  68     193.77510     -32.61500     929.04950       0.00000      -0.00000       0.00000 p1_bpl_aei_02_r1_grove
  69     196.09510      40.36300     949.88690       0.00000      -0.00000       0.00000 p1_bpl_aei_02_r1_cone
  70     198.18270     -32.61200     970.73800       0.00000      -0.00000       0.00000 p1_bpl_aei_02_r1_flat
  71     -47.27140     -97.53930    1034.52670       0.00000      -0.00000       0.00000 p1_bpx_aei_ip_02_04_r3_cone
  72     -47.01460      97.13810    1034.55860       0.00000      -0.00000       0.00000 p1_bpx_aei_ho_02_04_r3_cone
  73      27.96140     -97.59310    1044.85210       0.00000      -0.00000       0.00000 p1_bpx_aei_ip_02_04_r3_flat
  74      28.21750      97.00400    1044.89820       0.00000      -0.00000       0.00000 p1_bpx_aei_ho_02_04_r3_flat
  75      11.00950     -97.56860    1083.22220       0.00000      -0.00000       0.00000 p1_bpx_aei_ip_02_04_r3_grove
  76      11.24820      97.00770    1083.26560       0.00000      -0.00000       0.00000 p1_bpx_aei_ho_02_04_r3_grove
  77      28.90640     -97.60410    1117.91600       0.00000      -0.00000       0.00000 p1_bpx_aei_ip_02_16_r3_cone
  78      29.13810      96.97300    1117.95930       0.00000      -0.00000       0.00000 p1_bpx_aei_ho_02_16_r3_cone
  79     -46.72690     -97.53950    1124.70090       0.00000      -0.00000       0.00000 p1_bpx_aei_ip_02_16_r3_grove
  80     -46.48940      97.07100    1124.72540       0.00000      -0.00000       0.00000 p1_bpx_aei_ho_02_16_r3_grove
  81     -31.59050     -97.54470    1163.82100       0.00000      -0.00000       0.00000 p1_bpx_aei_ip_02_16_r3_flat
  82     -31.36300      96.99570    1163.84960       0.00000      -0.00000       0.00000 p1_bpx_aei_ho_02_16_r3_flat
  83      55.50550       0.06370    1179.18940       0.00000      -0.00000       0.00000 p1_mid_aei_02_front
  84     -44.29330     -97.53260    1367.88140       0.00000      -0.00000       0.00000 p1_bpx_aei_ip_02_04_r4_cone
  85     -44.15570      97.19590    1368.15930       0.00000      -0.00000       0.00000 p1_bpx_aei_ho_02_04_r4_cone
  86      30.97350     -97.55310    1378.01480       0.00000      -0.00000       0.00000 p1_bpx_aei_ip_02_04_r4_flat
  87      31.10300      97.01990    1378.26550       0.00000      -0.00000       0.00000 p1_bpx_aei_ho_02_04_r4_flat
  88      14.10950     -97.56270    1416.43090       0.00000      -0.00000       0.00000 p1_bpx_aei_ip_02_04_r4_grove
  89      14.25980      97.01860    1416.68490       0.00000      -0.00000       0.00000 p1_bpx_aei_ho_02_04_r4_grove
  90      45.56210     -97.59520    1445.45290       0.00000      -0.00000       0.00000 p1_bpx_aei_ip_02_16_r4_cone
  91      45.71610      96.96870    1445.69380       0.00000      -0.00000       0.00000 p1_bpx_aei_ho_02_16_r4_cone
  92     -30.06000     -97.55930    1452.42050       0.00000      -0.00000       0.00000 p1_bpx_aei_ip_02_16_r4_grove
  93     -29.88690      97.09540    1452.69440       0.00000      -0.00000       0.00000 p1_bpx_aei_ho_02_16_r4_grove
  94     -14.82260     -97.57260    1491.50630       0.00000      -0.00000       0.00000 p1_bpx_aei_ip_02_16_r4_flat
  95     -14.63730      97.02240    1491.76690       0.00000      -0.00000       0.00000 p1_bpx_aei_ho_02_16_r4_flat
  96      32.88880    -210.31000    1532.45990       0.00000      -0.00000       0.00000 p1_baz_aei_02_01_r2_flat
  96      32.88880    -210.31000    1532.45990       0.00000      -0.00000       0.00000 p1_baz_aei_02_16_r2_flat
  97     -43.04530    -210.27560    1532.97690       0.00000      -0.00000       0.00000 p1_baz_aei_02_01_r2_cone
  97     -43.04530    -210.27560    1532.97690       0.00000      -0.00000       0.00000 p1_baz_aei_02_16_r2_cone
  98      21.58630    -210.27620    1572.84760       0.00000      -0.00000       0.00000  p1_baz_aei_02_01_r2_grove
  98      21.58630    -210.27620    1572.84760       0.00000      -0.00000       0.00000  p1_baz_aei_02_16_r2_grove
  99     -37.09390     -22.45480    1690.96470       0.00000      -0.00000       0.00000 p1_gim_aei_02_surf_r2
 100      -0.02820     -73.81950    1825.50510       0.00000      -0.00000       0.00000 p1_srg_aei_02_r3_270deg
 101     -52.17860     -52.28570    1825.55980       0.00000      -0.00000       0.00000 p1_srg_aei_02_r3_225deg
 102      52.34440      51.44850    1825.56320       0.00000      -0.00000       0.00000 p1_srg_aei_02_r3_45deg
 103      52.27520     -52.17140    1825.58590       0.00000      -0.00000       0.00000 p1_srg_aei_02_r3_315deg
 104     -52.05210      51.79490    1825.58910       0.00000      -0.00000       0.00000 p1_srg_aei_02_r3_135deg
 105      55.45650       0.00000    1825.59370       0.00000      -0.00000       0.00000 p1_srg_aei_02_r3_front
 106     -55.55960      -0.06790    1825.60270       0.00000      -0.00000       0.00000 p1_srg_aei_02_r3_rear
 107       0.22230      73.18610    1825.60770       0.00000      -0.00000       0.00000 p1_srg_aei_02_r3_90deg
 108      30.05000      96.93740    1894.53610       0.00000      -0.00000       0.00000 p1_bpx_aei_ho_02_16_r5_cone
 109      29.78790     -97.60180    1894.61650       0.00000      -0.00000       0.00000 p1_bpx_aei_ip_02_16_r5_cone
 110     -45.81050      97.14290    1897.93580       0.00000      -0.00000       0.00000 p1_bpx_aei_ho_02_16_r5_grove
 111     -46.08120     -97.59840    1898.06070       0.00000      -0.00000       0.00000 p1_bpx_aei_ip_02_16_r5_grove
 112     -32.42800      97.09150    1937.69200       0.00000      -0.00000       0.00000 p1_bpx_aei_ho_02_16_r5_flat
 113     -32.67610     -97.60600    1937.81490       0.00000      -0.00000       0.00000 p1_bpx_aei_ip_02_16_r5_flat
 114     -43.66340      97.10640    1978.56450       0.00000      -0.00000       0.00000 p1_bpx_aei_ho_02_04_r5_cone
 115     -43.89160     -97.60770    1978.69510       0.00000      -0.00000       0.00000 p1_bpx_aei_ip_02_04_r5_cone
 116      31.02420      96.92850    1992.23190       0.00000      -0.00000       0.00000 p1_bpx_aei_ho_02_04_r5_flat
 117      30.81760     -97.64740    1992.32300       0.00000      -0.00000       0.00000 p1_bpx_aei_ip_02_04_r5_flat
 118      12.38500      96.94840    2029.80580       0.00000      -0.00000       0.00000 p1_bpx_aei_ho_02_04_r5_grove
 119      12.18910     -97.62740    2029.91100       0.00000      -0.00000       0.00000 p1_bpx_aei_ip_02_04_r5_grove
 120      44.28530    -210.38330    2055.94450       0.00000      -0.00000       0.00000 p1_baz_aei_02_03_r2_cone
 120      44.28530    -210.38330    2055.94450       0.00000      -0.00000       0.00000 p1_baz_aei_02_04_r2_cone
 121     -29.58530    -210.29530    2073.53090       0.00000      -0.00000       0.00000  p1_baz_aei_02_03_r2_grove
 121     -29.58530    -210.29530    2073.53090       0.00000      -0.00000       0.00000  p1_baz_aei_02_04_r2_grove
 122      -8.99220    -210.27750    2110.06710       0.00000      -0.00000       0.00000 p1_baz_aei_02_03_r2_flat
 122      -8.99220    -210.27750    2110.06710       0.00000      -0.00000       0.00000 p1_baz_aei_02_04_r2_flat
 123     -84.52400     -97.41450    2208.24840       0.00000      -0.00000       0.00000 p1_bpx_aei_ip_02_04_r6_cone
 124     -84.29530      97.25050    2208.47990       0.00000      -0.00000       0.00000 p1_bpx_aei_ho_02_04_r6_cone
 125      -9.37080     -97.46940    2219.11120       0.00000      -0.00000       0.00000 p1_bpx_aei_ip_02_04_r6_flat
 126      -9.20100      97.09720    2219.34160       0.00000      -0.00000       0.00000 p1_bpx_aei_ho_02_04_r6_flat
 127      85.31320     -97.59610    2236.19690       0.00000      -0.00000       0.00000 p1_bpx_aei_ip_02_16_r6_cone
 128      85.49980      96.98810    2236.39620       0.00000      -0.00000       0.00000 p1_bpx_aei_ho_02_16_r6_cone
 129       9.62500     -97.50220    2242.43530       0.00000      -0.00000       0.00000 p1_bpx_aei_ip_02_16_r6_grove
 130       9.81490      97.05770    2242.62950       0.00000      -0.00000       0.00000 p1_bpx_aei_ho_02_16_r6_grove
 131     -26.59930     -97.47990    2257.36440       0.00000      -0.00000       0.00000 p1_bpx_aei_ip_02_04_r6_grove
 132     -26.37830      97.11290    2257.55210       0.00000      -0.00000       0.00000 p1_bpx_aei_ho_02_04_r6_grove
 133      24.47580     -97.53210    2281.66670       0.00000      -0.00000       0.00000 p1_bpx_aei_ip_02_16_r6_flat
 134      24.62840      97.02610    2281.92540       0.00000      -0.00000       0.00000 p1_bpx_aei_ho_02_16_r6_flat
 135    -110.03630     -73.40380    2299.46200       0.00000      -0.00000       0.00000 p1_bbi_aei_02_01_flat
 136    -113.81990    -149.19550    2299.63110       0.00000      -0.00000       0.00000 p1_bbi_aei_02_01_cone
 137     -70.30410     -86.99100    2301.22200       0.00000      -0.00000       0.00000 p1_bbi_aei_02_01_grove
 138     -41.92930     -88.55910    2302.43860       0.00000      -0.00000       0.00000 p1_bbi_aei_02_03_grove
 139      -2.22460     -75.14780    2304.08150       0.00000      -0.00000       0.00000 p1_bbi_aei_02_03_flat
 140       1.17830    -151.05720    2304.56540       0.00000      -0.00000       0.00000 p1_bbi_aei_02_03_cone
 141     484.37390    -107.97910    2318.73400       0.00000      -0.00000       0.00000 p1_bpl_aei_02_r2_grove
 142    -506.27170     -95.32760    2336.47890       0.00000      -0.00000       0.00000 p1_bbe_aei_02_01_flat
 143    -484.63650     -22.54010    2336.81790       0.00000      -0.00000       0.00000 p1_bbe_aei_02_01_cone
 144    -464.37060     -95.70300    2338.22690       0.00000      -0.00000       0.00000 p1_bbe_aei_02_01_grove
 145     449.16420    -115.61000    2340.17700       0.00000      -0.00000       0.00000 p1_bpl_aei_02_r2_flat
 146     468.58690     -44.05040    2356.53340       0.00000      -0.00000       0.00000 p1_bpl_aei_02_r2_cone
 147     325.81750     -97.25320    2372.48300       0.00000      -0.00000       0.00000 p1_bbe_aei_02_03_flat
 148     346.43210     -24.18580    2372.78840       0.00000      -0.00000       0.00000 p1_bbe_aei_02_03_cone
 149     367.69490     -97.05060    2374.40490       0.00000      -0.00000       0.00000 p1_bbe_aei_02_03_grove
 150       0.37462      -0.01181     580.80000       0.00000       0.00000       0.00000 p2_aei_02_par_1
 151       0.24847      -0.01826    1710.90000      26.08587       0.00000       0.00000 p2_aei_02_par_2
 152       0.01344      -0.00606    2382.00000   -3158.36099       0.39590       0.00187 p2_aei_02_par_3
 153       0.10444       0.00324       0.01226      -0.00185       0.06175      -0.00691 p2_aei_02
 154     -15.07868       0.00485      66.11745      -0.00748      -0.35166    3141.58579 p2_irm_aei_02_s1_fixed
 155      14.97867      -0.00081    2291.91179      -0.00003       0.03832      -0.00691 p2_irm_aei_02_s2_fixed
 156      14.92132       0.00505      66.10690      -0.00748      -0.35166    3141.58579 p2_irm_aei_02_l1_fixed
 157     -15.02133      -0.00102    2291.91064      -0.00003       0.03832      -0.00691 p2_irm_aei_02_l2_fixed
 158     -14.94925       0.00225     478.01440      -0.00338      -0.22176      -0.00691 p2_irl_aei_02_s1
 159      14.99379      -0.00050    1880.00900      -0.00245       0.03295      -0.00691 p2_irl_aei_02_s2
 160      15.05731       0.00335     950.51100       0.00269       0.11504      -0.00691 p2_irl_aei_02_l1
 161     -14.99008       0.00219    1407.50712      -0.00679       0.06243      -0.00691 p2_irl_aei_02_l2
 162     -14.94163       0.00311     941.20760       0.00282       0.11343      -0.00691 p2_irc_aei_02_s1
 163      15.00935       0.00234    1416.80895      -0.00692       0.06032      -0.00691 p2_irc_aei_02_s2
 164      15.01051       0.00246    1398.20904      -0.00665       0.06457      -0.00691 p2_irc_aei_02_l1
 165     -14.94377       0.00316     959.80749       0.00255       0.11648      -0.00691 p2_irc_aei_02_l2
 166      -0.10194       0.00544       0.01225      -0.00749      -0.35200      -0.00691 p2_irt_aei_02_r1
 167       0.03040       0.00271     397.01135      -0.00514      -0.27738      -0.00691 p2_irt_aei_02_r2
 168       0.07194       0.00270     794.00986       0.00383       0.06256      -0.00691 p2_irt_aei_02_r3
 169       0.02875       0.00332    1191.00850      -0.00236       0.10924      -0.00691 p2_irt_aei_02_r4
 170       0.00195       0.00093    1588.00796      -0.00775       0.02943      -0.00691 p2_irt_aei_02_r5
 171      -0.00982      -0.00079    1985.00896      -0.00122       0.03568      -0.00691 p2_irt_aei_02_r6
 172      -0.02478      -0.00092    2382.01218      -0.00001       0.03836      -0.00691 p2_irt_aei_02_r7
 173     -34.10944      96.93817      18.96653      -0.00749      -0.35199      -0.00691 p2_bpx_aei_ho_02_04_r1_cone
 174     -34.21548     -97.67823      19.03301      -0.00749      -0.35199      -0.00691 p2_bpx_aei_ip_02_04_r1_cone
 175      41.08249      96.84821      29.52985      -0.00749      -0.35197      -0.00691 p2_bpx_aei_ho_02_04_r1_flat
 176      40.98246     -97.72299      29.61643      -0.00749      -0.35197      -0.00691 p2_bpx_aei_ip_02_04_r1_flat
 177      24.01096      96.81670      67.84282      -0.00748      -0.35163      -0.00691 p2_bpx_aei_ho_02_04_r1_grove
 178      23.89694     -97.72740      67.92621      -0.00748      -0.35163      -0.00691 p2_bpx_aei_ip_02_04_r1_grove
 179      35.06673      96.77417     109.31081      -0.00744      -0.35044      -0.00691 p2_bpx_aei_ho_02_16_r1_cone
 180      34.94520     -97.75913     109.40010      -0.00744      -0.35044      -0.00691 p2_bpx_aei_ip_02_16_r1_cone
 181     -40.57729      96.86270     115.85529      -0.00743      -0.35015      -0.00691 p2_bpx_aei_ho_02_16_r1_grove
 182     -40.72012     -97.74400     115.92660      -0.00743      -0.35015      -0.00691 p2_bpx_aei_ip_02_16_r1_grove
 183     -25.55482      96.78561     155.02709      -0.00735      -0.34756      -0.00691 p2_bpx_aei_ho_02_16_r1_flat
 184     -25.70975     -97.75839     155.09821      -0.00735      -0.34755      -0.00691 p2_bpx_aei_ip_02_16_r1_flat
 185      37.14464    -173.00794     194.92682      -0.00721      -0.34317      -0.00691 p2_baz_aei_02_03_r1_flat
 185      37.14464    -173.00794     194.92682      -0.00721      -0.34317      -0.00691 p2_baz_aei_02_01_r1_flat
 186     -32.86063    -173.00284     224.37875      -0.00706      -0.33853      -0.00691 p2_baz_aei_02_03_r1_cone
 186     -32.86063    -173.00284     224.37875      -0.00706      -0.33853      -0.00691 p2_baz_aei_02_01_r1_cone
 187      42.09000    -173.04811     236.57976      -0.00699      -0.33621      -0.00691  p2_baz_aei_02_03_r1_grove
 187      42.09000    -173.04811     236.57976      -0.00699      -0.33621      -0.00691  p2_baz_aei_02_01_r1_grove
 188     -52.21434     -52.26027     282.51943      -0.00664      -0.32512      -0.00691 p2_srg_aei_02_r1_225deg
 189      -0.02559     -73.86041     282.50742      -0.00664      -0.32512      -0.00691 p2_srg_aei_02_r1_270deg
 190     -55.48130       0.00301     282.52814      -0.00664      -0.32512      -0.00691 p2_srg_aei_02_r1_rear
 191      52.33738     -52.34495     282.54054      -0.00664      -0.32510      -0.00691 p2_srg_aei_02_r1_315deg
 192     -52.18504      51.52783     282.57651      -0.00664      -0.32510      -0.00691 p2_srg_aei_02_r1_135deg
 193       0.03352      73.11599     282.58817      -0.00664      -0.32509      -0.00691 p2_srg_aei_02_r1_90deg
 194      55.45213       0.00377     282.59367      -0.00664      -0.32509      -0.00691 p2_srg_aei_02_r1_front
 195      52.25458      51.54615     282.59925      -0.00664      -0.32509      -0.00691 p2_srg_aei_02_r1_45deg
 196     -28.03510     -97.62595     336.00255      -0.00606      -0.30677      -0.00691 p2_bpx_aei_ip_02_04_r2_cone
 197     -27.79982      96.96695     336.41346      -0.00606      -0.30661      -0.00691 p2_bpx_aei_ho_02_04_r2_cone
 198      47.26012     -97.69908     345.88723      -0.00593      -0.30265      -0.00691 p2_bpx_aei_ip_02_04_r2_flat
 199      47.48811      96.83561     346.31063      -0.00593      -0.30247      -0.00691 p2_bpx_aei_ho_02_04_r2_flat
 200      30.51512     -97.70522     384.36290      -0.00535      -0.28428      -0.00691 p2_bpx_aei_ip_02_04_r2_grove
 201      30.74379      96.84008     384.77178      -0.00535      -0.28407      -0.00691 p2_bpx_aei_ho_02_04_r2_grove
 202      46.42061     -97.76833     430.03377      -0.00450      -0.25716      -0.00691 p2_bpx_aei_ip_02_16_r2_cone
 203      46.63947      96.81637     430.44450      -0.00449      -0.25689      -0.00691 p2_bpx_aei_ho_02_16_r2_cone
 204     -29.17016     -97.71599     437.24796      -0.00435      -0.25232      -0.00691 p2_bpx_aei_ip_02_16_r2_grove
 205     -28.93790      96.90321     437.65194      -0.00434      -0.25205      -0.00691 p2_bpx_aei_ho_02_16_r2_grove
 206     -13.81206     -97.75793     476.28304      -0.00343      -0.22317      -0.00691 p2_bpx_aei_ip_02_16_r2_flat
 207     -13.59391      96.84067     476.69355      -0.00342      -0.22283      -0.00691 p2_bpx_aei_ho_02_16_r2_flat
 208      -0.51731     -45.53863     560.85601      -0.00086      -0.14162      -0.00691 p2_slm_aei_02_surf_r2
 209     -52.30573      51.65226     747.79901       0.00361       0.03530      -0.00691 p2_srg_aei_02_r2_135deg
 210      -0.10698      73.19042     747.81337       0.00361       0.03531      -0.00691 p2_srg_aei_02_r2_90deg
 211      52.10727      51.69038     747.81610       0.00361       0.03531      -0.00691 p2_srg_aei_02_r2_45deg
 212     -55.61617      -0.21336     747.89818       0.00361       0.03536      -0.00691 p2_srg_aei_02_r2_rear
 213      55.50252       0.03351     747.91170       0.00361       0.03537      -0.00691 p2_srg_aei_02_r2_front
 214     -52.15421     -52.42934     747.92948       0.00361       0.03538      -0.00691 p2_srg_aei_02_r2_225deg
 215      52.21058     -52.26251     747.95088       0.00361       0.03539      -0.00691 p2_srg_aei_02_r2_315deg
 216       0.04743     -73.89537     747.98201       0.00361       0.03542      -0.00691 p2_srg_aei_02_r2_270deg
 217     193.76526     -32.61728     929.04926       0.00299       0.11107      -0.00691 p2_bpl_aei_02_r1_grove
 218     196.09610      40.36069     949.88570       0.00270       0.11494      -0.00691 p2_bpl_aei_02_r1_cone
 219     198.18258     -32.61244     970.74055       0.00237       0.11796      -0.00691 p2_bpl_aei_02_r1_flat
 220     -47.26418     -97.53892    1034.52920       0.00119       0.12242      -0.00691 p2_bpx_aei_ip_02_04_r3_cone
 221     -47.01233      97.13848    1034.55440       0.00119       0.12242      -0.00691 p2_bpx_aei_ho_02_04_r3_cone
 222      27.96656     -97.59349    1044.85466       0.00098       0.12252      -0.00691 p2_bpx_aei_ip_02_04_r3_flat
 223      28.21951      97.00421    1044.89810       0.00098       0.12252      -0.00691 p2_bpx_aei_ho_02_04_r3_flat
 224      11.01417     -97.56738    1083.22477       0.00015       0.12152      -0.00691 p2_bpx_aei_ip_02_04_r3_grove
 225      11.24992      97.00722    1083.26416       0.00015       0.12152      -0.00691 p2_bpx_aei_ho_02_04_r3_grove
 226      28.91059     -97.60157    1117.91778      -0.00064       0.11895      -0.00691 p2_bpx_aei_ip_02_16_r3_cone
 227      29.13914      96.97193    1117.95783      -0.00064       0.11894      -0.00691 p2_bpx_aei_ho_02_16_r3_cone
 228     -46.72401     -97.53639    1124.70158      -0.00079       0.11828      -0.00691 p2_bpx_aei_ip_02_16_r3_grove
 229     -46.49036      97.07261    1124.72336      -0.00079       0.11827      -0.00691 p2_bpx_aei_ho_02_16_r3_grove
 230     -31.58615     -97.54534    1163.82262      -0.00172       0.11345      -0.00691 p2_bpx_aei_ip_02_16_r3_flat
 231     -31.36160      96.99626    1163.84788      -0.00172       0.11345      -0.00691 p2_bpx_aei_ho_02_16_r3_flat
 232      55.50735       0.06393    1179.18980      -0.00208       0.11115      -0.00691 p2_mid_aei_02_front
 233     -44.29355     -97.53285    1367.88114      -0.00616       0.07163      -0.00691 p2_bpx_aei_ip_02_04_r4_cone
 234     -44.15582      97.19255    1368.16005      -0.00616       0.07157      -0.00691 p2_bpx_aei_ho_02_04_r4_cone
 235      30.97083     -97.55890    1378.01573      -0.00633       0.06926      -0.00691 p2_bpx_aei_ip_02_04_r4_flat
 236      31.09867      97.02100    1378.26697      -0.00634       0.06920      -0.00691 p2_bpx_aei_ho_02_04_r4_flat
 237      14.10804     -97.56177    1416.43142      -0.00692       0.06040      -0.00691 p2_bpx_aei_ip_02_04_r4_grove
 238      14.25469      97.02013    1416.68428      -0.00692       0.06034      -0.00691 p2_bpx_aei_ho_02_04_r4_grove
 239      45.55939     -97.59696    1445.45396      -0.00728       0.05395      -0.00691 p2_bpx_aei_ip_02_16_r4_cone
 240      45.71043      96.96824    1445.69339      -0.00728       0.05390      -0.00691 p2_bpx_aei_ho_02_16_r4_cone
 241     -30.06218     -97.55833    1452.42191      -0.00735       0.05245      -0.00691 p2_bpx_aei_ip_02_16_r4_grove
 242     -29.89004      97.09977    1452.69426      -0.00736       0.05239      -0.00691 p2_bpx_aei_ho_02_16_r4_grove
 243     -14.82428     -97.57602    1491.50597      -0.00769       0.04447      -0.00691 p2_bpx_aei_ip_02_16_r4_flat
 244     -14.64113      97.02098    1491.76597      -0.00769       0.04442      -0.00691 p2_bpx_aei_ho_02_16_r4_flat
 245      32.88754    -210.30671    1532.46163      -0.00785       0.03713      -0.00691 p2_baz_aei_02_01_r2_flat
 245      32.88754    -210.30671    1532.46163      -0.00785       0.03713      -0.00691 p2_baz_aei_02_16_r2_flat
 246     -43.04708    -210.27394    1532.97571      -0.00786       0.03705      -0.00691 p2_baz_aei_02_01_r2_cone
 246     -43.04708    -210.27394    1532.97571      -0.00786       0.03705      -0.00691 p2_baz_aei_02_16_r2_cone
 247      21.58276    -210.27510    1572.84879      -0.00782       0.03124      -0.00691  p2_baz_aei_02_01_r2_grove
 247      21.58276    -210.27510    1572.84879      -0.00782       0.03124      -0.00691  p2_baz_aei_02_16_r2_grove
 248     -37.09446     -22.45507    1690.96289      -0.00633       0.02460      -0.00691 p2_gim_aei_02_surf_r2
 249      -0.02785     -73.81915    1825.50408      -0.00334       0.03098      -0.00691 p2_srg_aei_02_r3_270deg
 250      52.34238      51.44811    1825.56312      -0.00334       0.03099      -0.00691 p2_srg_aei_02_r3_45deg
 251     -52.17770     -52.28791    1825.56014      -0.00334       0.03099      -0.00691 p2_srg_aei_02_r3_225deg
 252      52.27650     -52.17199    1825.58497      -0.00334       0.03099      -0.00691 p2_srg_aei_02_r3_315deg
 253      55.45203      -0.00006    1825.59045      -0.00334       0.03099      -0.00691 p2_srg_aei_02_r3_front
 254     -52.05472      51.79659    1825.58919      -0.00334       0.03099      -0.00691 p2_srg_aei_02_r3_135deg
 255     -55.55767      -0.06883    1825.60341      -0.00334       0.03099      -0.00691 p2_srg_aei_02_r3_rear
 256       0.22173      73.18355    1825.60718      -0.00334       0.03099      -0.00691 p2_srg_aei_02_r3_90deg
 257      30.05134      96.93457    1894.53538      -0.00225       0.03340      -0.00691 p2_bpx_aei_ho_02_16_r5_cone
 258      29.78798     -97.60073    1894.61783      -0.00225       0.03340      -0.00691 p2_bpx_aei_ip_02_16_r5_cone
 259     -45.81107      97.14214    1897.93475      -0.00220       0.03350      -0.00691 p2_bpx_aei_ho_02_16_r5_grove
 260     -46.07993     -97.59976    1898.05961      -0.00220       0.03351      -0.00691 p2_bpx_aei_ip_02_16_r5_grove
 261     -32.42743      97.09055    1937.69148      -0.00170       0.03460      -0.00691 p2_bpx_aei_ho_02_16_r5_flat
 262     -32.67419     -97.60275    1937.81524      -0.00170       0.03461      -0.00691 p2_bpx_aei_ip_02_16_r5_flat
 263     -43.66486      97.10161    1978.56339      -0.00128       0.03555      -0.00691 p2_bpx_aei_ho_02_04_r5_cone
 264     -43.89052     -97.60599    1978.69754      -0.00128       0.03555      -0.00691 p2_bpx_aei_ip_02_04_r5_cone
 265      31.02355      96.92441    1992.23192      -0.00115       0.03582      -0.00691 p2_bpx_aei_ho_02_04_r5_flat
 266      30.81939     -97.64709    1992.32428      -0.00115       0.03583      -0.00691 p2_bpx_aei_ip_02_04_r5_flat
 267      12.38259      96.94835    2029.80563      -0.00086       0.03649      -0.00691 p2_bpx_aei_ho_02_04_r5_grove
 268      12.19053     -97.63045    2029.90856      -0.00085       0.03649      -0.00691 p2_bpx_aei_ip_02_04_r5_grove
 269      44.28846    -210.38135    2055.94564      -0.00068       0.03687      -0.00691 p2_baz_aei_02_03_r2_cone
 269      44.28846    -210.38135    2055.94564      -0.00068       0.03687      -0.00691 p2_baz_aei_02_04_r2_cone
 270     -29.58610    -210.29297    2073.53434      -0.00058       0.03710      -0.00691  p2_baz_aei_02_03_r2_grove
 270     -29.58610    -210.29297    2073.53434      -0.00058       0.03710      -0.00691  p2_baz_aei_02_04_r2_grove
 271      -8.98966    -210.27505    2110.06778      -0.00040       0.03750      -0.00691 p2_baz_aei_02_03_r2_flat
 271      -8.98966    -210.27505    2110.06778      -0.00040       0.03750      -0.00691 p2_baz_aei_02_04_r2_flat
 272     -84.52275     -97.42109    2208.24501      -0.00011       0.03813      -0.00691 p2_bpx_aei_ip_02_04_r6_cone
 273     -84.29991      97.25211    2208.47735      -0.00011       0.03813      -0.00691 p2_bpx_aei_ho_02_04_r6_cone
 274      -9.36887     -97.47218    2219.11128      -0.00010       0.03817      -0.00691 p2_bpx_aei_ip_02_04_r6_flat
 275      -9.19882      97.09733    2219.34450      -0.00010       0.03817      -0.00691 p2_bpx_aei_ho_02_04_r6_flat
 276      85.31638     -97.59812    2236.19805      -0.00007       0.03822      -0.00691 p2_bpx_aei_ip_02_16_r6_cone
 277      85.49853      96.98818    2236.39727      -0.00007       0.03822      -0.00691 p2_bpx_aei_ho_02_16_r6_cone
 278       9.62904     -97.50305    2242.43371      -0.00007       0.03824      -0.00691 p2_bpx_aei_ip_02_16_r6_grove
 279       9.81369      97.05985    2242.63233      -0.00006       0.03824      -0.00691 p2_bpx_aei_ho_02_16_r6_grove
 280     -26.59563     -97.47890    2257.36376      -0.00005       0.03827      -0.00691 p2_bpx_aei_ip_02_04_r6_grove
 281     -26.38008      97.10980    2257.55458      -0.00005       0.03827      -0.00691 p2_bpx_aei_ho_02_04_r6_grove
 282      24.47864     -97.53125    2281.66635      -0.00003       0.03831      -0.00691 p2_bpx_aei_ip_02_16_r6_flat
 283      24.62658      97.02546    2281.92917      -0.00003       0.03831      -0.00691 p2_bpx_aei_ho_02_16_r6_flat
 284    -110.03731     -73.40168    2299.45947      -0.00002       0.03833      -0.00691 p2_bbi_aei_02_01_flat
 285    -113.81879    -149.19380    2299.62893      -0.00002       0.03833      -0.00691 p2_bbi_aei_02_01_cone
 286     -70.30398     -86.98860    2301.21591      -0.00002       0.03833      -0.00691 p2_bbi_aei_02_01_grove
 287     -41.92692     -88.55721    2302.42551      -0.00002       0.03833      -0.00691 p2_bbi_aei_02_03_grove
 288      -2.22537     -75.14533    2304.08015      -0.00002       0.03834      -0.00691 p2_bbi_aei_02_03_flat
 289       1.17723    -151.05781    2304.56768      -0.00002       0.03834      -0.00691 p2_bbi_aei_02_03_cone
 290     484.37449    -107.98157    2318.73916      -0.00002       0.03835      -0.00691 p2_bpl_aei_02_r2_grove
 291    -506.27068     -95.32461    2336.47726      -0.00001       0.03835      -0.00691 p2_bbe_aei_02_01_flat
 292    -484.63669     -22.53826    2336.81849      -0.00001       0.03835      -0.00691 p2_bbe_aei_02_01_cone
 293    -464.36854     -95.69952    2338.22538      -0.00001       0.03835      -0.00691 p2_bbe_aei_02_01_grove
 294     449.16422    -115.61091    2340.18164      -0.00001       0.03835      -0.00691 p2_bpl_aei_02_r2_flat
 295     468.58460     -44.05168    2356.53366      -0.00001       0.03836      -0.00691 p2_bpl_aei_02_r2_cone
 296     325.81715     -97.25527    2372.48577      -0.00001       0.03836      -0.00691 p2_bbe_aei_02_03_flat
 297     346.43414     -24.18582    2372.79036      -0.00001       0.03836      -0.00691 p2_bbe_aei_02_03_cone
 298     367.69398     -97.05138    2374.40609      -0.00001       0.03836      -0.00691 p2_bbe_aei_02_03_grove
 299      -0.00558       0.00017     580.80000       0.00000       0.00000       0.00000 p3_aei_02_par_1
 300       0.16410       0.00079    1710.90000      26.08587       0.00000       0.00000 p3_aei_02_par_2
 301       0.25567       0.00359    2382.00000    2246.87724      -0.28558       0.00138 p3_aei_02_par_3
 302      -0.00699       0.00298      -0.00295      -0.00120      -0.01589       0.00045 p3_aei_02
 303     -15.01076       0.00174      66.09770       0.00111      -0.02427   -3141.59215 p3_irm_aei_02_s1_fixed
 304      14.79856      -0.00410    2291.91209      -0.00965       0.45189       0.00045 p3_irm_aei_02_s2_fixed
 305      14.98924       0.00172      66.09697       0.00111      -0.02427   -3141.59215 p3_irm_aei_02_l1_fixed
 306     -15.20144      -0.00409    2291.89853      -0.00965       0.45189       0.00045 p3_irm_aei_02_l2_fixed
 307     -15.00053       0.00219     477.99895       0.00105      -0.02621       0.00045 p3_irl_aei_02_s1
 308      14.97203      -0.00031    1880.00738      -0.00821       0.34952       0.00045 p3_irl_aei_02_s2
 309      15.01787       0.00256     950.49840       0.00036      -0.06145       0.00045 p3_irl_aei_02_l1
 310     -14.95603       0.00221    1407.50043      -0.00245      -0.01471       0.00045 p3_irl_aei_02_l2
 311     -14.98269       0.00257     941.20022       0.00039      -0.06057       0.00045 p3_irc_aei_02_s1
 312      15.04409       0.00217    1416.80008      -0.00254      -0.01085       0.00045 p3_irc_aei_02_s2
 313      15.04382       0.00222    1398.19991      -0.00236      -0.01842       0.00045 p3_irc_aei_02_l1
 314     -14.98155       0.00258     959.80027       0.00033      -0.06229       0.00045 p3_irc_aei_02_l2
 315      -0.01236       0.00166      -0.00295       0.00111      -0.02427       0.00045 p3_irt_aei_02_r1
 316      -0.00261       0.00209     396.99837       0.00108      -0.02538       0.00045 p3_irt_aei_02_r2
 317       0.00956       0.00248     793.99909       0.00076      -0.04429       0.00045 p3_irt_aei_02_r3
 318       0.03403       0.00254    1190.99972      -0.00076      -0.06563       0.00045 p3_irt_aei_02_r4
 319       0.03809       0.00159    1588.00078      -0.00447       0.09121       0.00045 p3_irt_aei_02_r5
 320      -0.06761      -0.00120    1985.00278      -0.00894       0.40156       0.00045 p3_irt_aei_02_r6
 321      -0.24220      -0.00496    2382.00625      -0.00965       0.45249       0.00045 p3_irt_aei_02_r7
 322     -34.11156      96.93229      18.96795       0.00111      -0.02427       0.00045 p3_bpx_aei_ho_02_04_r1_cone
 323     -34.21794     -97.67671      19.02937       0.00111      -0.02427       0.00045 p3_bpx_aei_ip_02_04_r1_cone
 324      41.07880      96.84447      29.53127       0.00111      -0.02427       0.00045 p3_bpx_aei_ho_02_04_r1_flat
 325      40.98082     -97.72203      29.61519       0.00111      -0.02427       0.00045 p3_bpx_aei_ip_02_04_r1_flat
 326      24.00993      96.81462      67.84715       0.00111      -0.02427       0.00045 p3_bpx_aei_ho_02_04_r1_grove
 327      23.89595     -97.72868      67.92507       0.00111      -0.02427       0.00045 p3_bpx_aei_ip_02_04_r1_grove
 328      35.06524      96.76996     109.31224       0.00111      -0.02429       0.00045 p3_bpx_aei_ho_02_16_r1_cone
 329      34.94485     -97.75954     109.39826       0.00111      -0.02429       0.00045 p3_bpx_aei_ip_02_16_r1_cone
 330     -40.57910      96.85720     115.85781       0.00111      -0.02429       0.00045 p3_bpx_aei_ho_02_16_r1_grove
 331     -40.71879     -97.74160     115.92713       0.00111      -0.02429       0.00045 p3_bpx_aei_ip_02_16_r1_grove
 332     -25.55615      96.78144     155.03049       0.00111      -0.02433       0.00045 p3_bpx_aei_ho_02_16_r1_flat
 333     -25.70714     -97.75766     155.09771       0.00111      -0.02433       0.00045 p3_bpx_aei_ip_02_16_r1_flat
 334      37.14560    -173.00454     194.92399       0.00111      -0.02440       0.00045 p3_baz_aei_02_03_r1_flat
 334      37.14560    -173.00454     194.92399       0.00111      -0.02440       0.00045 p3_baz_aei_02_01_r1_flat
 335     -32.85738    -173.00288     224.37650       0.00111      -0.02447       0.00045 p3_baz_aei_02_03_r1_cone
 335     -32.85738    -173.00288     224.37650       0.00111      -0.02447       0.00045 p3_baz_aei_02_01_r1_cone
 336      42.09312    -173.04320     236.57980       0.00111      -0.02450       0.00045  p3_baz_aei_02_03_r1_grove
 336      42.09312    -173.04320     236.57980       0.00111      -0.02450       0.00045  p3_baz_aei_02_01_r1_grove
 337      -0.02361     -73.85873     282.50986       0.00110      -0.02467       0.00045 p3_srg_aei_02_r1_270deg
 338     -52.21340     -52.26161     282.51962       0.00110      -0.02467       0.00045 p3_srg_aei_02_r1_225deg
 339     -55.48437       0.00199     282.52975       0.00110      -0.02467       0.00045 p3_srg_aei_02_r1_rear
 340      52.33760     -52.34865     282.54294       0.00110      -0.02467       0.00045 p3_srg_aei_02_r1_315deg
 341     -52.18615      51.52689     282.57711       0.00110      -0.02467       0.00045 p3_srg_aei_02_r1_135deg
 342       0.03366      73.11457     282.58990       0.00110      -0.02467       0.00045 p3_srg_aei_02_r1_90deg
 343      55.45103       0.00194     282.59671       0.00110      -0.02467       0.00045 p3_srg_aei_02_r1_front
 344      52.25425      51.54425     282.60253       0.00110      -0.02467       0.00045 p3_srg_aei_02_r1_45deg
 345     -28.03009     -97.62456     335.99893       0.00109      -0.02494       0.00045 p3_bpx_aei_ip_02_04_r2_cone
 346     -27.79719      96.96334     336.41361       0.00109      -0.02494       0.00045 p3_bpx_aei_ho_02_04_r2_cone
 347      47.26415     -97.69218     345.88797       0.00109      -0.02500       0.00045 p3_bpx_aei_ip_02_04_r2_flat
 348      47.48855      96.83652     346.31616       0.00109      -0.02501       0.00045 p3_bpx_aei_ho_02_04_r2_flat
 349      30.51712     -97.70183     384.36108       0.00108      -0.02528       0.00045 p3_bpx_aei_ip_02_04_r2_grove
 350      30.74342      96.83897     384.77516       0.00108      -0.02528       0.00045 p3_bpx_aei_ho_02_04_r2_grove
 351      46.42078     -97.76399     430.03186       0.00107      -0.02568       0.00045 p3_bpx_aei_ip_02_16_r2_cone
 352      46.63798      96.81421     430.44815       0.00107      -0.02568       0.00045 p3_bpx_aei_ho_02_16_r2_cone
 353     -29.16723     -97.71125     437.24532       0.00107      -0.02575       0.00045 p3_bpx_aei_ip_02_16_r2_grove
 354     -28.93953      96.90075     437.65391       0.00107      -0.02576       0.00045 p3_bpx_aei_ho_02_16_r2_grove
 355     -13.81102     -97.75392     476.28231       0.00105      -0.02619       0.00045 p3_bpx_aei_ip_02_16_r2_flat
 356     -13.59432      96.83669     476.69591       0.00105      -0.02619       0.00045 p3_bpx_aei_ho_02_16_r2_flat
 357      -0.58193     -45.53843     560.85348       0.00102      -0.02740       0.00045 p3_slm_aei_02_surf_r2
 358     -52.31795      51.65437     747.80023       0.00084      -0.03922       0.00045 p3_srg_aei_02_r2_135deg
 359      -0.11324      73.19004     747.81647       0.00084      -0.03923       0.00045 p3_srg_aei_02_r2_90deg
 360      52.10036      51.68962     747.81904       0.00084      -0.03923       0.00045 p3_srg_aei_02_r2_45deg
 361     -55.62507      -0.21443     747.90111       0.00084      -0.03923       0.00045 p3_srg_aei_02_r2_rear
 362      55.49364       0.03042     747.91365       0.00084      -0.03924       0.00045 p3_srg_aei_02_r2_front
 363     -52.16219     -52.42933     747.93302       0.00084      -0.03924       0.00045 p3_srg_aei_02_r2_225deg
 364      52.20291     -52.26238     747.95252       0.00084      -0.03924       0.00045 p3_srg_aei_02_r2_315deg
 365       0.04200     -73.89396     747.98399       0.00084      -0.03924       0.00045 p3_srg_aei_02_r2_270deg
 366     193.75526     -32.62003     929.05170       0.00043      -0.05937       0.00045 p3_bpl_aei_02_r1_grove
 367     196.09526      40.36098     949.88497       0.00036      -0.06139       0.00045 p3_bpl_aei_02_r1_cone
 368     198.18042     -32.61301     970.73513       0.00029      -0.06325       0.00045 p3_bpl_aei_02_r1_flat
 369     -47.26622     -97.53709    1034.52805       0.00005      -0.06761       0.00045 p3_bpx_aei_ip_02_04_r3_cone
 370     -47.01443      97.13441    1034.55873       0.00005      -0.06762       0.00045 p3_bpx_aei_ho_02_04_r3_cone
 371      27.96698     -97.59112    1044.85297       0.00000      -0.06810       0.00045 p3_bpx_aei_ip_02_04_r3_flat
 372      28.21727      97.00268    1044.89915       0.00000      -0.06810       0.00045 p3_bpx_aei_ho_02_04_r3_flat
 373      11.01372     -97.56772    1083.22075      -0.00017      -0.06924       0.00045 p3_bpx_aei_ip_02_04_r3_grove
 374      11.24861      97.00608    1083.26437      -0.00017      -0.06924       0.00045 p3_bpx_aei_ho_02_04_r3_grove
 375      28.91102     -97.60084    1117.91616      -0.00034      -0.06927       0.00045 p3_bpx_aei_ip_02_16_r3_cone
 376      29.13891      96.97146    1117.95851      -0.00034      -0.06927       0.00045 p3_bpx_aei_ho_02_16_r3_cone
 377     -46.72331     -97.53650    1124.70020      -0.00038      -0.06916       0.00045 p3_bpx_aei_ip_02_16_r3_grove
 378     -46.48882      97.07130    1124.72596      -0.00038      -0.06916       0.00045 p3_bpx_aei_ho_02_16_r3_grove
 379     -31.58433     -97.54553    1163.82105      -0.00060      -0.06763       0.00045 p3_bpx_aei_ip_02_16_r3_flat
 380     -31.36104      96.99717    1163.85005      -0.00060      -0.06762       0.00045 p3_bpx_aei_ho_02_16_r3_flat
 381      55.50725       0.06202    1179.18861      -0.00069      -0.06660       0.00045 p3_mid_aei_02_front
 382     -44.29276     -97.53069    1367.88191      -0.00208      -0.02943       0.00045 p3_bpx_aei_ip_02_04_r4_cone
 383     -44.15396      97.19471    1368.16071      -0.00209      -0.02934       0.00045 p3_bpx_aei_ho_02_04_r4_cone
 384      30.97282     -97.55364    1378.01292      -0.00218      -0.02593       0.00045 p3_bpx_aei_ip_02_04_r4_flat
 385      31.10032      97.01926    1378.26554      -0.00218      -0.02584       0.00045 p3_bpx_aei_ho_02_04_r4_flat
 386      14.11004     -97.56113    1416.42904      -0.00254      -0.01101       0.00045 p3_bpx_aei_ip_02_04_r4_grove
 387      14.25693      97.01647    1416.68633      -0.00254      -0.01090       0.00045 p3_bpx_aei_ho_02_04_r4_grove
 388      45.56157     -97.59382    1445.45124      -0.00282       0.00205       0.00045 p3_bpx_aei_ip_02_16_r4_cone
 389      45.71206      96.96628    1445.69639      -0.00283       0.00216       0.00045 p3_bpx_aei_ho_02_16_r4_cone
 390     -30.05975     -97.55880    1452.41819      -0.00290       0.00542       0.00045 p3_bpx_aei_ip_02_16_r4_grove
 391     -29.88946      97.10060    1452.69415      -0.00290       0.00556       0.00045 p3_bpx_aei_ho_02_16_r4_grove
 392     -14.82406     -97.57383    1491.50454      -0.00331       0.02613       0.00045 p3_bpx_aei_ip_02_16_r4_flat
 393     -14.64088      97.02037    1491.76559      -0.00332       0.02628       0.00045 p3_bpx_aei_ho_02_16_r4_flat
 394      32.88642    -210.30610    1532.45927      -0.00378       0.05123       0.00045 p3_baz_aei_02_01_r2_flat
 394      32.88642    -210.30610    1532.45927      -0.00378       0.05123       0.00045 p3_baz_aei_02_16_r2_flat
 395     -43.04621    -210.27947    1532.97637      -0.00379       0.05157       0.00045 p3_baz_aei_02_01_r2_cone
 395     -43.04621    -210.27947    1532.97637      -0.00379       0.05157       0.00045 p3_baz_aei_02_16_r2_cone
 396      21.58289    -210.27396    1572.84884      -0.00427       0.07960       0.00045  p3_baz_aei_02_01_r2_grove
 396      21.58289    -210.27396    1572.84884      -0.00427       0.07960       0.00045  p3_baz_aei_02_16_r2_grove
 397     -37.06941     -22.45393    1690.96149      -0.00590       0.18511       0.00045 p3_gim_aei_02_surf_r2
 398      -0.03014     -73.81837    1825.50246      -0.00769       0.31222       0.00045 p3_srg_aei_02_r3_270deg
 399      52.34161      51.44941    1825.56377      -0.00769       0.31225       0.00045 p3_srg_aei_02_r3_45deg
 400      52.27455     -52.16899    1825.58546      -0.00769       0.31227       0.00045 p3_srg_aei_02_r3_315deg
 401      55.44658       0.00011    1825.59245      -0.00769       0.31227       0.00045 p3_srg_aei_02_r3_front
 402     -52.17895     -52.28714    1825.55894      -0.00769       0.31227       0.00045 p3_srg_aei_02_r3_225deg
 403     -52.05551      51.79366    1825.59028      -0.00769       0.31229       0.00045 p3_srg_aei_02_r3_135deg
 404       0.22020      73.18463    1825.60807      -0.00769       0.31229       0.00045 p3_srg_aei_02_r3_90deg
 405     -55.55834      -0.06704    1825.60288      -0.00769       0.31230       0.00045 p3_srg_aei_02_r3_rear
 406      30.04984      96.93417    1894.53570      -0.00833       0.35820       0.00045 p3_bpx_aei_ho_02_16_r5_cone
 407      29.78412     -97.60303    1894.61769      -0.00833       0.35825       0.00045 p3_bpx_aei_ip_02_16_r5_cone
 408     -45.81280      97.14327    1897.93586      -0.00836       0.36018       0.00045 p3_bpx_aei_ho_02_16_r5_grove
 409     -46.08253     -97.59963    1898.06153      -0.00836       0.36025       0.00045 p3_bpx_aei_ip_02_16_r5_grove
 410     -32.42834      97.08673    1937.69228      -0.00865       0.38110       0.00045 p3_bpx_aei_ho_02_16_r5_flat
 411     -32.67678     -97.60277    1937.81580      -0.00865       0.38116       0.00045 p3_bpx_aei_ip_02_16_r5_flat
 412     -43.66600      97.10327    1978.56351      -0.00890       0.39905       0.00045 p3_bpx_aei_ho_02_04_r5_cone
 413     -43.89184     -97.60433    1978.69648      -0.00891       0.39910       0.00045 p3_bpx_aei_ip_02_04_r5_cone
 414      31.02222      96.92432    1992.23297      -0.00898       0.40429       0.00045 p3_bpx_aei_ho_02_04_r5_flat
 415      30.81700     -97.64528    1992.32505      -0.00898       0.40432       0.00045 p3_bpx_aei_ip_02_04_r5_flat
 416      12.38008      96.95019    2029.80668      -0.00916       0.41693       0.00045 p3_bpx_aei_ho_02_04_r5_grove
 417      12.18855     -97.62891    2029.91482      -0.00916       0.41696       0.00045 p3_bpx_aei_ip_02_04_r5_grove
 418      44.28695    -210.38087    2055.94446      -0.00926       0.42427       0.00045 p3_baz_aei_02_03_r2_cone
 418      44.28695    -210.38087    2055.94446      -0.00926       0.42427       0.00045 p3_baz_aei_02_04_r2_cone
 419     -29.58646    -210.29110    2073.53262      -0.00932       0.42860       0.00045  p3_baz_aei_02_03_r2_grove
 419     -29.58646    -210.29110    2073.53262      -0.00932       0.42860       0.00045  p3_baz_aei_02_04_r2_grove
 420      -8.99176    -210.27555    2110.06784      -0.00943       0.43612       0.00045 p3_baz_aei_02_03_r2_flat
 420      -8.99176    -210.27555    2110.06784      -0.00943       0.43612       0.00045 p3_baz_aei_02_04_r2_flat
 421     -84.52392     -97.42105    2208.24518      -0.00959       0.44822       0.00045 p3_bpx_aei_ip_02_04_r6_cone
 422     -84.29544      97.25015    2208.48015      -0.00960       0.44824       0.00045 p3_bpx_aei_ho_02_04_r6_cone
 423      -9.37028     -97.47099    2219.10955      -0.00961       0.44897       0.00045 p3_bpx_aei_ip_02_04_r6_flat
 424      -9.19940      97.09211    2219.34440      -0.00961       0.44898       0.00045 p3_bpx_aei_ho_02_04_r6_flat
 425      85.31566     -97.59740    2236.19531      -0.00962       0.44996       0.00045 p3_bpx_aei_ip_02_16_r6_cone
 426      85.49936      96.98780    2236.39876      -0.00962       0.44997       0.00045 p3_bpx_aei_ho_02_16_r6_cone
 427       9.62814     -97.50062    2242.43341      -0.00962       0.45027       0.00045 p3_bpx_aei_ip_02_16_r6_grove
 428       9.81604      97.05638    2242.63347      -0.00962       0.45028       0.00045 p3_bpx_aei_ho_02_16_r6_grove
 429     -26.59730     -97.48385    2257.36133      -0.00963       0.45091       0.00045 p3_bpx_aei_ip_02_04_r6_grove
 430     -26.37769      97.10925    2257.55460      -0.00963       0.45092       0.00045 p3_bpx_aei_ho_02_04_r6_grove
 431      24.47695     -97.53321    2281.66591      -0.00964       0.45166       0.00045 p3_bpx_aei_ip_02_16_r6_flat
 432      24.62672      97.02289    2281.92856      -0.00964       0.45167       0.00045 p3_bpx_aei_ho_02_16_r6_flat
 433    -110.03581     -73.39992    2299.45933      -0.00965       0.45203       0.00045 p3_bbi_aei_02_01_flat
 434    -113.81812    -149.19342    2299.62769      -0.00965       0.45203       0.00045 p3_bbi_aei_02_01_cone
 435     -70.30270     -86.98665    2301.21408      -0.00965       0.45206       0.00045 p3_bbi_aei_02_01_grove
 436     -41.92374     -88.55608    2302.42040      -0.00965       0.45208       0.00045 p3_bbi_aei_02_03_grove
 437      -2.22568     -75.14031    2304.08759      -0.00965       0.45210       0.00045 p3_bbi_aei_02_03_flat
 438       1.17867    -151.05622    2304.56761      -0.00965       0.45211       0.00045 p3_bbi_aei_02_03_cone
 439     484.37558    -107.98217    2318.74080      -0.00965       0.45228       0.00045 p3_bpl_aei_02_r2_grove
 440    -506.27115     -95.32310    2336.47770      -0.00965       0.45241       0.00045 p3_bbe_aei_02_01_flat
 441    -484.63666     -22.53631    2336.81560      -0.00965       0.45241       0.00045 p3_bbe_aei_02_01_cone
 442    -464.36843     -95.69883    2338.22507      -0.00965       0.45242       0.00045 p3_bbe_aei_02_01_grove
 443     449.16427    -115.61096    2340.18270      -0.00965       0.45243       0.00045 p3_bpl_aei_02_r2_flat
 444     468.58931     -44.05193    2356.53278      -0.00965       0.45247       0.00045 p3_bpl_aei_02_r2_cone
 445     325.81783     -97.25362    2372.48644      -0.00965       0.45249       0.00045 p3_bbe_aei_02_03_flat
 446     346.43444     -24.18713    2372.78888      -0.00965       0.45249       0.00045 p3_bbe_aei_02_03_cone
 447     367.69497     -97.05186    2374.40711      -0.00965       0.45249       0.00045 p3_bbe_aei_02_03_grove
 448      -0.26095       0.03235     580.80000       0.00000       0.00000       0.00000 p4_aei_02_par_1
 449      -0.28095       0.04942    1710.90000      26.08587       0.00000       0.00000 p4_aei_02_par_2
 450      -0.55839       0.01461    2382.00000    2762.38789       0.94394       0.00186 p4_aei_02_par_3
 451      -0.17500       0.00681      -0.03033      -0.00578      -0.03770      -0.00911 p4_aei_02
 452     -14.88263       0.00176      66.06136       0.00870       0.57117    3141.58359 p4_irm_aei_02_s1_fixed
 453      15.56362      -0.00427    2291.86383      -0.00632      -1.31406      -0.00911 p4_irm_aei_02_s2_fixed
 454      15.11737       0.00203      66.07850       0.00870       0.57117    3141.58359 p4_irm_aei_02_l1_fixed
 455     -14.43638      -0.00454    2291.90325      -0.00632      -1.31406      -0.00911 p4_irm_aei_02_l2_fixed
 456     -15.10715       0.00401     477.96391      -0.00252       0.48068      -0.00911 p4_irl_aei_02_s1
 457      15.05000      -0.00239    1879.96139      -0.00048      -1.09048      -0.00911 p4_irl_aei_02_s2
 458      14.74354      -0.00370     950.47467      -0.01898       0.16547      -0.00911 p4_irl_aei_02_l1
 459     -15.25468      -0.00645    1407.47739       0.00829      -0.22754      -0.00911 p4_irl_aei_02_l2
 460     -15.25489      -0.00379     941.16960      -0.01936       0.17101      -0.00911 p4_irc_aei_02_s1
 461      14.74750      -0.00610    1416.77043       0.00869      -0.23984      -0.00911 p4_irc_aei_02_s2
 462      14.74326      -0.00626    1398.17069       0.00786      -0.21548      -0.00911 p4_irc_aei_02_l1
 463     -15.25797      -0.00414     959.76982      -0.01858       0.15990      -0.00911 p4_irc_aei_02_l2
 464       0.15514       0.00132      -0.03034       0.00873       0.57141      -0.00911 p4_irt_aei_02_r1
 465      -0.06655       0.00414     396.97094       0.00228       0.51943      -0.00911 p4_irt_aei_02_r2
 466      -0.22333      -0.00051     793.97181      -0.02224       0.25827      -0.00911 p4_irt_aei_02_r3
 467      -0.27747      -0.00680    1190.97297      -0.00467      -0.00020      -0.00911 p4_irt_aei_02_r4
 468      -0.18930      -0.00435    1587.97512       0.01196      -0.51457      -0.00911 p4_irt_aei_02_r5
 469       0.17094      -0.00274    1984.97897      -0.00345      -1.20413      -0.00911 p4_irt_aei_02_r6
 470       0.68210      -0.00498    2381.98520      -0.00636      -1.31536      -0.00911 p4_irt_aei_02_r7
 471     -34.11542      96.92077      18.97922       0.00873       0.57140      -0.00911 p4_bpx_aei_ho_02_04_r1_cone
 472     -34.21567     -97.67903      19.02356       0.00873       0.57140      -0.00911 p4_bpx_aei_ip_02_04_r1_cone
 473      41.07867      96.83695      29.54243       0.00872       0.57139      -0.00911 p4_bpx_aei_ho_02_04_r1_flat
 474      40.98031     -97.72695      29.60738       0.00872       0.57139      -0.00911 p4_bpx_aei_ip_02_04_r1_flat
 475      24.00888      96.81033      67.85564       0.00869       0.57115      -0.00911 p4_bpx_aei_ho_02_04_r1_grove
 476      23.89571     -97.72587      67.91917       0.00869       0.57115      -0.00911 p4_bpx_aei_ip_02_04_r1_grove
 477      35.06611      96.76609     109.32301       0.00859       0.57032      -0.00911 p4_bpx_aei_ho_02_16_r1_cone
 478      34.94525     -97.76091     109.39091       0.00859       0.57032      -0.00911 p4_bpx_aei_ip_02_16_r1_cone
 479     -40.58015      96.85346     115.86750       0.00857       0.57012      -0.00911 p4_bpx_aei_ho_02_16_r1_grove
 480     -40.71600     -97.74955     115.91819       0.00857       0.57011      -0.00911 p4_bpx_aei_ip_02_16_r1_grove
 481     -25.55804      96.77452     155.03788       0.00834       0.56831      -0.00911 p4_bpx_aei_ho_02_16_r1_flat
 482     -25.70330     -97.75608     155.08912       0.00834       0.56831      -0.00911 p4_bpx_aei_ip_02_16_r1_flat
 483      37.14763    -173.00588     194.91683       0.00796       0.56526      -0.00911 p4_baz_aei_02_03_r1_flat
 483      37.14763    -173.00588     194.91683       0.00796       0.56526      -0.00911 p4_baz_aei_02_01_r1_flat
 484     -32.85549    -173.00549     224.36880       0.00756       0.56202      -0.00911 p4_baz_aei_02_03_r1_cone
 484     -32.85549    -173.00549     224.36880       0.00756       0.56202      -0.00911 p4_baz_aei_02_01_r1_cone
 485      42.09298    -173.04411     236.57076       0.00736       0.56041      -0.00911  p4_baz_aei_02_03_r1_grove
 485      42.09298    -173.04411     236.57076       0.00736       0.56041      -0.00911  p4_baz_aei_02_01_r1_grove
 486      -0.02391     -73.85628     282.50660       0.00640       0.55267      -0.00911 p4_srg_aei_02_r1_270deg
 487      52.33849     -52.34260     282.53791       0.00640       0.55267      -0.00911 p4_srg_aei_02_r1_315deg
 488     -52.21073     -52.25975     282.51672       0.00640       0.55266      -0.00911 p4_srg_aei_02_r1_225deg
 489     -55.48251       0.00312     282.52548       0.00640       0.55266      -0.00911 p4_srg_aei_02_r1_rear
 490      55.45148       0.00413     282.60129       0.00640       0.55266      -0.00911 p4_srg_aei_02_r1_front
 491      52.25511      51.54510     282.61099       0.00640       0.55266      -0.00911 p4_srg_aei_02_r1_45deg
 492       0.03210      73.11282     282.59709       0.00640       0.55265      -0.00911 p4_srg_aei_02_r1_90deg
 493     -52.18551      51.52745     282.58647       0.00640       0.55265      -0.00911 p4_srg_aei_02_r1_135deg
 494     -28.02594     -97.62083     335.98934       0.00482       0.53989      -0.00911 p4_bpx_aei_ip_02_04_r2_cone
 495     -27.80095      96.96557     336.42223       0.00480       0.53976      -0.00911 p4_bpx_aei_ho_02_04_r2_cone
 496      47.26436     -97.69100     345.87945       0.00447       0.53703      -0.00911 p4_bpx_aei_ip_02_04_r2_flat
 497      47.48665      96.83880     346.32800       0.00445       0.53690      -0.00911 p4_bpx_aei_ho_02_04_r2_flat
 498      30.51583     -97.70011     384.35332       0.00288       0.52424      -0.00911 p4_bpx_aei_ip_02_04_r2_grove
 499      30.74053      96.84149     384.78327       0.00286       0.52408      -0.00911 p4_bpx_aei_ho_02_04_r2_grove
 500      46.42041     -97.75669     430.02317       0.00054       0.50535      -0.00911 p4_bpx_aei_ip_02_16_r2_cone
 501      46.63682      96.81802     430.45777       0.00051       0.50515      -0.00911 p4_bpx_aei_ho_02_16_r2_cone
 502     -29.16635     -97.71157     437.23655       0.00012       0.50195      -0.00911 p4_bpx_aei_ip_02_16_r2_grove
 503     -28.94323      96.90273     437.66245       0.00009       0.50174      -0.00911 p4_bpx_aei_ho_02_16_r2_grove
 504     -13.80925     -97.75577     476.27199      -0.00240       0.48164      -0.00911 p4_bpx_aei_ip_02_16_r2_flat
 505     -13.59833      96.83893     476.70466      -0.00243       0.48140      -0.00911 p4_bpx_aei_ho_02_16_r2_flat
 506      -0.72929     -45.53724     560.85113      -0.00944       0.42483      -0.00911 p4_slm_aei_02_surf_r2
 507      52.07119      51.71188     747.81913      -0.02164       0.28709      -0.00911 p4_srg_aei_02_r2_45deg
 508      -0.12442      73.19140     747.82231      -0.02164       0.28708      -0.00911 p4_srg_aei_02_r2_90deg
 509     -52.38502      51.59773     747.80724      -0.02164       0.28708      -0.00911 p4_srg_aei_02_r2_135deg
 510      55.50293       0.04051     747.91800      -0.02164       0.28703      -0.00911 p4_srg_aei_02_r2_front
 511     -55.62087      -0.21690     747.89780      -0.02164       0.28702      -0.00911 p4_srg_aei_02_r2_rear
 512      52.20630     -52.25932     747.94232      -0.02164       0.28701      -0.00911 p4_srg_aei_02_r2_315deg
 513     -52.17031     -52.42137     747.92686      -0.02164       0.28700      -0.00911 p4_srg_aei_02_r2_225deg
 514       0.04488     -73.89530     747.97708      -0.02164       0.28698      -0.00911 p4_srg_aei_02_r2_270deg
 515     193.76923     -32.60685     929.05666      -0.01982       0.17821      -0.00911 p4_bpl_aei_02_r1_grove
 516     196.09428      40.36877     949.89432      -0.01900       0.16584      -0.00911 p4_bpl_aei_02_r1_cone
 517     198.18622     -32.60220     970.73768      -0.01808       0.15331      -0.00911 p4_bpl_aei_02_r1_flat
 518     -47.26102     -97.54039    1034.51345      -0.01476       0.11358      -0.00911 p4_bpx_aei_ip_02_04_r3_cone
 519     -47.02100      97.13371    1034.56916      -0.01476       0.11355      -0.00911 p4_bpx_aei_ho_02_04_r3_cone
 520      27.96804     -97.59175    1044.84320      -0.01416       0.10689      -0.00911 p4_bpx_aei_ip_02_04_r3_flat
 521      28.21086      97.00045    1044.90848      -0.01416       0.10685      -0.00911 p4_bpx_aei_ho_02_04_r3_flat
 522      11.01463     -97.56670    1083.21395      -0.01182       0.08119      -0.00911 p4_bpx_aei_ip_02_04_r3_grove
 523      11.24205      97.00430    1083.27387      -0.01182       0.08115      -0.00911 p4_bpx_aei_ho_02_04_r3_grove
 524      28.91133     -97.59841    1117.90752      -0.00958       0.05663      -0.00911 p4_bpx_aei_ip_02_16_r3_cone
 525      29.13226      96.97329    1117.96729      -0.00958       0.05659      -0.00911 p4_bpx_aei_ho_02_16_r3_cone
 526     -46.72054     -97.54186    1124.69034      -0.00914       0.05166      -0.00911 p4_bpx_aei_ip_02_16_r3_grove
 527     -46.49751      97.06984    1124.73762      -0.00913       0.05163      -0.00911 p4_bpx_aei_ho_02_16_r3_grove
 528     -31.58138     -97.54673    1163.81425      -0.00651       0.02182      -0.00911 p4_bpx_aei_ip_02_16_r3_flat
 529     -31.36845      96.99247    1163.85812      -0.00651       0.02179      -0.00911 p4_bpx_aei_ho_02_16_r3_flat
 530      55.51059       0.07047    1179.19345      -0.00547       0.00949      -0.00911 p4_mid_aei_02_front
 531     -44.28460     -97.53971    1367.86771       0.00637      -0.17778      -0.00911 p4_bpx_aei_ip_02_04_r4_cone
 532     -44.15892      97.19139    1368.16587       0.00639      -0.17815      -0.00911 p4_bpx_aei_ho_02_04_r4_cone
 533      30.97857     -97.55296    1378.00905       0.00689      -0.19014      -0.00911 p4_bpx_aei_ip_02_04_r4_flat
 534      31.09634      97.01505    1378.27758       0.00690      -0.19047      -0.00911 p4_bpx_aei_ho_02_04_r4_flat
 535      14.11400     -97.56131    1416.42314       0.00868      -0.23937      -0.00911 p4_bpx_aei_ip_02_04_r4_grove
 536      14.25159      97.01459    1416.69461       0.00869      -0.23974      -0.00911 p4_bpx_aei_ho_02_04_r4_grove
 537      45.56602     -97.59155    1445.44465       0.00981      -0.27934      -0.00911 p4_bpx_aei_ip_02_16_r4_cone
 538      45.70922      96.96525    1445.70309       0.00982      -0.27971      -0.00911 p4_bpx_aei_ho_02_16_r4_cone
 539     -30.05460     -97.56217    1452.41234       0.01006      -0.28927      -0.00911 p4_bpx_aei_ip_02_16_r4_grove
 540     -29.89359      97.09333    1452.70565       0.01007      -0.28970      -0.00911 p4_bpx_aei_ho_02_16_r4_grove
 541     -14.81756     -97.58002    1491.50004       0.01118      -0.34794      -0.00911 p4_bpx_aei_ip_02_16_r4_flat
 542     -14.64314      97.01649    1491.77471       0.01119      -0.34837      -0.00911 p4_bpx_aei_ho_02_16_r4_flat
 543      32.89367    -210.30871    1532.45371       0.01189      -0.41474      -0.00911 p4_baz_aei_02_01_r2_flat
 543      32.89367    -210.30871    1532.45371       0.01189      -0.41474      -0.00911 p4_baz_aei_02_16_r2_flat
 544     -43.03973    -210.27790    1532.96544       0.01190      -0.41555      -0.00911 p4_baz_aei_02_01_r2_cone
 544     -43.03973    -210.27790    1532.96544       0.01190      -0.41555      -0.00911 p4_baz_aei_02_16_r2_cone
 545      21.58834    -210.27833    1572.84226       0.01205      -0.48626      -0.00911  p4_baz_aei_02_01_r2_grove
 545      21.58834    -210.27833    1572.84226       0.01205      -0.48626      -0.00911  p4_baz_aei_02_16_r2_grove
 546     -37.22234     -22.45747    1690.95725       0.00885      -0.73104      -0.00911 p4_gim_aei_02_surf_r2
 547      -0.06689     -73.81146    1825.49746       0.00165      -1.00903      -0.00911 p4_srg_aei_02_r3_270deg
 548     -52.20508     -52.27003    1825.55533       0.00165      -1.00903      -0.00911 p4_srg_aei_02_r3_225deg
 549     -52.09129      51.77847    1825.59505       0.00165      -1.00910      -0.00911 p4_srg_aei_02_r3_135deg
 550     -55.56061      -0.06956    1825.60164       0.00165      -1.00911      -0.00911 p4_srg_aei_02_r3_rear
 551      52.09321     -52.31688    1825.54098       0.00165      -1.00919      -0.00911 p4_srg_aei_02_r3_315deg
 552      52.29359      51.47932    1825.57021       0.00165      -1.00923      -0.00911 p4_srg_aei_02_r3_45deg
 553       0.18161      73.18405    1825.63067       0.00165      -1.00925      -0.00911 p4_srg_aei_02_r3_90deg
 554      55.44939      -0.00205    1825.59591       0.00165      -1.00928      -0.00911 p4_srg_aei_02_r3_front
 555      30.04579      96.93324    1894.54804      -0.00097      -1.10954      -0.00911 p4_bpx_aei_ho_02_16_r5_cone
 556      29.78843     -97.59746    1894.61253      -0.00098      -1.10962      -0.00911 p4_bpx_aei_ip_02_16_r5_cone
 557     -45.81923      97.14384    1897.94606      -0.00108      -1.11371      -0.00911 p4_bpx_aei_ho_02_16_r5_grove
 558     -46.07874     -97.59806    1898.04974      -0.00109      -1.11384      -0.00911 p4_bpx_aei_ip_02_16_r5_grove
 559     -32.43210      97.09170    1937.70426      -0.00228      -1.15944      -0.00911 p4_bpx_aei_ho_02_16_r5_flat
 560     -32.67461     -97.60281    1937.80640      -0.00228      -1.15955      -0.00911 p4_bpx_aei_ip_02_16_r5_flat
 561     -43.66930      97.10568    1978.57995      -0.00330      -1.19862      -0.00911 p4_bpx_aei_ho_02_04_r5_cone
 562     -43.88819     -97.60102    1978.68917      -0.00331      -1.19872      -0.00911 p4_bpx_aei_ip_02_04_r5_cone
 563      31.02176      96.92391    1992.24258      -0.00361      -1.21016      -0.00911 p4_bpx_aei_ho_02_04_r5_flat
 564      30.81833     -97.64389    1992.31583      -0.00361      -1.21022      -0.00911 p4_bpx_aei_ip_02_04_r5_flat
 565      12.38394      96.94879    2029.81541      -0.00433      -1.23773      -0.00911 p4_bpx_aei_ho_02_04_r5_grove
 566      12.19542     -97.63241    2029.90150      -0.00433      -1.23779      -0.00911 p4_bpx_aei_ip_02_04_r5_grove
 567      44.28533    -210.38174    2055.93349      -0.00475      -1.25378      -0.00911 p4_baz_aei_02_03_r2_cone
 567      44.28533    -210.38174    2055.93349      -0.00475      -1.25378      -0.00911 p4_baz_aei_02_04_r2_cone
 568     -29.58564    -210.29499    2073.52140      -0.00499      -1.26317      -0.00911  p4_baz_aei_02_03_r2_grove
 568     -29.58564    -210.29499    2073.52140      -0.00499      -1.26317      -0.00911  p4_baz_aei_02_04_r2_grove
 569      -8.98935    -210.27420    2110.05772      -0.00542      -1.27962      -0.00911 p4_baz_aei_02_03_r2_flat
 569      -8.98935    -210.27420    2110.05772      -0.00542      -1.27962      -0.00911 p4_baz_aei_02_04_r2_flat
 570     -84.52248     -97.41706    2208.23981      -0.00611      -1.30602      -0.00911 p4_bpx_aei_ip_02_04_r6_cone
 571     -84.29552      97.24564    2208.49882      -0.00611      -1.30606      -0.00911 p4_bpx_aei_ho_02_04_r6_cone
 572      -9.36346     -97.46374    2219.10186      -0.00616      -1.30768      -0.00911 p4_bpx_aei_ip_02_04_r6_flat
 573      -9.19631      97.09736    2219.35405      -0.00616      -1.30771      -0.00911 p4_bpx_aei_ho_02_04_r6_flat
 574      85.31646     -97.60028    2236.18877      -0.00621      -1.30987      -0.00911 p4_bpx_aei_ip_02_16_r6_cone
 575      85.50408      96.98772    2236.40984      -0.00621      -1.30989      -0.00911 p4_bpx_aei_ho_02_16_r6_cone
 576       9.63171     -97.50901    2242.42641      -0.00623      -1.31053      -0.00911 p4_bpx_aei_ip_02_16_r6_grove
 577       9.81882      97.05249    2242.64338      -0.00623      -1.31055      -0.00911 p4_bpx_aei_ho_02_16_r6_grove
 578     -26.59288     -97.47684    2257.35600      -0.00627      -1.31192      -0.00911 p4_bpx_aei_ip_02_04_r6_grove
 579     -26.37598      97.10516    2257.56424      -0.00627      -1.31194      -0.00911 p4_bpx_aei_ho_02_04_r6_grove
 580      24.47861     -97.54472    2281.65791      -0.00631      -1.31357      -0.00911 p4_bpx_aei_ip_02_16_r6_flat
 581      24.63261      97.02438    2281.93994      -0.00631      -1.31358      -0.00911 p4_bpx_aei_ho_02_16_r6_flat
 582    -110.03856     -73.39116    2299.44459      -0.00633      -1.31436      -0.00911 p4_bbi_aei_02_01_flat
 583    -113.82253    -149.18430    2299.63218      -0.00633      -1.31436      -0.00911 p4_bbi_aei_02_01_cone
 584     -70.30474     -86.98041    2301.21892      -0.00633      -1.31442      -0.00911 p4_bbi_aei_02_01_grove
 585     -41.92889     -88.55216    2302.42594      -0.00633      -1.31447      -0.00911 p4_bbi_aei_02_03_grove
 586      -2.22788     -75.14441    2304.07697      -0.00634      -1.31452      -0.00911 p4_bbi_aei_02_03_flat
 587       1.17577    -151.05378    2304.57022      -0.00634      -1.31454      -0.00911 p4_bbi_aei_02_03_cone
 588     484.36461    -107.98607    2318.73083      -0.00635      -1.31493      -0.00911 p4_bpl_aei_02_r2_grove
 589    -506.27213     -95.31101    2336.48468      -0.00635      -1.31519      -0.00911 p4_bbe_aei_02_01_flat
 590    -484.64032     -22.52131    2336.81821      -0.00635      -1.31519      -0.00911 p4_bbe_aei_02_01_cone
 591    -464.36926     -95.68754    2338.22602      -0.00635      -1.31521      -0.00911 p4_bbe_aei_02_01_grove
 592     449.15682    -115.61483    2340.17986      -0.00635      -1.31524      -0.00911 p4_bpl_aei_02_r2_flat
 593     468.58211     -44.05765    2356.53106      -0.00636      -1.31534      -0.00911 p4_bpl_aei_02_r2_cone
 594     325.81634     -97.25256    2372.48462      -0.00636      -1.31536      -0.00911 p4_bbe_aei_02_03_flat
 595     346.43271     -24.18427    2372.79057      -0.00636      -1.31536      -0.00911 p4_bbe_aei_02_03_cone
 596     367.68984     -97.05159    2374.40868      -0.00636      -1.31536      -0.00911 p4_bbe_aei_02_03_grove
 597     -15.00000       0.00000      66.10000       0.00000      -0.00000       1.59270 p1_irm_aei_02_s1
 598      15.00000       0.00000      66.10000       0.00000      -0.00000       1.59270 p1_irm_aei_02_l1
 599      15.00000       0.00000    2291.90000       0.00000      -0.00000   -3140.00000 p1_irm_aei_02_s2
 600     -15.00000       0.00000    2291.90000       0.00000      -0.00000   -3140.00000 p1_irm_aei_02_l2
 601     -15.07868       0.00485      66.11745      -0.00748      -0.35166       1.58579 p2_irm_aei_02_s1
 602      14.92132       0.00505      66.10690      -0.00748      -0.35166       1.58579 p2_irm_aei_02_l1
 603      14.97867      -0.00081    2291.91179      -0.00003       0.03832   -3140.00691 p2_irm_aei_02_s2
 604     -15.02133      -0.00102    2291.91064      -0.00003       0.03832   -3140.00691 p2_irm_aei_02_l2
 605     -15.01076       0.00174      66.09770       0.00111      -0.02427       1.59315 p3_irm_aei_02_s1
 606      14.98924       0.00172      66.09697       0.00111      -0.02427       1.59315 p3_irm_aei_02_l1
 607      14.79856      -0.00410    2291.91209      -0.00965       0.45189   -3139.99955 p3_irm_aei_02_s2
 608     -15.20144      -0.00409    2291.89853      -0.00965       0.45189   -3139.99955 p3_irm_aei_02_l2
 609     -14.88263       0.00176      66.06136       0.00870       0.57117       1.58359 p4_irm_aei_02_s1
 610      15.11737       0.00203      66.07850       0.00870       0.57117       1.58359 p4_irm_aei_02_l1
 611      15.56362      -0.00427    2291.86383      -0.00632      -1.31406   -3140.00911 p4_irm_aei_02_s2
 612     -14.43638      -0.00454    2291.90325      -0.00632      -1.31406   -3140.00911 p4_irm_aei_02_l2
