1       0.00000       0.00000     739.80000       0.00000       0.00000       0.00000 p1_cei_01_par_1
2       0.00000       0.00000    2041.34000      26.08587       0.00000       0.00000 p1_cei_01_par_2
3       0.00000       0.00000    2382.00000       0.00000       0.00000       0.00000 p1_cei_01_par_3
4       0.00000       0.00000       0.00000       0.00000       0.00000       0.00000 p1_cei_01
5     -15.00000       0.00000      66.10000       0.00000      -0.00000   -3141.59261 p1_irm_cei_01_s1_fixed
6      15.00000       0.00000    2291.90000       0.00000      -0.00000       0.00000 p1_irm_cei_01_s2_fixed
7      15.00000       0.00000      66.10000       0.00000      -0.00000   -3141.59261 p1_irm_cei_01_l1_fixed
8     -15.00000       0.00000    2291.90000       0.00000      -0.00000       0.00000 p1_irm_cei_01_l2_fixed
9     -15.00000       0.00000     478.00000       0.00000      -0.00000       0.00000 p1_irl_cei_01_s1
10      15.00000       0.00000    1880.00000       0.00000      -0.00000       0.00000 p1_irl_cei_01_s2
11      15.00000       0.00000     950.50000       0.00000      -0.00000       0.00000 p1_irl_cei_01_l1
12     -15.00000       0.00000    1407.50000       0.00000      -0.00000       0.00000 p1_irl_cei_01_l2
13     -15.00000       0.00000     941.20000       0.00000      -0.00000       0.00000 p1_irc_cei_01_s1
14      15.00000       0.00000    1416.80000       0.00000      -0.00000       0.00000 p1_irc_cei_01_s2
15      15.00000       0.00000    1398.20000       0.00000      -0.00000       0.00000 p1_irc_cei_01_l1
16     -15.00000       0.00000     959.80000       0.00000      -0.00000       0.00000 p1_irc_cei_01_l2
17       0.00000       0.00000       0.00000       0.00000      -0.00000       0.00000 p1_irt_cei_01_r1
18       0.00000       0.00000     397.00000       0.00000      -0.00000       0.00000 p1_irt_cei_01_r2
19       0.00000       0.00000     794.00000       0.00000      -0.00000       0.00000 p1_irt_cei_01_r3
20       0.00000       0.00000    1191.00000       0.00000      -0.00000       0.00000 p1_irt_cei_01_r4
21       0.00000       0.00000    1588.00000       0.00000      -0.00000       0.00000 p1_irt_cei_01_r5
22       0.00000       0.00000    1985.00000       0.00000      -0.00000       0.00000 p1_irt_cei_01_r6
23       0.00000       0.00000    2382.00000       0.00000      -0.00000       0.00000 p1_irt_cei_01_r7
24     -36.92710      97.20190      14.70040       0.00000      -0.00000       0.00000 p1_bpx_cei_ho_01_03_r1_cone
25     -36.73700     -97.69410      14.91400       0.00000      -0.00000       0.00000 p1_bpx_cei_ip_01_03_r1_cone
26      38.97860      97.24480      16.86460       0.00000      -0.00000       0.00000 p1_bpx_cei_ho_01_03_r1_flat
27      39.17680     -97.63850      17.11960       0.00000      -0.00000       0.00000 p1_bpx_cei_ip_01_03_r1_flat
28      26.26000      97.18470      56.83840       0.00000      -0.00000       0.00000 p1_bpx_cei_ho_01_03_r1_grove
29      26.42990     -97.61900      57.08790       0.00000      -0.00000       0.00000 p1_bpx_cei_ip_01_03_r1_grove
30      23.79590      97.13330      88.73420       0.00000      -0.00000       0.00000 p1_bpx_cei_ho_01_15_r1_cone
31      23.95250     -97.60270      88.97870       0.00000      -0.00000       0.00000 p1_bpx_cei_ip_01_15_r1_cone
32     -50.66860      97.08970     103.61940       0.00000      -0.00000       0.00000 p1_bpx_cei_ho_01_15_r1_grove
33     -50.51830     -97.64980     103.82840       0.00000      -0.00000       0.00000 p1_bpx_cei_ip_01_15_r1_grove
34     -31.40940      97.03580     140.88630       0.00000      -0.00000       0.00000 p1_bpx_cei_ho_01_15_r1_flat
35     -31.28180     -97.60530     141.10280       0.00000      -0.00000       0.00000 p1_bpx_cei_ip_01_15_r1_flat
36      55.45650       0.00000     193.30000       0.00000      -0.00000       0.00000 p1_srg_cei_01_r1_front
37      52.19180     -52.22670     193.41060       0.00000      -0.00000       0.00000 p1_srg_cei_01_r1_315deg
38      52.49540      51.50580     193.47620       0.00000      -0.00000       0.00000 p1_srg_cei_01_r1_45deg
39       0.02310     -73.87590     193.47780       0.00000      -0.00000       0.00000 p1_srg_cei_01_r1_270deg
40     -51.88290      52.07990     193.48810       0.00000      -0.00000       0.00000 p1_srg_cei_01_r1_135deg
41       0.45410      73.35270     193.49380       0.00000      -0.00000       0.00000 p1_srg_cei_01_r1_90deg
42     -55.47960       0.00000     193.51320       0.00000      -0.00000       0.00000 p1_srg_cei_01_r1_rear
43     -52.20500     -52.25020     193.52450       0.00000      -0.00000       0.00000 p1_srg_cei_01_r1_225deg
44      49.83530     209.87180     248.36710       0.00000      -0.00000       0.00000 p1_baz_cei_01_16_15_r1_cone
45     -26.10800     209.82480     249.02180       0.00000      -0.00000       0.00000 p1_baz_cei_01_16_15_r1_grove
46     -14.17050     209.81170     289.24550       0.00000      -0.00000       0.00000 p1_baz_cei_01_16_15_r1_flat
47     -38.23510     -97.58250     324.84380       0.00000      -0.00000       0.00000 p1_bpx_cei_ip_01_03_r2_cone
48     -38.39550      97.18450     325.01820       0.00000      -0.00000       0.00000 p1_bpx_cei_ho_01_03_r2_cone
49      37.66110     -97.54030     327.61050       0.00000      -0.00000       0.00000 p1_bpx_cei_ip_01_03_r2_flat
50      37.50110      97.27920     327.80600       0.00000      -0.00000       0.00000 p1_bpx_cei_ho_01_03_r2_flat
51      24.61640     -97.58780     367.48430       0.00000      -0.00000       0.00000 p1_bpx_cei_ip_01_03_r2_grove
52      24.44010      97.20370     367.67410       0.00000      -0.00000       0.00000 p1_bpx_cei_ho_01_03_r2_grove
53      28.11900     -97.63130     402.04640       0.00000      -0.00000       0.00000 p1_bpx_cei_ip_01_15_r2_cone
54      27.93170      97.16320     402.23900       0.00000      -0.00000       0.00000 p1_bpx_cei_ho_01_15_r2_cone
55     -46.45990     -97.69420     416.34220       0.00000      -0.00000       0.00000 p1_bpx_cei_ip_01_15_r2_grove
56     -46.64630      97.07900     416.51790       0.00000      -0.00000       0.00000 p1_bpx_cei_ho_01_15_r2_grove
57     -27.49880     -97.71680     453.75660       0.00000      -0.00000       0.00000 p1_bpx_cei_ip_01_15_r2_flat
58     -27.70250      97.03330     453.93490       0.00000      -0.00000       0.00000 p1_bpx_cei_ho_01_15_r2_flat
59      55.38760      -0.01640     478.88020       0.00000      -0.00000       0.00000 p1_irl_cei_01_r1_front
60     -37.04360     209.85880     549.20050       0.00000      -0.00000       0.00000 p1_baz_cei_01_02_03_r1_cone
61      37.13560     209.83970     565.51610       0.00000      -0.00000       0.00000 p1_baz_cei_01_02_03_r1_flat
62      17.15730     209.79970     602.40650       0.00000      -0.00000       0.00000 p1_baz_cei_01_02_03_r1_grove
63      -7.69740     -36.10460     719.80730       0.00000      -0.00000       0.00000 p1_slm_cei_01_surf_r1
64     -37.42200     -97.63730     812.12450       0.00000      -0.00000       0.00000 p1_bpx_cei_ip_01_03_r3_cone
65     -37.57680      97.11870     812.35400       0.00000      -0.00000       0.00000 p1_bpx_cei_ho_01_03_r3_cone
66      38.43550     -97.54740     815.70040       0.00000      -0.00000       0.00000 p1_bpx_cei_ip_01_03_r3_flat
67      38.28450      97.13320     815.92850       0.00000      -0.00000       0.00000 p1_bpx_cei_ho_01_03_r3_flat
68      24.96920     -97.59770     855.43030       0.00000      -0.00000       0.00000 p1_bpx_cei_ip_01_03_r3_grove
69      24.82110      97.07590     855.65880       0.00000      -0.00000       0.00000 p1_bpx_cei_ho_01_03_r3_grove
70      27.77550     -97.62660     892.21160       0.00000      -0.00000       0.00000 p1_bpx_cei_ip_01_15_r3_cone
71      27.62510      97.03800     892.44280       0.00000      -0.00000       0.00000 p1_bpx_cei_ho_01_15_r3_cone
72     -46.95210     -97.72920     905.71970       0.00000      -0.00000       0.00000 p1_bpx_cei_ip_01_15_r3_grove
73     -47.10420      97.03520     905.95460       0.00000      -0.00000       0.00000 p1_bpx_cei_ho_01_15_r3_grove
74     -28.38760     -97.73140     943.32770       0.00000      -0.00000       0.00000 p1_bpx_cei_ip_01_15_r3_flat
75     -28.54240      96.97680     943.56390       0.00000      -0.00000       0.00000 p1_bpx_cei_ho_01_15_r3_flat
76      55.30000      -0.08040     950.81080       0.00000      -0.00000       0.00000 p1_irc_cei_01_r1_front
77      55.40220      -0.05960    1179.12640       0.00000      -0.00000       0.00000 p1_mid_cei_01_front
78     -36.85230      96.97720    1241.25240       0.00000      -0.00000       0.00000 p1_bpx_cei_ho_01_03_r4_cone
79     -36.69200     -97.75040    1241.33820       0.00000      -0.00000       0.00000 p1_bpx_cei_ip_01_03_r4_cone
80      38.97710      96.99820    1245.36550       0.00000      -0.00000       0.00000 p1_bpx_cei_ho_01_03_r4_flat
81      39.13470     -97.63510    1245.45730       0.00000      -0.00000       0.00000 p1_bpx_cei_ip_01_03_r4_flat
82      25.22810      96.94240    1285.00500       0.00000      -0.00000       0.00000 p1_bpx_cei_ho_01_03_r4_grove
83      25.38390     -97.68830    1285.09330       0.00000      -0.00000       0.00000 p1_bpx_cei_ip_01_03_r4_grove
84      40.64520      96.91370    1319.39480       0.00000      -0.00000       0.00000 p1_bpx_cei_ho_01_15_r4_cone
85      40.80060     -97.70180    1319.48760       0.00000      -0.00000       0.00000 p1_bpx_cei_ip_01_15_r4_cone
86     -34.17820      96.90600    1332.36660       0.00000      -0.00000       0.00000 p1_bpx_cei_ho_01_15_r4_grove
87     -34.02250     -97.82010    1332.44810       0.00000      -0.00000       0.00000 p1_bpx_cei_ip_01_15_r4_grove
88     -15.87020      96.85470    1370.12590       0.00000      -0.00000       0.00000 p1_bpx_cei_ho_01_15_r4_flat
89     -15.71770     -97.81190    1370.20920       0.00000      -0.00000       0.00000 p1_bpx_cei_ip_01_15_r4_flat
90      55.35110      -0.06180    1407.98390       0.00000      -0.00000       0.00000 p1_irc_cei_01_r2_front
91     -28.69090     172.46170    1465.69900       0.00000      -0.00000       0.00000 p1_baz_cei_01_02_16_r2_grove
92      41.70010     172.43410    1494.21110       0.00000      -0.00000       0.00000 p1_baz_cei_01_02_16_r2_cone
93     -33.08790     172.41060    1507.43010       0.00000      -0.00000       0.00000 p1_baz_cei_01_02_16_r2_flat
94     -27.36010      97.10930    1666.21910       0.00000      -0.00000       0.00000 p1_bpx_cei_ho_01_03_r5_cone
95     -27.13240     -97.69860    1666.27930       0.00000      -0.00000       0.00000 p1_bpx_cei_ip_01_03_r5_cone
96      48.48120      97.15640    1670.32870       0.00000      -0.00000       0.00000 p1_bpx_cei_ho_01_03_r5_flat
97      48.69810     -97.58650    1670.38840       0.00000      -0.00000       0.00000 p1_bpx_cei_ip_01_03_r5_flat
98      34.72410      97.07040    1709.96460       0.00000      -0.00000       0.00000 p1_bpx_cei_ho_01_03_r5_grove
99      34.94340     -97.65270    1710.02580       0.00000      -0.00000       0.00000 p1_bpx_cei_ip_01_03_r5_grove
100      46.78130      96.97400    1759.04940       0.00000      -0.00000       0.00000 p1_bpx_cei_ho_01_15_r5_cone
101      47.00370     -97.70320    1759.10520       0.00000      -0.00000       0.00000 p1_bpx_cei_ip_01_15_r5_cone
102     -28.04570      96.91970    1772.01210       0.00000      -0.00000       0.00000 p1_bpx_cei_ho_01_15_r5_grove
103     -27.81820     -97.81270    1772.06690       0.00000      -0.00000       0.00000 p1_bpx_cei_ip_01_15_r5_grove
104      -9.74620      96.83860    1809.76470       0.00000      -0.00000       0.00000 p1_bpx_cei_ho_01_15_r5_flat
105      -9.52370     -97.81840    1809.81570       0.00000      -0.00000       0.00000 p1_bpx_cei_ip_01_15_r5_flat
106      55.42850      -0.09270    1880.54680       0.00000      -0.00000       0.00000 p1_irl_cei_01_r2_front
107     -13.36890     -41.41740    2021.34910       0.00000      -0.00000       0.00000 p1_gim_cei_01_surf_r1
108      -0.07940      73.11610    2116.02640       0.00000      -0.00000       0.00000 p1_srg_cei_01_r2_90deg
109     -52.23450      51.75910    2116.03480       0.00000      -0.00000       0.00000 p1_srg_cei_01_r2_135deg
110      52.10900      51.62560    2116.05940       0.00000      -0.00000       0.00000 p1_srg_cei_01_r2_45deg
111      55.45650       0.00000    2116.10740       0.00000      -0.00000       0.00000 p1_srg_cei_01_r2_front
112     -55.75630      -0.01670    2116.14530       0.00000      -0.00000       0.00000 p1_srg_cei_01_r2_rear
113      52.08280     -52.24190    2116.14600       0.00000      -0.00000       0.00000 p1_srg_cei_01_r2_315deg
114      -0.10040     -73.72870    2116.14680       0.00000      -0.00000       0.00000 p1_srg_cei_01_r2_270deg
115     -52.28230     -52.26290    2116.15960       0.00000      -0.00000       0.00000 p1_srg_cei_01_r2_225deg
116     -34.44250      97.00850    2206.49530       0.00000      -0.00000       0.00000 p1_bpx_cei_ho_01_03_r6_cone
117     -34.12360     -97.75520    2206.73610       0.00000      -0.00000       0.00000 p1_bpx_cei_ip_01_03_r6_cone
118      41.38900      97.01330    2210.60400       0.00000      -0.00000       0.00000 p1_bpx_cei_ho_01_03_r6_flat
119      41.70620     -97.61810    2210.92750       0.00000      -0.00000       0.00000 p1_bpx_cei_ip_01_03_r6_flat
120      27.62830      97.03060    2250.24330       0.00000      -0.00000       0.00000 p1_bpx_cei_ho_01_03_r6_grove
121      27.90800     -97.63760    2250.55200       0.00000      -0.00000       0.00000 p1_bpx_cei_ip_01_03_r6_grove
122      39.79410      97.10020    2332.32750       0.00000      -0.00000       0.00000 p1_bpx_cei_ho_01_15_r6_cone
123      39.99360     -97.61410    2332.65150       0.00000      -0.00000       0.00000 p1_bpx_cei_ip_01_15_r6_cone
124     -35.03450      97.06250    2345.29190       0.00000      -0.00000       0.00000 p1_bpx_cei_ho_01_15_r6_grove
125     -34.85010     -97.71960    2345.53590       0.00000      -0.00000       0.00000 p1_bpx_cei_ip_01_15_r6_grove
126     -16.74290      97.08700    2383.05290       0.00000      -0.00000       0.00000 p1_bpx_cei_ho_01_15_r6_flat
127     -16.59040     -97.67450    2383.30690       0.00000      -0.00000       0.00000 p1_bpx_cei_ip_01_15_r6_flat
128      98.86275      -0.91520     739.80000       0.00000       0.00000       0.00000 p2_cei_01_par_1
129     132.45413      -4.08435    2041.34000      26.08587       0.00000       0.00000 p2_cei_01_par_2
130      -6.55641      -0.86470    2382.00000     412.13640      -0.94669       0.00024 p2_cei_01_par_3
131       0.37183       0.00009       0.03574      -0.00042       0.17337      -0.02327 p2_cei_01
132     -15.08231       0.00079      66.14581      -0.00373      -0.66861    3141.56943 p2_irm_cei_01_s1_fixed
133      14.95879      -0.00075    2291.93844      -0.00100       0.23328      -0.02327 p2_irm_cei_01_s2_fixed
134      14.91769       0.00149      66.12575      -0.00373      -0.66861    3141.56943 p2_irm_cei_01_l1_fixed
135     -15.04121      -0.00145    2291.93144      -0.00100       0.23328      -0.02327 p2_irm_cei_01_l2_fixed
136     -14.83950      -0.00044     478.04314      -0.00177      -0.45700      -0.02327 p2_irl_cei_01_s1
137      15.05705      -0.00005    1880.03914      -0.00252       0.24394      -0.02327 p2_irl_cei_01_s2
138      15.24973       0.00054     950.53751       0.00247       0.07712      -0.02327 p2_irl_cei_01_l1
139     -14.83108       0.00031    1407.53272      -0.00115       0.22106      -0.02327 p2_irl_cei_01_l2
140     -14.74959      -0.00018     941.23532       0.00246       0.06942      -0.02327 p2_irc_cei_01_s1
141      15.16686       0.00100    1416.83935      -0.00122       0.22201      -0.02327 p2_irc_cei_01_s2
142      15.17097       0.00102    1398.23934      -0.00108       0.22010      -0.02327 p2_irc_cei_01_l1
143     -14.75103      -0.00013     959.83508       0.00248       0.08459      -0.02327 p2_irc_cei_01_l2
144      -0.12669       0.00139       0.03565      -0.00376      -0.67273      -0.02327 p2_irt_cei_01_r1
145       0.12069       0.00008     397.03623      -0.00239      -0.52392      -0.02327 p2_irt_cei_01_r2
146       0.25004      -0.00015     794.03639       0.00162      -0.08432      -0.02327 p2_irt_cei_01_r3
147       0.21399       0.00068    1191.03622       0.00108       0.19350      -0.02327 p2_irt_cei_01_r4
148       0.12757       0.00034    1588.03584      -0.00224       0.23584      -0.02327 p2_irt_cei_01_r5
149       0.03151      -0.00065    1985.03534      -0.00217       0.24208      -0.02327 p2_irt_cei_01_r6
150      -0.06220      -0.00119    2382.03482      -0.00093       0.23277      -0.02327 p2_irt_cei_01_r7
151     -36.92871      97.20278      14.70161      -0.00376      -0.67253      -0.02327 p2_bpx_cei_ho_01_03_r1_cone
152     -36.73833     -97.69502      14.91574      -0.00376      -0.67252      -0.02327 p2_bpx_cei_ip_01_03_r1_cone
153      38.97719      97.24334      16.86326      -0.00376      -0.67246      -0.02327 p2_bpx_cei_ho_01_03_r1_flat
154      39.17500     -97.63706      17.11820      -0.00376      -0.67245      -0.02327 p2_bpx_cei_ip_01_03_r1_flat
155      26.26002      97.18369      56.83948      -0.00374      -0.66968      -0.02327 p2_bpx_cei_ho_01_03_r1_grove
156      26.42832     -97.61801      57.08764      -0.00374      -0.66966      -0.02327 p2_bpx_cei_ip_01_03_r1_grove
157      23.79432      97.13521      88.73340      -0.00370      -0.66530      -0.02327 p2_bpx_cei_ho_01_15_r1_cone
158      23.95261     -97.60198      88.97878      -0.00369      -0.66526      -0.02327 p2_bpx_cei_ip_01_15_r1_cone
159     -50.66934      97.08713     103.62094      -0.00367      -0.66261      -0.02327 p2_bpx_cei_ho_01_15_r1_grove
160     -50.51727     -97.65167     103.83042      -0.00367      -0.66257      -0.02327 p2_bpx_cei_ip_01_15_r1_grove
161     -31.40969      97.03534     140.88678      -0.00359      -0.65400      -0.02327 p2_bpx_cei_ho_01_15_r1_flat
162     -31.28142     -97.60636     141.10219      -0.00359      -0.65395      -0.02327 p2_bpx_cei_ip_01_15_r1_flat
163      55.45759       0.00197     193.30064      -0.00344      -0.63745      -0.02327 p2_srg_cei_01_r1_front
164      52.19317     -52.22630     193.41124      -0.00344      -0.63741      -0.02327 p2_srg_cei_01_r1_315deg
165     -51.88206      52.07988     193.48884      -0.00344      -0.63741      -0.02327 p2_srg_cei_01_r1_135deg
166       0.02499     -73.87542     193.47862      -0.00344      -0.63740      -0.02327 p2_srg_cei_01_r1_270deg
167     -55.47974      -0.00061     193.51505      -0.00344      -0.63740      -0.02327 p2_srg_cei_01_r1_rear
168       0.45487      73.35229     193.49345      -0.00344      -0.63739      -0.02327 p2_srg_cei_01_r1_90deg
169     -52.20251     -52.24603     193.52688      -0.00344      -0.63739      -0.02327 p2_srg_cei_01_r1_225deg
170      52.49670      51.50380     193.47630      -0.00344      -0.63739      -0.02327 p2_srg_cei_01_r1_45deg
171      49.83589     209.87076     248.36734      -0.00323      -0.61449      -0.02327 p2_baz_cei_01_16_15_r1_cone
172     -26.10514     209.83279     249.02270      -0.00322      -0.61421      -0.02327 p2_baz_cei_01_16_15_r1_grove
173     -14.16913     209.81344     289.24660      -0.00303      -0.59376      -0.02327 p2_baz_cei_01_16_15_r1_flat
174     -38.23521     -97.58433     324.84534      -0.00284      -0.57313      -0.02327 p2_bpx_cei_ip_01_03_r2_cone
175     -38.39334      97.18537     325.01948      -0.00284      -0.57303      -0.02327 p2_bpx_cei_ho_01_03_r2_cone
176      37.66080     -97.54157     327.60731      -0.00283      -0.57140      -0.02327 p2_bpx_cei_ip_01_03_r2_flat
177      37.50298      97.27933     327.80405      -0.00283      -0.57128      -0.02327 p2_bpx_cei_ho_01_03_r2_flat
178      24.61627     -97.58758     367.48388      -0.00259      -0.54524      -0.02327 p2_bpx_cei_ip_01_03_r2_grove
179      24.44274      97.20642     367.67318      -0.00259      -0.54511      -0.02327 p2_bpx_cei_ho_01_03_r2_grove
180      28.12059     -97.63118     402.04644      -0.00235      -0.52013      -0.02327 p2_bpx_cei_ip_01_15_r2_cone
181      27.93426      97.16091     402.23790      -0.00235      -0.51998      -0.02327 p2_bpx_cei_ho_01_15_r2_cone
182     -46.45838     -97.69585     416.34144      -0.00225      -0.50911      -0.02327 p2_bpx_cei_ip_01_15_r2_grove
183     -46.64332      97.07754     416.51657      -0.00225      -0.50898      -0.02327 p2_bpx_cei_ho_01_15_r2_grove
184     -27.49789     -97.71769     453.75771      -0.00197      -0.47837      -0.02327 p2_bpx_cei_ip_01_15_r2_flat
185     -27.70093      97.03080     453.93438      -0.00197      -0.47822      -0.02327 p2_bpx_cei_ho_01_15_r2_flat
186      55.39101      -0.01541     478.88089      -0.00176      -0.45622      -0.02327 p2_irl_cei_01_r1_front
187     -37.04416     209.86054     549.20022      -0.00113      -0.38800      -0.02327 p2_baz_cei_01_02_03_r1_cone
188      37.13595     209.83835     565.51765      -0.00098      -0.37080      -0.02327 p2_baz_cei_01_02_03_r1_flat
189      17.15768     209.79985     602.40649      -0.00060      -0.33013      -0.02327 p2_baz_cei_01_02_03_r1_grove
190      -7.45619     -36.10482     719.80662       0.00075      -0.18359      -0.02327 p2_slm_cei_01_surf_r1
191     -37.42536     -97.63979     812.12810       0.00179      -0.06220      -0.02327 p2_bpx_cei_ip_01_03_r3_cone
192     -37.57848      97.12000     812.35575       0.00179      -0.06193      -0.02327 p2_bpx_cei_ho_01_03_r3_cone
193      38.43365     -97.54672     815.69785       0.00182      -0.05794      -0.02327 p2_bpx_cei_ip_01_03_r3_flat
194      38.28214      97.13318     815.92701       0.00183      -0.05767      -0.02327 p2_bpx_cei_ho_01_03_r3_flat
195      24.96865     -97.59556     855.43067       0.00212      -0.01293      -0.02327 p2_bpx_cei_ip_01_03_r3_grove
196      24.82022      97.07904     855.65816       0.00212      -0.01269      -0.02327 p2_bpx_cei_ho_01_03_r3_grove
197      27.77412     -97.62801     892.21188       0.00232       0.02485      -0.02327 p2_bpx_cei_ip_01_15_r3_cone
198      27.62338      97.03839     892.44253       0.00232       0.02508      -0.02327 p2_bpx_cei_ho_01_15_r3_cone
199     -46.95340     -97.73002     905.71902       0.00237       0.03780      -0.02327 p2_bpx_cei_ip_01_15_r3_grove
200     -47.10695      97.03798     905.95254       0.00237       0.03802      -0.02327 p2_bpx_cei_ho_01_15_r3_grove
201     -28.39047     -97.73429     943.32676       0.00246       0.07117      -0.02327 p2_bpx_cei_ip_01_15_r3_flat
202     -28.54661      96.97720     943.56286       0.00246       0.07137      -0.02327 p2_bpx_cei_ho_01_15_r3_flat
203      55.29841      -0.08073     950.81181       0.00247       0.07734      -0.02327 p2_irc_cei_01_r1_front
204      55.40328      -0.05935    1179.12780       0.00122       0.19149      -0.02327 p2_mid_cei_01_front
205     -36.85187      96.97596    1241.25300       0.00047       0.20085      -0.02327 p2_bpx_cei_ho_01_03_r4_cone
206     -36.69146     -97.75284    1241.33822       0.00047       0.20086      -0.02327 p2_bpx_cei_ip_01_03_r4_cone
207      38.98030      97.00033    1245.36655       0.00042       0.20142      -0.02327 p2_bpx_cei_ho_01_03_r4_flat
208      39.13631     -97.63577    1245.45826       0.00042       0.20144      -0.02327 p2_bpx_cei_ip_01_03_r4_flat
209      25.22861      96.94431    1285.00512      -0.00001       0.20678      -0.02327 p2_bpx_cei_ho_01_03_r4_grove
210      25.38512     -97.68828    1285.09285      -0.00002       0.20679      -0.02327 p2_bpx_cei_ip_01_03_r4_grove
211      40.64592      96.91367    1319.39349      -0.00037       0.21113      -0.02327 p2_bpx_cei_ho_01_15_r4_cone
212      40.80173     -97.70223    1319.48756      -0.00037       0.21115      -0.02327 p2_bpx_cei_ip_01_15_r4_cone
213     -34.17663      96.90712    1332.36604      -0.00049       0.21271      -0.02327 p2_bpx_cei_ho_01_15_r4_grove
214     -34.02091     -97.82028    1332.44858      -0.00049       0.21272      -0.02327 p2_bpx_cei_ip_01_15_r4_grove
215     -15.86994      96.84932    1370.12637      -0.00084       0.21707      -0.02327 p2_bpx_cei_ho_01_15_r4_flat
216     -15.71613     -97.81307    1370.20934      -0.00084       0.21708      -0.02327 p2_bpx_cei_ip_01_15_r4_flat
217      55.35202      -0.06066    1407.98343      -0.00115       0.22111      -0.02327 p2_irc_cei_01_r2_front
218     -28.69072     172.46071    1465.69921      -0.00158       0.22664      -0.02327 p2_baz_cei_01_02_16_r2_grove
219      41.70018     172.43680    1494.21087      -0.00176       0.22909      -0.02327 p2_baz_cei_01_02_16_r2_cone
220     -33.08785     172.41353    1507.43010      -0.00184       0.23016      -0.02327 p2_baz_cei_01_02_16_r2_flat
221     -27.35890      97.11022    1666.22050      -0.00249       0.23992      -0.02327 p2_bpx_cei_ho_01_03_r5_cone
222     -27.13258     -97.69828    1666.27967      -0.00249       0.23992      -0.02327 p2_bpx_cei_ip_01_03_r5_cone
223      48.48162      97.15747    1670.33020      -0.00250       0.24010      -0.02327 p2_bpx_cei_ho_01_03_r5_flat
224      48.69843     -97.58782    1670.38777      -0.00250       0.24010      -0.02327 p2_bpx_cei_ip_01_03_r5_flat
225      34.72397      97.07105    1709.96491      -0.00258       0.24159      -0.02327 p2_bpx_cei_ho_01_03_r5_grove
226      34.94319     -97.65444    1710.02386      -0.00258       0.24160      -0.02327 p2_bpx_cei_ip_01_03_r5_grove
227      46.77958      96.97530    1759.05103      -0.00262       0.24295      -0.02327 p2_bpx_cei_ho_01_15_r5_cone
228      47.00470     -97.70359    1759.10448      -0.00262       0.24295      -0.02327 p2_bpx_cei_ip_01_15_r5_cone
229     -28.04687      96.91823    1772.01213      -0.00263       0.24322      -0.02327 p2_bpx_cei_ho_01_15_r5_grove
230     -27.81856     -97.81197    1772.06537      -0.00263       0.24322      -0.02327 p2_bpx_cei_ip_01_15_r5_grove
231      -9.74696      96.83835    1809.76643      -0.00262       0.24377      -0.02327 p2_bpx_cei_ho_01_15_r5_flat
232      -9.52425     -97.81994    1809.81557      -0.00262       0.24377      -0.02327 p2_bpx_cei_ip_01_15_r5_flat
233      55.42873      -0.09151    1880.54639      -0.00252       0.24394      -0.02327 p2_irl_cei_01_r2_front
234     -13.34540     -41.41833    2021.34759      -0.00200       0.24084      -0.02327 p2_gim_cei_01_surf_r1
235      -0.07899      73.11531    2116.02636      -0.00152       0.23720      -0.02327 p2_srg_cei_01_r2_90deg
236      52.10851      51.62613    2116.05841      -0.00152       0.23720      -0.02327 p2_srg_cei_01_r2_45deg
237     -52.23379      51.76010    2116.03446      -0.00152       0.23720      -0.02327 p2_srg_cei_01_r2_135deg
238      55.45660       0.00040    2116.10952      -0.00152       0.23720      -0.02327 p2_srg_cei_01_r2_front
239      52.08200     -52.24278    2116.14704      -0.00152       0.23720      -0.02327 p2_srg_cei_01_r2_315deg
240      -0.10120     -73.73139    2116.14673      -0.00152       0.23720      -0.02327 p2_srg_cei_01_r2_270deg
241     -55.75791      -0.01738    2116.14744      -0.00152       0.23720      -0.02327 p2_srg_cei_01_r2_rear
242     -52.28180     -52.26390    2116.16009      -0.00152       0.23720      -0.02327 p2_srg_cei_01_r2_225deg
243     -34.44288      97.00719    2206.49629      -0.00119       0.23470      -0.02327 p2_bpx_cei_ho_01_03_r6_cone
244     -34.12391     -97.75570    2206.73573      -0.00119       0.23469      -0.02327 p2_bpx_cei_ip_01_03_r6_cone
245      41.38836      97.01495    2210.60467      -0.00117       0.23461      -0.02327 p2_bpx_cei_ho_01_03_r6_flat
246      41.70621     -97.61794    2210.92642      -0.00117       0.23460      -0.02327 p2_bpx_cei_ip_01_03_r6_flat
247      27.62647      97.02899    2250.24266      -0.00107       0.23386      -0.02327 p2_bpx_cei_ho_01_03_r6_grove
248      27.90763     -97.63801    2250.55102      -0.00107       0.23385      -0.02327 p2_bpx_cei_ip_01_03_r6_grove
249      39.79462      97.10219    2332.32956      -0.00095       0.23292      -0.02327 p2_bpx_cei_ho_01_15_r6_cone
250      39.99457     -97.61341    2332.64822      -0.00095       0.23292      -0.02327 p2_bpx_cei_ip_01_15_r6_cone
251     -35.03580      97.06413    2345.29301      -0.00094       0.23285      -0.02327 p2_bpx_cei_ho_01_15_r6_grove
252     -34.84893     -97.71946    2345.53627      -0.00094       0.23285      -0.02327 p2_bpx_cei_ip_01_15_r6_grove
253     -16.74259      97.08752    2383.05333      -0.00093       0.23277      -0.02327 p2_bpx_cei_ho_01_15_r6_flat
254     -16.58962     -97.67517    2383.30678      -0.00093       0.23277      -0.02327 p2_bpx_cei_ip_01_15_r6_flat
255       2.40487      -0.40133     739.80000       0.00000       0.00000       0.00000 p3_cei_01_par_1
256     139.79754      -2.19352    2041.34000      26.08587       0.00000       0.00000 p3_cei_01_par_2
257      88.20297      -0.78667    2382.00000     774.41720      -0.39475       0.00004 p3_cei_01_par_3
258      -0.08530       0.00095      -0.00782      -0.00171      -0.04281      -0.01632 p3_cei_01
259     -14.99146       0.00091      66.09094      -0.00293       0.08778    3141.57638 p3_irm_cei_01_s1_fixed
260      14.99260      -0.00264    2291.89417      -0.00106       0.07453      -0.01632 p3_irm_cei_01_s2_fixed
261      15.00854       0.00140      66.09358      -0.00293       0.08778    3141.57638 p3_irm_cei_01_l1_fixed
262     -15.00740      -0.00313    2291.89194      -0.00106       0.07453      -0.01632 p3_irm_cei_01_l2_fixed
263     -15.02841      -0.00017     477.99130      -0.00207       0.09293      -0.01632 p3_irl_cei_01_s1
264      14.99292      -0.00193    1879.99178      -0.00251      -0.09154      -0.01632 p3_irl_cei_01_s2
265      14.92657      -0.00017     950.49418      -0.00027       0.07790      -0.01632 p3_irl_cei_01_l1
266     -15.06669      -0.00117    1407.49482      -0.00228      -0.11088      -0.01632 p3_irl_cei_01_l2
267     -15.07270      -0.00065     941.19180      -0.00027       0.08013      -0.01632 p3_irc_cei_01_s1
268      14.93435      -0.00070    1416.79145      -0.00231      -0.11339      -0.01632 p3_irc_cei_01_s2
269      14.93229      -0.00066    1398.19153      -0.00224      -0.10826      -0.01632 p3_irc_cei_01_l1
270     -15.07415      -0.00066     959.79188      -0.00028       0.07555      -0.01632 p3_irc_cei_01_l2
271       0.01434       0.00135      -0.00783      -0.00295       0.08768      -0.01632 p3_irt_cei_01_r1
272      -0.02095       0.00026     396.99262      -0.00234       0.09130      -0.01632 p3_irt_cei_01_r2
273      -0.05908      -0.00035     793.99292      -0.00058       0.10014      -0.01632 p3_irt_cei_01_r3
274      -0.08197      -0.00055    1190.99310      -0.00112      -0.01977      -0.01632 p3_irt_cei_01_r4
275      -0.04350      -0.00138    1587.99317      -0.00273      -0.13882      -0.01632 p3_irt_cei_01_r5
276       0.00030      -0.00242    1984.99314      -0.00213      -0.04659      -0.01632 p3_irt_cei_01_r6
277      -0.01453      -0.00297    2381.99302      -0.00099       0.08137      -0.01632 p3_irt_cei_01_r7
278     -36.92754      97.20220      14.69984      -0.00295       0.08769      -0.01632 p3_bpx_cei_ho_01_03_r1_cone
279     -36.73728     -97.69199      14.91588      -0.00295       0.08769      -0.01632 p3_bpx_cei_ip_01_03_r1_cone
280      38.97757      97.24294      16.86400      -0.00295       0.08769      -0.01632 p3_bpx_cei_ho_01_03_r1_flat
281      39.17643     -97.63706      17.11924      -0.00295       0.08769      -0.01632 p3_bpx_cei_ip_01_03_r1_flat
282      26.25947      97.18211      56.83704      -0.00294       0.08776      -0.01632 p3_bpx_cei_ho_01_03_r1_grove
283      26.43052     -97.61689      57.08868      -0.00294       0.08776      -0.01632 p3_bpx_cei_ip_01_03_r1_grove
284      23.79467      97.13238      88.73296      -0.00292       0.08786      -0.01632 p3_bpx_cei_ho_01_15_r1_cone
285      23.95282     -97.60292      88.97921      -0.00292       0.08787      -0.01632 p3_bpx_cei_ip_01_15_r1_cone
286     -50.66904      97.08732     103.61943      -0.00291       0.08793      -0.01632 p3_bpx_cei_ho_01_15_r1_grove
287     -50.51838     -97.65008     103.82938      -0.00291       0.08793      -0.01632 p3_bpx_cei_ip_01_15_r1_grove
288     -31.41092      97.03482     140.88666      -0.00287       0.08814      -0.01632 p3_bpx_cei_ho_01_15_r1_flat
289     -31.28116     -97.60357     141.10321      -0.00287       0.08814      -0.01632 p3_bpx_cei_ip_01_15_r1_flat
290      55.45383       0.00169     193.29732      -0.00280       0.08854      -0.01632 p3_srg_cei_01_r1_front
291      52.19078     -52.22856     193.41238      -0.00280       0.08854      -0.01632 p3_srg_cei_01_r1_315deg
292      52.49468      51.50434     193.47630      -0.00280       0.08854      -0.01632 p3_srg_cei_01_r1_45deg
293       0.02372     -73.87651     193.47960      -0.00280       0.08854      -0.01632 p3_srg_cei_01_r1_270deg
294     -51.88323      52.07864     193.48836      -0.00280       0.08854      -0.01632 p3_srg_cei_01_r1_135deg
295       0.45442      73.35170     193.49326      -0.00280       0.08854      -0.01632 p3_srg_cei_01_r1_90deg
296     -55.48099      -0.00012     193.51260      -0.00280       0.08854      -0.01632 p3_srg_cei_01_r1_rear
297     -52.20443     -52.25226     193.52674      -0.00280       0.08854      -0.01632 p3_srg_cei_01_r1_225deg
298      49.83672     209.86925     248.36738      -0.00271       0.08910      -0.01632 p3_baz_cei_01_16_15_r1_cone
299     -26.10684     209.83901     249.02071      -0.00271       0.08911      -0.01632 p3_baz_cei_01_16_15_r1_grove
300     -14.17103     209.81010     289.24569      -0.00263       0.08960      -0.01632 p3_baz_cei_01_16_15_r1_flat
301     -38.23492     -97.58369     324.84306      -0.00254       0.09011      -0.01632 p3_bpx_cei_ip_01_03_r2_cone
302     -38.39411      97.18441     325.01654      -0.00254       0.09011      -0.01632 p3_bpx_cei_ho_01_03_r2_cone
303      37.66083     -97.53956     327.61080      -0.00254       0.09015      -0.01632 p3_bpx_cei_ip_01_03_r2_flat
304      37.50144      97.27894     327.80448      -0.00254       0.09015      -0.01632 p3_bpx_cei_ho_01_03_r2_flat
305      24.61693     -97.58677     367.48309      -0.00243       0.09078      -0.01632 p3_bpx_cei_ip_01_03_r2_grove
306      24.43993      97.20463     367.67485      -0.00243       0.09079      -0.01632 p3_bpx_cei_ho_01_03_r2_grove
307      28.11958     -97.63199     402.04557      -0.00233       0.09140      -0.01632 p3_bpx_cei_ip_01_15_r2_cone
308      27.93249      97.16460     402.23640      -0.00233       0.09140      -0.01632 p3_bpx_cei_ho_01_15_r2_cone
309     -46.45953     -97.69564     416.34316      -0.00228       0.09166      -0.01632 p3_bpx_cei_ip_01_15_r2_grove
310     -46.64422      97.07665     416.51768      -0.00228       0.09167      -0.01632 p3_bpx_cei_ho_01_15_r2_grove
311     -27.49827     -97.71742     453.75852      -0.00216       0.09241      -0.01632 p3_bpx_cei_ip_01_15_r2_flat
312     -27.70116      97.02968     453.93702      -0.00216       0.09242      -0.01632 p3_bpx_cei_ho_01_15_r2_flat
313      55.38981      -0.01632     478.88034      -0.00207       0.09295      -0.01632 p3_irl_cei_01_r1_front
314     -37.04441     209.85734     549.20072      -0.00179       0.09461      -0.01632 p3_baz_cei_01_02_03_r1_cone
315      37.13624     209.83812     565.51746      -0.00172       0.09503      -0.01632 p3_baz_cei_01_02_03_r1_flat
316      17.15842     209.79843     602.40577      -0.00156       0.09602      -0.01632 p3_baz_cei_01_02_03_r1_grove
317      -7.74824     -36.10512     719.80457      -0.00096       0.09958      -0.01632 p3_slm_cei_01_surf_r1
318     -37.42429     -97.63767     812.12428      -0.00051       0.09923      -0.01632 p3_bpx_cei_ip_01_03_r3_cone
319     -37.57719      97.12032     812.35206      -0.00051       0.09922      -0.01632 p3_bpx_cei_ho_01_03_r3_cone
320      38.43655     -97.54634     815.70020      -0.00050       0.09900      -0.01632 p3_bpx_cei_ip_01_03_r3_flat
321      38.28455      97.13146     815.93038      -0.00050       0.09899      -0.01632 p3_bpx_cei_ho_01_03_r3_flat
322      24.96909     -97.59597     855.43011      -0.00038       0.09529      -0.01632 p3_bpx_cei_ip_01_03_r3_grove
323      24.81979      97.07702     855.65827      -0.00038       0.09527      -0.01632 p3_bpx_cei_ho_01_03_r3_grove
324      27.77167     -97.62474     892.21215      -0.00031       0.08999      -0.01632 p3_bpx_cei_ip_01_15_r3_cone
325      27.62378      97.03666     892.44260      -0.00031       0.08995      -0.01632 p3_bpx_cei_ho_01_15_r3_cone
326     -46.95283     -97.72996     905.72025      -0.00029       0.08759      -0.01632 p3_bpx_cei_ip_01_15_r3_grove
327     -47.10662      97.03663     905.95430      -0.00029       0.08754      -0.01632 p3_bpx_cei_ho_01_15_r3_grove
328     -28.38928     -97.73287     943.32902      -0.00027       0.07963      -0.01632 p3_bpx_cei_ip_01_15_r3_flat
329     -28.54247      96.97633     943.56427      -0.00027       0.07957      -0.01632 p3_bpx_cei_ho_01_15_r3_flat
330      55.29784      -0.07991     950.81132      -0.00027       0.07782      -0.01632 p3_irc_cei_01_r1_front
331      55.40334      -0.05823    1179.12617      -0.00104      -0.01314      -0.01632 p3_mid_cei_01_front
332     -36.85297      96.97409    1241.25087      -0.00145      -0.04652      -0.01632 p3_bpx_cei_ho_01_03_r4_cone
333     -36.69029     -97.75291    1241.33768      -0.00145      -0.04656      -0.01632 p3_bpx_cei_ip_01_03_r4_cone
334      38.97853      97.00122    1245.36486      -0.00147      -0.04856      -0.01632 p3_bpx_cei_ho_01_03_r4_flat
335      39.13661     -97.63578    1245.45977      -0.00147      -0.04860      -0.01632 p3_bpx_cei_ip_01_03_r4_flat
336      25.22823      96.94213    1285.00510      -0.00170      -0.06705      -0.01632 p3_bpx_cei_ho_01_03_r4_grove
337      25.38411     -97.68816    1285.09435      -0.00170      -0.06709      -0.01632 p3_bpx_cei_ip_01_03_r4_grove
338      40.64438      96.91152    1319.39410      -0.00188      -0.08139      -0.01632 p3_bpx_cei_ho_01_15_r4_cone
339      40.80017     -97.70118    1319.48732      -0.00188      -0.08142      -0.01632 p3_bpx_cei_ip_01_15_r4_cone
340     -34.17703      96.90838    1332.36597      -0.00195      -0.08638      -0.01632 p3_bpx_cei_ho_01_15_r4_grove
341     -34.02094     -97.81962    1332.44838      -0.00195      -0.08641      -0.01632 p3_bpx_cei_ip_01_15_r4_grove
342     -15.86871      96.85300    1370.12712      -0.00212      -0.09964      -0.01632 p3_bpx_cei_ho_01_15_r4_flat
343     -15.71642     -97.81120    1370.20940      -0.00212      -0.09967      -0.01632 p3_bpx_cei_ip_01_15_r4_flat
344      55.35237      -0.06132    1407.98340      -0.00228      -0.11102      -0.01632 p3_irc_cei_01_r2_front
345     -28.69093     172.46117    1465.69845      -0.00247      -0.12466      -0.01632 p3_baz_cei_01_02_16_r2_grove
346      41.70020     172.43655    1494.21098      -0.00255      -0.12976      -0.01632 p3_baz_cei_01_02_16_r2_cone
347     -33.08737     172.41219    1507.43056      -0.00259      -0.13175      -0.01632 p3_baz_cei_01_02_16_r2_flat
348     -27.36013      97.11015    1666.22079      -0.00279      -0.13736      -0.01632 p3_bpx_cei_ho_01_03_r5_cone
349     -27.13364     -97.69724    1666.27882      -0.00279      -0.13736      -0.01632 p3_bpx_cei_ip_01_03_r5_cone
350      48.48074      97.15668    1670.32819      -0.00279      -0.13706      -0.01632 p3_bpx_cei_ho_01_03_r5_flat
351      48.69802     -97.58832    1670.38812      -0.00279      -0.13705      -0.01632 p3_bpx_cei_ip_01_03_r5_flat
352      34.72400      97.07104    1709.96432      -0.00278      -0.13297      -0.01632 p3_bpx_cei_ho_01_03_r5_grove
353      34.94308     -97.65355    1710.02635      -0.00278      -0.13296      -0.01632 p3_bpx_cei_ip_01_03_r5_grove
354      46.78074      96.97430    1759.05018      -0.00275      -0.12499      -0.01632 p3_bpx_cei_ho_01_15_r5_cone
355      47.00453     -97.70279    1759.10512      -0.00275      -0.12497      -0.01632 p3_bpx_cei_ip_01_15_r5_cone
356     -28.04505      96.91855    1772.01226      -0.00273      -0.12234      -0.01632 p3_bpx_cei_ho_01_15_r5_grove
357     -27.81807     -97.81445    1772.06580      -0.00273      -0.12233      -0.01632 p3_bpx_cei_ip_01_15_r5_grove
358      -9.74740      96.83964    1809.76512      -0.00267      -0.11335      -0.01632 p3_bpx_cei_ho_01_15_r5_flat
359      -9.52332     -97.81935    1809.81408      -0.00267      -0.11333      -0.01632 p3_bpx_cei_ip_01_15_r5_flat
360      55.42937      -0.09238    1880.54629      -0.00250      -0.09134      -0.01632 p3_irl_cei_01_r2_front
361     -13.36837     -41.42012    2021.34742      -0.00196      -0.02759      -0.01632 p3_gim_cei_01_surf_r1
362      -0.07956      73.11464    2116.02612      -0.00152       0.02178      -0.01632 p3_srg_cei_01_r2_90deg
363     -52.23341      51.75739    2116.03375      -0.00152       0.02178      -0.01632 p3_srg_cei_01_r2_135deg
364      52.10879      51.62609    2116.05952      -0.00152       0.02179      -0.01632 p3_srg_cei_01_r2_45deg
365      55.45833      -0.00176    2116.10572      -0.00152       0.02182      -0.01632 p3_srg_cei_01_r2_front
366      52.08258     -52.24011    2116.14617      -0.00152       0.02183      -0.01632 p3_srg_cei_01_r2_315deg
367      -0.10087     -73.73036    2116.14689      -0.00152       0.02183      -0.01632 p3_srg_cei_01_r2_270deg
368     -55.75847      -0.01847    2116.14659      -0.00152       0.02183      -0.01632 p3_srg_cei_01_r2_rear
369     -52.28162     -52.26312    2116.16139      -0.00152       0.02184      -0.01632 p3_srg_cei_01_r2_225deg
370     -34.44315      97.00835    2206.49599      -0.00123       0.05542      -0.01632 p3_bpx_cei_ho_01_03_r6_cone
371     -34.12338     -97.75644    2206.73817      -0.00122       0.05550      -0.01632 p3_bpx_cei_ip_01_03_r6_cone
372      41.38982      97.01378    2210.60424      -0.00121       0.05662      -0.01632 p3_bpx_cei_ho_01_03_r6_flat
373      41.70568     -97.61841    2210.92753      -0.00121       0.05672      -0.01632 p3_bpx_cei_ip_01_03_r6_flat
374      27.62787      97.03211    2250.24272      -0.00112       0.06675      -0.01632 p3_bpx_cei_ho_01_03_r6_grove
375      27.90692     -97.63728    2250.55042      -0.00112       0.06681      -0.01632 p3_bpx_cei_ip_01_03_r6_grove
376      39.79500      97.10113    2332.32790      -0.00101       0.07929      -0.01632 p3_bpx_cei_ho_01_15_r6_cone
377      39.99435     -97.61377    2332.65022      -0.00101       0.07932      -0.01632 p3_bpx_cei_ip_01_15_r6_cone
378     -35.03574      97.06279    2345.29182      -0.00100       0.08023      -0.01632 p3_bpx_cei_ho_01_15_r6_grove
379     -34.84988     -97.71991    2345.53564      -0.00100       0.08025      -0.01632 p3_bpx_cei_ip_01_15_r6_grove
380     -16.74250      97.08815    2383.05316      -0.00099       0.08137      -0.01632 p3_bpx_cei_ho_01_15_r6_flat
381     -16.59064     -97.67695    2383.30748      -0.00099       0.08137      -0.01632 p3_bpx_cei_ip_01_15_r6_flat
382     -80.29153       4.77917     739.80000       0.00000       0.00000       0.00000 p4_cei_01_par_1
383     -82.90877      16.50946    2041.34000      26.08587       0.00000       0.00000 p4_cei_01_par_2
384      20.78620       0.61695    2382.00000   -1017.44194       2.00291      -0.00015 p4_cei_01_par_3
385      -0.32091       0.00526      -0.03022      -0.00208      -0.15320      -0.04703 p4_cei_01
386     -14.93241      -0.00410      66.06112       0.01950       0.55860    3141.54567 p4_irm_cei_01_s1_fixed
387      15.03979       0.00381    2291.86931       0.00805      -0.18284      -0.04703 p4_irm_cei_01_s2_fixed
388      15.06759      -0.00269      66.07788       0.01950       0.55860    3141.54567 p4_irm_cei_01_l1_fixed
389     -14.96020       0.00240    2291.87479       0.00805      -0.18284      -0.04703 p4_irm_cei_01_l2_fixed
390     -15.13603       0.00236     477.96275       0.00928       0.38674      -0.04703 p4_irl_cei_01_s1
391      14.95740       0.00031    1879.96700       0.00855      -0.22053      -0.04703 p4_irl_cei_01_s2
392      14.78450       0.00222     950.46756      -0.01383      -0.05216      -0.04702 p4_irl_cei_01_l1
393     -15.14671      -0.00343    1407.47201      -0.00092      -0.20429      -0.04703 p4_irl_cei_01_l2
394     -15.21595       0.00094     941.16902      -0.01369      -0.04546      -0.04702 p4_irc_cei_01_s1
395      14.85519      -0.00203    1416.76588      -0.00061      -0.20553      -0.04703 p4_irc_cei_01_s2
396      14.85139      -0.00201    1398.16588      -0.00125      -0.20301      -0.04703 p4_irc_cei_01_l1
397     -15.21498       0.00068     959.76923      -0.01394      -0.05869      -0.04702 p4_irc_cei_01_l2
398       0.10466      -0.00469      -0.03028       0.01970       0.56195      -0.04703 p4_irt_cei_01_r1
399      -0.10244       0.00218     396.96868       0.01251       0.44109      -0.04703 p4_irt_cei_01_r2
400      -0.21367       0.00335     793.96832      -0.00854       0.08373      -0.04703 p4_irt_cei_01_r3
401      -0.18705      -0.00162    1190.96857      -0.00978      -0.16502      -0.04703 p4_irt_cei_01_r4
402      -0.10806      -0.00239    1587.96938       0.00429      -0.22174      -0.04703 p4_irt_cei_01_r5
403      -0.01989       0.00053    1984.97071       0.00882      -0.21121      -0.04703 p4_irt_cei_01_r6
404       0.05617       0.00382    2381.97249       0.00800      -0.18123      -0.04703 p4_irt_cei_01_r7
405     -36.92071      97.19366      14.70956       0.01969       0.56178      -0.04703 p4_bpx_cei_ho_01_03_r1_cone
406     -36.72694     -97.70273      14.89860       0.01969       0.56178      -0.04703 p4_bpx_cei_ip_01_03_r1_cone
407      38.98200      97.23697      16.88019       0.01969       0.56173      -0.04703 p4_bpx_cei_ho_01_03_r1_flat
408      39.18714     -97.64652      17.10694       0.01969       0.56172      -0.04703 p4_bpx_cei_ip_01_03_r1_flat
409      26.26229      97.18066      56.84978       0.01955       0.55947      -0.04703 p4_bpx_cei_ho_01_03_r1_grove
410      26.43842     -97.62503      57.07378       0.01955       0.55945      -0.04703 p4_bpx_cei_ip_01_03_r1_grove
411      23.79589      97.12766      88.74614       0.01934       0.55591      -0.04703 p4_bpx_cei_ho_01_15_r1_cone
412      23.95923     -97.60773      88.96470       0.01934       0.55588      -0.04703 p4_bpx_cei_ip_01_15_r1_cone
413     -50.66969      97.08325     103.62773       0.01921       0.55370      -0.04703 p4_bpx_cei_ho_01_15_r1_grove
414     -50.51343     -97.65994     103.81026       0.01921       0.55368      -0.04703 p4_bpx_cei_ip_01_15_r1_grove
415     -31.41259      97.02796     140.89736       0.01879       0.54671      -0.04703 p4_bpx_cei_ho_01_15_r1_flat
416     -31.27814     -97.61003     141.08439       0.01879       0.54667      -0.04703 p4_bpx_cei_ip_01_15_r1_flat
417      55.45439       0.00161     193.29870       0.01799       0.53330      -0.04703 p4_srg_cei_01_r1_front
418      52.19039     -52.22824     193.39960       0.01799       0.53327      -0.04703 p4_srg_cei_01_r1_315deg
419      52.49047      51.50528     193.48689       0.01799       0.53324      -0.04703 p4_srg_cei_01_r1_45deg
420       0.02506     -73.87799     193.46297       0.01799       0.53324      -0.04703 p4_srg_cei_01_r1_270deg
421       0.44171      73.34943     193.50494       0.01799       0.53323      -0.04703 p4_srg_cei_01_r1_90deg
422     -51.91830      52.05587     193.49241       0.01799       0.53322      -0.04703 p4_srg_cei_01_r1_135deg
423     -55.48936      -0.00360     193.50054       0.01799       0.53322      -0.04703 p4_srg_cei_01_r1_rear
424     -52.20420     -52.25595     193.50953       0.01799       0.53322      -0.04703 p4_srg_cei_01_r1_225deg
425      49.82083     209.87161     248.38050       0.01689       0.51464      -0.04703 p4_baz_cei_01_16_15_r1_cone
426     -26.12203     209.83125     249.03313       0.01687       0.51437      -0.04703 p4_baz_cei_01_16_15_r1_grove
427     -14.18829     209.80707     289.25672       0.01588       0.49777      -0.04703 p4_baz_cei_01_16_15_r1_flat
428     -38.23635     -97.58591     324.82431       0.01489       0.48102      -0.04703 p4_bpx_cei_ip_01_03_r2_cone
429     -38.40181      97.18229     325.03014       0.01488       0.48091      -0.04703 p4_bpx_cei_ho_01_03_r2_cone
430      37.65834     -97.54340     327.59365       0.01480       0.47965      -0.04703 p4_bpx_cei_ip_01_03_r2_flat
431      37.49517      97.28180     327.81749       0.01480       0.47954      -0.04703 p4_bpx_cei_ho_01_03_r2_flat
432      24.61493     -97.58595     367.46538       0.01354       0.45839      -0.04703 p4_bpx_cei_ip_01_03_r2_grove
433      24.43367      97.20685     367.68526       0.01353       0.45827      -0.04703 p4_bpx_cei_ho_01_03_r2_grove
434      28.11684     -97.63093     402.02814       0.01233       0.43800      -0.04703 p4_bpx_cei_ip_01_15_r2_cone
435      27.92428      97.16336     402.24885       0.01232       0.43786      -0.04703 p4_bpx_cei_ho_01_15_r2_cone
436     -46.46158     -97.69567     416.32582       0.01179       0.42901      -0.04703 p4_bpx_cei_ip_01_15_r2_grove
437     -46.65162      97.07893     416.53024       0.01178       0.42888      -0.04703 p4_bpx_cei_ho_01_15_r2_grove
438     -27.49896     -97.71376     453.74024       0.01031       0.40405      -0.04703 p4_bpx_cei_ip_01_15_r2_flat
439     -27.70620      97.03423     453.94825       0.01030       0.40390      -0.04703 p4_bpx_cei_ho_01_15_r2_flat
440      55.38653      -0.00652     478.88359       0.00924       0.38609      -0.04703 p4_irl_cei_01_r1_front
441     -37.05381     209.86177     549.21422       0.00594       0.33061      -0.04703 p4_baz_cei_01_02_03_r1_cone
442      37.12852     209.84305     565.52999       0.00511       0.31669      -0.04703 p4_baz_cei_01_02_03_r1_flat
443      17.14944     209.79977     602.41897       0.00315       0.28364      -0.04703 p4_baz_cei_01_02_03_r1_grove
444      -7.89212     -36.11575     719.86283      -0.00394       0.16455      -0.04703 p4_slm_cei_01_surf_r1
445     -37.41333     -97.63207     812.10586      -0.00948       0.06545      -0.04703 p4_bpx_cei_ip_01_03_r3_cone
446     -37.56681      97.12252     812.36520      -0.00949       0.06520      -0.04703 p4_bpx_cei_ho_01_03_r3_cone
447      38.44514     -97.54343     815.68557      -0.00965       0.06193      -0.04703 p4_bpx_cei_ip_01_03_r3_flat
448      38.29287      97.13826     815.94453      -0.00966       0.06168      -0.04703 p4_bpx_cei_ho_01_03_r3_flat
449      24.97863     -97.59318     855.41303      -0.01136       0.02451      -0.04702 p4_bpx_cei_ip_01_03_r3_grove
450      24.82897      97.07961     855.67253      -0.01137       0.02427      -0.04702 p4_bpx_cei_ho_01_03_r3_grove
451      27.78213     -97.62269     892.19489      -0.01259      -0.00732      -0.04702 p4_bpx_cei_ip_01_15_r3_cone
452      27.63287      97.04060     892.45614      -0.01260      -0.00753      -0.04702 p4_bpx_cei_ho_01_15_r3_cone
453     -46.94570     -97.72568     905.70102      -0.01295      -0.01832      -0.04702 p4_bpx_cei_ip_01_15_r3_grove
454     -47.09585      97.03781     905.96935      -0.01296      -0.01853      -0.04702 p4_bpx_cei_ho_01_15_r3_grove
455     -28.38056     -97.73041     943.31033      -0.01372      -0.04702      -0.04702 p4_bpx_cei_ip_01_15_r3_flat
456     -28.53200      96.97838     943.57931      -0.01372      -0.04721      -0.04702 p4_bpx_cei_ho_01_15_r3_flat
457      55.30162      -0.07818     950.81594      -0.01383      -0.05241      -0.04702 p4_irc_cei_01_r1_front
458      55.40252      -0.06289    1179.13383      -0.01032      -0.16219      -0.04703 p4_mid_cei_01_front
459     -36.85153      96.97052    1241.26681      -0.00747      -0.17593      -0.04703 p4_bpx_cei_ho_01_03_r4_cone
460     -36.69557     -97.75147    1241.31893      -0.00747      -0.17594      -0.04703 p4_bpx_cei_ip_01_03_r4_cone
461      38.97919      96.99686    1245.37983      -0.00729      -0.17677      -0.04703 p4_bpx_cei_ho_01_03_r4_flat
462      39.13126     -97.63843    1245.44218      -0.00728      -0.17679      -0.04703 p4_bpx_cei_ip_01_03_r4_flat
463      25.22746      96.94026    1285.01976      -0.00558      -0.18454      -0.04703 p4_bpx_cei_ho_01_03_r4_grove
464      25.37852     -97.69014    1285.07515      -0.00558      -0.18455      -0.04703 p4_bpx_cei_ip_01_03_r4_grove
465      40.64231      96.91001    1319.40809      -0.00418      -0.19073      -0.04703 p4_bpx_cei_ho_01_15_r4_cone
466      40.79408     -97.70478    1319.47255      -0.00418      -0.19074      -0.04703 p4_bpx_cei_ip_01_15_r4_cone
467     -34.17790      96.90675    1332.37831      -0.00367      -0.19293      -0.04703 p4_bpx_cei_ho_01_15_r4_grove
468     -34.02973     -97.81915    1332.43187      -0.00367      -0.19294      -0.04703 p4_bpx_cei_ip_01_15_r4_grove
469     -15.87160      96.85009    1370.13841      -0.00225      -0.19894      -0.04703 p4_bpx_cei_ho_01_15_r4_flat
470     -15.72563     -97.80950    1370.19164      -0.00225      -0.19895      -0.04703 p4_bpx_cei_ip_01_15_r4_flat
471      55.34350      -0.06172    1407.98880      -0.00091      -0.20436      -0.04703 p4_irc_cei_01_r2_front
472     -28.69321     172.46153    1465.71394       0.00097      -0.21144      -0.04703 p4_baz_cei_01_02_16_r2_grove
473      41.69707     172.43398    1494.22796       0.00183      -0.21441      -0.04703 p4_baz_cei_01_02_16_r2_cone
474     -33.08979     172.41519    1507.44580       0.00221      -0.21567      -0.04703 p4_baz_cei_01_02_16_r2_flat
475     -27.35652      97.11133    1666.23536       0.00594      -0.22498      -0.04703 p4_bpx_cei_ho_01_03_r5_cone
476     -27.14236     -97.69566    1666.26307       0.00594      -0.22498      -0.04703 p4_bpx_cei_ip_01_03_r5_cone
477      48.48410      97.15472    1670.33940       0.00601      -0.22508      -0.04703 p4_bpx_cei_ho_01_03_r5_flat
478      48.68956     -97.58987    1670.37022       0.00601      -0.22508      -0.04703 p4_bpx_cei_ip_01_03_r5_flat
479      34.72854      97.07002    1709.97523       0.00670      -0.22566      -0.04703 p4_bpx_cei_ho_01_03_r5_grove
480      34.93540     -97.65337    1710.00709       0.00670      -0.22566      -0.04703 p4_bpx_cei_ip_01_03_r5_grove
481      46.78762      96.97294    1759.06101       0.00741      -0.22544      -0.04703 p4_bpx_cei_ho_01_15_r5_cone
482      46.99958     -97.70385    1759.08720       0.00741      -0.22544      -0.04703 p4_bpx_cei_ip_01_15_r5_cone
483     -28.03756      96.91982    1772.02610       0.00758      -0.22522      -0.04703 p4_bpx_cei_ho_01_15_r5_grove
484     -27.82190     -97.81007    1772.05163       0.00758      -0.22522      -0.04703 p4_bpx_cei_ip_01_15_r5_grove
485      -9.73577      96.83967    1809.78036       0.00800      -0.22414      -0.04703 p4_bpx_cei_ho_01_15_r5_flat
486      -9.52461     -97.81682    1809.79896       0.00800      -0.22414      -0.04703 p4_bpx_cei_ip_01_15_r5_flat
487      55.44004      -0.09238    1880.55238       0.00855      -0.22049      -0.04703 p4_irl_cei_01_r2_front
488     -13.37234     -41.41868    2021.33838       0.00876      -0.20688      -0.04703 p4_gim_cei_01_surf_r1
489     -52.30050      51.72350    2116.04173       0.00842      -0.19527      -0.04703 p4_srg_cei_01_r2_135deg
490      -0.06270      73.10346    2116.04125       0.00842      -0.19526      -0.04703 p4_srg_cei_01_r2_90deg
491      52.11791      51.61411    2116.05684       0.00842      -0.19526      -0.04703 p4_srg_cei_01_r2_45deg
492      55.46325       0.00427    2116.09762       0.00842      -0.19526      -0.04703 p4_srg_cei_01_r2_front
493     -55.74935      -0.00846    2116.13513       0.00842      -0.19526      -0.04703 p4_srg_cei_01_r2_rear
494      -0.09938     -73.72975    2116.12829       0.00842      -0.19526      -0.04703 p4_srg_cei_01_r2_270deg
495     -52.29389     -52.25080    2116.14340       0.00842      -0.19526      -0.04703 p4_srg_cei_01_r2_225deg
496      52.08641     -52.24499    2116.13342       0.00842      -0.19525      -0.04703 p4_srg_cei_01_r2_315deg
497     -34.42735      97.01379    2206.50731       0.00818      -0.18734      -0.04703 p4_bpx_cei_ho_01_03_r6_cone
498     -34.12815     -97.74910    2206.71885       0.00818      -0.18732      -0.04703 p4_bpx_cei_ip_01_03_r6_cone
499      41.40262      97.01429    2210.62044       0.00818      -0.18705      -0.04703 p4_bpx_cei_ho_01_03_r6_flat
500      41.70153     -97.62000    2210.91637       0.00818      -0.18703      -0.04703 p4_bpx_cei_ip_01_03_r6_flat
501      27.63949      97.03176    2250.25847       0.00811      -0.18467      -0.04703 p4_bpx_cei_ho_01_03_r6_grove
502      27.90170     -97.63612    2250.54050       0.00810      -0.18466      -0.04703 p4_bpx_cei_ip_01_03_r6_grove
503      39.80120      97.10100    2332.34494       0.00802      -0.18171      -0.04703 p4_bpx_cei_ho_01_15_r6_cone
504      39.98301     -97.61179    2332.63787       0.00802      -0.18171      -0.04703 p4_bpx_cei_ip_01_15_r6_cone
505     -35.02914      97.07058    2345.30350       0.00801      -0.18149      -0.04703 p4_bpx_cei_ho_01_15_r6_grove
506     -34.86184     -97.71141    2345.51943       0.00801      -0.18149      -0.04703 p4_bpx_cei_ip_01_15_r6_grove
507     -16.73790      97.09354    2383.06727       0.00800      -0.18123      -0.04703 p4_bpx_cei_ho_01_15_r6_flat
508     -16.60400     -97.66555    2383.29140       0.00800      -0.18123      -0.04703 p4_bpx_cei_ip_01_15_r6_flat
509     -15.00000       0.00000      66.10000       0.00000      -0.00000       1.59270 p1_irm_cei_01_s1
510      15.00000       0.00000      66.10000       0.00000      -0.00000       1.59270 p1_irm_cei_01_l1
511      15.00000       0.00000    2291.90000       0.00000      -0.00000   -3140.00000 p1_irm_cei_01_s2
512     -15.00000       0.00000    2291.90000       0.00000      -0.00000   -3140.00000 p1_irm_cei_01_l2
513     -15.08231       0.00079      66.14581      -0.00373      -0.66861       1.56943 p2_irm_cei_01_s1
514      14.91769       0.00149      66.12575      -0.00373      -0.66861       1.56943 p2_irm_cei_01_l1
515      14.95879      -0.00075    2291.93844      -0.00100       0.23328   -3140.02327 p2_irm_cei_01_s2
516     -15.04121      -0.00145    2291.93144      -0.00100       0.23328   -3140.02327 p2_irm_cei_01_l2
517     -14.99146       0.00091      66.09094      -0.00293       0.08778       1.57638 p3_irm_cei_01_s1
518      15.00854       0.00140      66.09358      -0.00293       0.08778       1.57638 p3_irm_cei_01_l1
519      14.99260      -0.00264    2291.89417      -0.00106       0.07453   -3140.01632 p3_irm_cei_01_s2
520     -15.00740      -0.00313    2291.89194      -0.00106       0.07453   -3140.01632 p3_irm_cei_01_l2
521     -14.93241      -0.00410      66.06112       0.01950       0.55860       1.54567 p4_irm_cei_01_s1
522      15.06759      -0.00269      66.07788       0.01950       0.55860       1.54567 p4_irm_cei_01_l1
523      15.03979       0.00381    2291.86931       0.00805      -0.18284   -3140.04703 p4_irm_cei_01_s2
524     -14.96020       0.00240    2291.87479       0.00805      -0.18284   -3140.04703 p4_irm_cei_01_l2
