   1       0.00000       0.00000     580.80000       0.00000       0.00000       0.00000 p1_aei_08_par_1
   2       0.00000       0.00000    1710.90000      26.08587       0.00000       0.00000 p1_aei_08_par_2
   3       0.00000       0.00000    2382.00000       0.00000       0.00000       0.00000 p1_aei_08_par_3
   4       0.00000       0.00000       0.00000       0.00000       0.00000       0.00000 p1_aei_08
   5     -15.00000       0.00000      66.10000       0.00000      -0.00000   -3141.59261 p1_irm_aei_08_s1_fixed
   6      15.00000       0.00000    2291.90000       0.00000      -0.00000       0.00000 p1_irm_aei_08_s2_fixed
   7      15.00000       0.00000      66.10000       0.00000      -0.00000   -3141.59261 p1_irm_aei_08_l1_fixed
   8     -15.00000       0.00000    2291.90000       0.00000      -0.00000       0.00000 p1_irm_aei_08_l2_fixed
   9     -15.00000       0.00000     478.00000       0.00000      -0.00000       0.00000 p1_irl_aei_08_s1
  10      15.00000       0.00000    1880.00000       0.00000      -0.00000       0.00000 p1_irl_aei_08_s2
  11      15.00000       0.00000     950.50000       0.00000      -0.00000       0.00000 p1_irl_aei_08_l1
  12     -15.00000       0.00000    1407.50000       0.00000      -0.00000       0.00000 p1_irl_aei_08_l2
  13     -15.00000       0.00000     941.20000       0.00000      -0.00000       0.00000 p1_irc_aei_08_s1
  14      15.00000       0.00000    1416.80000       0.00000      -0.00000       0.00000 p1_irc_aei_08_s2
  15      15.00000       0.00000    1398.20000       0.00000      -0.00000       0.00000 p1_irc_aei_08_l1
  16     -15.00000       0.00000     959.80000       0.00000      -0.00000       0.00000 p1_irc_aei_08_l2
  17       0.00000       0.00000       0.00000       0.00000      -0.00000       0.00000 p1_irt_aei_08_r1
  18       0.00000       0.00000     397.00000       0.00000      -0.00000       0.00000 p1_irt_aei_08_r2
  19       0.00000       0.00000     794.00000       0.00000      -0.00000       0.00000 p1_irt_aei_08_r3
  20       0.00000       0.00000    1191.00000       0.00000      -0.00000       0.00000 p1_irt_aei_08_r4
  21       0.00000       0.00000    1588.00000       0.00000      -0.00000       0.00000 p1_irt_aei_08_r5
  22       0.00000       0.00000    1985.00000       0.00000      -0.00000       0.00000 p1_irt_aei_08_r6
  23       0.00000       0.00000    2382.00000       0.00000      -0.00000       0.00000 p1_irt_aei_08_r7
  24     -34.19850     -97.67200      18.84210       0.00000      -0.00000       0.00000 p1_bpx_aei_ip_08_10_r1_cone
  25     -34.09710      96.86960      19.14720       0.00000      -0.00000       0.00000 p1_bpx_aei_ho_08_10_r1_cone
  26      41.00080     -97.66260      29.42020       0.00000      -0.00000       0.00000 p1_bpx_aei_ip_08_10_r1_flat
  27      41.09980      96.75950      29.71120       0.00000      -0.00000       0.00000 p1_bpx_aei_ho_08_10_r1_flat
  28      23.92470     -97.70330      67.73190       0.00000      -0.00000       0.00000 p1_bpx_aei_ip_08_10_r1_grove
  29      24.02870      96.71680      68.02130       0.00000      -0.00000       0.00000 p1_bpx_aei_ho_08_10_r1_grove
  30      34.97860     -97.76070     109.19800       0.00000      -0.00000       0.00000 p1_bpx_aei_ip_08_06_r1_cone
  31      35.08700      96.65230     109.48720       0.00000      -0.00000       0.00000 p1_bpx_aei_ho_08_06_r1_cone
  32     -40.68050     -97.78260     115.74140       0.00000      -0.00000       0.00000 p1_bpx_aei_ip_08_06_r1_grove
  33     -40.56060      96.72010     116.03910       0.00000      -0.00000       0.00000 p1_bpx_aei_ho_08_06_r1_grove
  34     -25.66610     -97.81610     154.91090       0.00000      -0.00000       0.00000 p1_bpx_aei_ip_08_06_r1_flat
  35     -25.54200      96.62630     155.20580       0.00000      -0.00000       0.00000 p1_bpx_aei_ho_08_06_r1_flat
  36      37.14170    -173.10150     194.73150       0.00000      -0.00000       0.00000 p1_baz_aei_08_09_r1_flat
  36      37.14170    -173.10150     194.73150       0.00000      -0.00000       0.00000 p1_baz_aei_08_07_r1_flat
  37     -32.86960    -173.10560     224.16280       0.00000      -0.00000       0.00000 p1_baz_aei_08_09_r1_cone
  37     -32.86960    -173.10560     224.16280       0.00000      -0.00000       0.00000 p1_baz_aei_08_07_r1_cone
  38      42.08190    -173.14580     236.38440       0.00000      -0.00000       0.00000  p1_baz_aei_08_09_r1_grove
  38      42.08190    -173.14580     236.38440       0.00000      -0.00000       0.00000  p1_baz_aei_08_07_r1_grove
  39     -55.38620       0.00000     282.52880       0.00000      -0.00000       0.00000 p1_srg_aei_08_r1_rear
  40     -52.22720     -52.33030     282.54550       0.00000      -0.00000       0.00000 p1_srg_aei_08_r1_225deg
  41       0.05740     -73.94470     282.56590       0.00000      -0.00000       0.00000 p1_srg_aei_08_r1_270deg
  42      52.23530     -52.27310     282.58070       0.00000      -0.00000       0.00000 p1_srg_aei_08_r1_315deg
  43      55.45650       0.00000     282.60000       0.00000      -0.00000       0.00000 p1_srg_aei_08_r1_front
  44       0.03230      72.90520     282.63720       0.00000      -0.00000       0.00000 p1_srg_aei_08_r1_90deg
  45     -52.17020      51.37580     282.65140       0.00000      -0.00000       0.00000 p1_srg_aei_08_r1_135deg
  46      52.26510      51.31260     282.67120       0.00000      -0.00000       0.00000 p1_srg_aei_08_r1_45deg
  47     -27.98250     -97.66650     335.95600       0.00000      -0.00000       0.00000 p1_bpx_aei_ip_08_10_r2_cone
  48     -27.86850      96.87340     336.29430       0.00000      -0.00000       0.00000 p1_bpx_aei_ho_08_10_r2_cone
  49      47.30470     -97.67860     345.89460       0.00000      -0.00000       0.00000 p1_bpx_aei_ip_08_10_r2_flat
  50      47.41860      96.74680     346.21150       0.00000      -0.00000       0.00000 p1_bpx_aei_ho_08_10_r2_flat
  51      30.54060     -97.71750     384.35080       0.00000      -0.00000       0.00000 p1_bpx_aei_ip_08_10_r2_grove
  52      30.66230      96.68820     384.67260       0.00000      -0.00000       0.00000 p1_bpx_aei_ho_08_10_r2_grove
  53      46.42050     -97.78300     430.03020       0.00000      -0.00000       0.00000 p1_bpx_aei_ip_08_06_r2_cone
  54      46.54890      96.59790     430.34730       0.00000      -0.00000       0.00000 p1_bpx_aei_ho_08_06_r2_cone
  55     -29.17170     -97.77340     437.20300       0.00000      -0.00000       0.00000 p1_bpx_aei_ip_08_06_r2_grove
  56     -29.03360      96.67180     437.53780       0.00000      -0.00000       0.00000 p1_bpx_aei_ho_08_06_r2_grove
  57     -13.83350     -97.81200     476.25040       0.00000      -0.00000       0.00000 p1_bpx_aei_ip_08_06_r2_flat
  58     -13.67360      96.56900     476.57810       0.00000      -0.00000       0.00000 p1_bpx_aei_ho_08_06_r2_flat
  59      -0.58410     -45.54160     560.69500       0.00000      -0.00000       0.00000 p1_slm_aei_08_surf_r2
  60     -52.56020      51.20540     747.52710       0.00000      -0.00000       0.00000 p1_srg_aei_08_r2_135deg
  61      -0.46020      72.97760     747.53550       0.00000      -0.00000       0.00000 p1_srg_aei_08_r2_90deg
  62     -52.25420     -52.42220     747.54460       0.00000      -0.00000       0.00000 p1_srg_aei_08_r2_225deg
  63     -55.63930      -0.21210     747.55230       0.00000      -0.00000       0.00000 p1_srg_aei_08_r2_rear
  64      55.38600      -0.05400     747.55430       0.00000      -0.00000       0.00000 p1_srg_aei_08_r2_front
  65      -0.01290     -73.94850     747.56200       0.00000      -0.00000       0.00000 p1_srg_aei_08_r2_270deg
  66      51.82460      51.73160     747.56520       0.00000      -0.00000       0.00000 p1_srg_aei_08_r2_45deg
  67      52.14770     -52.30330     747.57420       0.00000      -0.00000       0.00000 p1_srg_aei_08_r2_315deg
  68     193.71660     -32.87030     928.80620       0.00000      -0.00000       0.00000 p1_bpl_aei_08_r1_grove
  69     196.04840      40.14370     949.54860       0.00000      -0.00000       0.00000 p1_bpl_aei_08_r1_cone
  70     198.14540     -32.81770     970.49730       0.00000      -0.00000       0.00000 p1_bpl_aei_08_r1_flat
  71     -47.11020     -97.63460    1034.41950       0.00000      -0.00000       0.00000 p1_bpx_aei_ip_08_10_r3_cone
  72     -47.02120      97.02150    1034.77860       0.00000      -0.00000       0.00000 p1_bpx_aei_ho_08_10_r3_cone
  73      28.12190     -97.62380    1044.74820       0.00000      -0.00000       0.00000 p1_bpx_aei_ip_08_10_r3_flat
  74      28.21240      96.89800    1045.08300       0.00000      -0.00000       0.00000 p1_bpx_aei_ho_08_10_r3_flat
  75      11.15610     -97.67950    1083.11400       0.00000      -0.00000       0.00000 p1_bpx_aei_ip_08_10_r3_grove
  76      11.26540      96.85330    1083.45850       0.00000      -0.00000       0.00000 p1_bpx_aei_ho_08_10_r3_grove
  77      29.05210     -97.73810    1117.81180       0.00000      -0.00000       0.00000 p1_bpx_aei_ip_08_06_r3_cone
  78      29.17070      96.78800    1118.14370       0.00000      -0.00000       0.00000 p1_bpx_aei_ho_08_06_r3_cone
  79     -46.58460     -97.74710    1124.58500       0.00000      -0.00000       0.00000 p1_bpx_aei_ip_08_06_r3_grove
  80     -46.46030      96.89490    1124.94120       0.00000      -0.00000       0.00000 p1_bpx_aei_ho_08_06_r3_grove
  81     -31.45050     -97.78750    1163.70560       0.00000      -0.00000       0.00000 p1_bpx_aei_ip_08_06_r3_flat
  82     -31.31410      96.79470    1164.06250       0.00000      -0.00000       0.00000 p1_bpx_aei_ho_08_06_r3_flat
  83      55.56530      -0.15330    1179.11520       0.00000      -0.00000       0.00000 p1_mid_aei_08_front
  84     -44.21350     -97.66520    1367.71610       0.00000      -0.00000       0.00000 p1_bpx_aei_ip_08_10_r4_cone
  85     -44.24660      96.96950    1367.94120       0.00000      -0.00000       0.00000 p1_bpx_aei_ho_08_10_r4_cone
  86      31.03280     -97.64730    1377.96050       0.00000      -0.00000       0.00000 p1_bpx_aei_ip_08_10_r4_flat
  87      31.00820      96.86630    1378.12560       0.00000      -0.00000       0.00000 p1_bpx_aei_ho_08_10_r4_flat
  88      14.11850     -97.71640    1416.35210       0.00000      -0.00000       0.00000 p1_bpx_aei_ip_08_10_r4_grove
  89      14.12240      96.80720    1416.52840       0.00000      -0.00000       0.00000 p1_bpx_aei_ho_08_10_r4_grove
  90      45.52180     -97.78850    1445.42230       0.00000      -0.00000       0.00000 p1_bpx_aei_ip_08_06_r4_cone
  91      45.55090      96.73950    1445.56850       0.00000      -0.00000       0.00000 p1_bpx_aei_ho_08_06_r4_cone
  92     -30.10180     -97.80140    1452.28430       0.00000      -0.00000       0.00000 p1_bpx_aei_ip_08_06_r4_grove
  93     -30.06420      96.77830    1452.48550       0.00000      -0.00000       0.00000 p1_bpx_aei_ho_08_06_r4_grove
  94     -14.92250     -97.85880    1491.39010       0.00000      -0.00000       0.00000 p1_bpx_aei_ip_08_06_r4_flat
  95     -14.85840      96.67640    1491.58630       0.00000      -0.00000       0.00000 p1_bpx_aei_ho_08_06_r4_flat
  96      32.84830    -210.60890    1532.39940       0.00000      -0.00000       0.00000 p1_baz_aei_08_07_r2_flat
  96      32.84830    -210.60890    1532.39940       0.00000      -0.00000       0.00000 p1_baz_aei_08_06_r2_flat
  97     -43.08750    -210.62310    1532.92140       0.00000      -0.00000       0.00000 p1_baz_aei_08_07_r2_cone
  97     -43.08750    -210.62310    1532.92140       0.00000      -0.00000       0.00000 p1_baz_aei_08_06_r2_cone
  98      21.53790    -210.59550    1572.78620       0.00000      -0.00000       0.00000  p1_baz_aei_08_07_r2_grove
  98      21.53790    -210.59550    1572.78620       0.00000      -0.00000       0.00000  p1_baz_aei_08_06_r2_grove
  99     -37.09260     -22.45390    1690.53180       0.00000      -0.00000       0.00000 p1_gim_aei_08_surf_r2
 100      52.38200      51.20310    1825.43510       0.00000      -0.00000       0.00000 p1_srg_aei_08_r3_45deg
 101       0.30640      72.88720    1825.44080       0.00000      -0.00000       0.00000 p1_srg_aei_08_r3_90deg
 102     -51.95410      51.56390    1825.46000       0.00000      -0.00000       0.00000 p1_srg_aei_08_r3_135deg
 103     -55.35900      -0.08640    1825.55170       0.00000      -0.00000       0.00000 p1_srg_aei_08_r3_rear
 104      55.45650       0.00000    1825.57180       0.00000      -0.00000       0.00000 p1_srg_aei_08_r3_front
 105      52.41810     -52.17960    1825.60600       0.00000      -0.00000       0.00000 p1_srg_aei_08_r3_315deg
 106       0.14740     -73.91740    1825.62490       0.00000      -0.00000       0.00000 p1_srg_aei_08_r3_270deg
 107     -52.11590     -52.31690    1825.63760       0.00000      -0.00000       0.00000 p1_srg_aei_08_r3_225deg
 108      29.87200     -97.62810    1894.25420       0.00000      -0.00000       0.00000 p1_bpx_aei_ip_08_06_r5_cone
 109      29.97010      96.80460    1894.40960       0.00000      -0.00000       0.00000 p1_bpx_aei_ho_08_06_r5_cone
 110     -45.99390     -97.68040    1897.68790       0.00000      -0.00000       0.00000 p1_bpx_aei_ip_08_06_r5_grove
 111     -45.88270      96.92490    1897.88770       0.00000      -0.00000       0.00000 p1_bpx_aei_ho_08_06_r5_grove
 112     -32.59050     -97.69560    1937.44580       0.00000      -0.00000       0.00000 p1_bpx_aei_ip_08_06_r5_flat
 113     -32.46960      96.85410    1937.63110       0.00000      -0.00000       0.00000 p1_bpx_aei_ho_08_06_r5_flat
 114     -43.80880     -97.73550    1978.32570       0.00000      -0.00000       0.00000 p1_bpx_aei_ip_08_10_r5_cone
 115     -43.66750      96.83440    1978.51220       0.00000      -0.00000       0.00000 p1_bpx_aei_ho_08_10_r5_cone
 116      30.90060     -97.72530    1991.95800       0.00000      -0.00000       0.00000 p1_bpx_aei_ip_08_10_r5_flat
 117      31.03710      96.70770    1992.11330       0.00000      -0.00000       0.00000 p1_bpx_aei_ho_08_10_r5_flat
 118      12.27190     -97.75410    2029.54360       0.00000      -0.00000       0.00000 p1_bpx_aei_ip_08_10_r5_grove
 119      12.42960      96.67210    2029.70610       0.00000      -0.00000       0.00000 p1_bpx_aei_ho_08_10_r5_grove
 120      44.41020    -210.47610    2055.67240       0.00000      -0.00000       0.00000 p1_baz_aei_08_09_r2_cone
 120      44.41020    -210.47610    2055.67240       0.00000      -0.00000       0.00000 p1_baz_aei_08_10_r2_cone
 121     -29.46440    -210.44810    2073.23920       0.00000      -0.00000       0.00000  p1_baz_aei_08_09_r2_grove
 121     -29.46440    -210.44810    2073.23920       0.00000      -0.00000       0.00000  p1_baz_aei_08_10_r2_grove
 122      -8.87140    -210.45180    2109.77650       0.00000      -0.00000       0.00000 p1_baz_aei_08_09_r2_flat
 122      -8.87140    -210.45180    2109.77650       0.00000      -0.00000       0.00000 p1_baz_aei_08_10_r2_flat
 123     -84.43200     -97.91450    2208.26260       0.00000      -0.00000       0.00000 p1_bpx_aei_ip_08_10_r6_cone
 124     -84.33170      96.78910    2208.72150       0.00000      -0.00000       0.00000 p1_bpx_aei_ho_08_10_r6_cone
 125      -9.26150     -97.89950    2219.02220       0.00000      -0.00000       0.00000 p1_bpx_aei_ip_08_10_r6_flat
 126      -9.21090      96.65840    2219.47310       0.00000      -0.00000       0.00000 p1_bpx_aei_ho_08_10_r6_flat
 127      85.45280     -97.98460    2235.96810       0.00000      -0.00000       0.00000 p1_bpx_aei_ip_08_06_r6_cone
 128      85.51950      96.54730    2236.37710       0.00000      -0.00000       0.00000 p1_bpx_aei_ho_08_06_r6_cone
 129       9.77100     -97.94050    2242.31740       0.00000      -0.00000       0.00000 p1_bpx_aei_ip_08_06_r6_grove
 130       9.83030      96.60500    2242.72810       0.00000      -0.00000       0.00000 p1_bpx_aei_ho_08_06_r6_grove
 131     -26.43370     -97.94830    2257.30250       0.00000      -0.00000       0.00000 p1_bpx_aei_ip_08_10_r6_grove
 132     -26.33260      96.61170    2257.71590       0.00000      -0.00000       0.00000 p1_bpx_aei_ho_08_10_r6_grove
 133      24.67990     -97.98440    2281.52760       0.00000      -0.00000       0.00000 p1_bpx_aei_ip_08_06_r6_flat
 134      24.71300      96.51230    2282.00420       0.00000      -0.00000       0.00000 p1_bpx_aei_ho_08_06_r6_flat
 135    -113.64580    -149.76860    2299.31930       0.00000      -0.00000       0.00000 p1_bbi_aei_08_07_cone
 136    -109.88230     -73.96480    2299.36940       0.00000      -0.00000       0.00000 p1_bbi_aei_08_07_flat
 137     -70.14070     -87.55980    2301.02770       0.00000      -0.00000       0.00000 p1_bbi_aei_08_07_grove
 138     -41.76720     -89.12820    2302.20180       0.00000      -0.00000       0.00000 p1_bbi_aei_08_09_grove
 139      -2.10890     -75.70930    2303.86800       0.00000      -0.00000       0.00000 p1_bbi_aei_08_09_flat
 140       1.36480    -151.62290    2304.02190       0.00000      -0.00000       0.00000 p1_bbi_aei_08_09_cone
 141     484.55180    -108.39700    2318.89250       0.00000      -0.00000       0.00000 p1_bpl_aei_08_r2_grove
 142    -506.10340     -95.80650    2336.95240       0.00000      -0.00000       0.00000 p1_bbe_aei_08_07_flat
 143    -484.44600     -23.01870    2337.35850       0.00000      -0.00000       0.00000 p1_bbe_aei_08_07_cone
 144    -464.18540     -96.19960    2338.64780       0.00000      -0.00000       0.00000 p1_bbe_aei_08_07_grove
 145     449.36350    -116.09440    2340.33060       0.00000      -0.00000       0.00000 p1_bpl_aei_08_r2_flat
 146     468.77460     -44.56490    2356.85490       0.00000      -0.00000       0.00000 p1_bpl_aei_08_r2_cone
 147     325.99330     -97.84120    2372.74210       0.00000      -0.00000       0.00000 p1_bbe_aei_08_09_flat
 148     346.59880     -24.76710    2373.18320       0.00000      -0.00000       0.00000 p1_bbe_aei_08_09_cone
 149     367.89560     -97.63520    2374.63740       0.00000      -0.00000       0.00000 p1_bbe_aei_08_09_grove
 150       0.38618       0.00471     580.80000       0.00000       0.00000       0.00000 p2_aei_08_par_1
 151       0.26538       0.00598    1710.90000      26.08587       0.00000       0.00000 p2_aei_08_par_2
 152       0.01977       0.00211    2382.00000    3330.88435       0.10406       0.00031 p2_aei_08_par_3
 153       0.10032       0.00269       0.01356       0.00047       0.06048       0.04114 p2_aei_08
 154     -15.08525       0.00197      66.11919       0.00394      -0.35986   -3141.55147 p2_irm_aei_08_s1_fixed
 155      14.97619       0.00266    2291.92294      -0.00096       0.04098       0.04114 p2_irm_aei_08_s2_fixed
 156      14.91475       0.00074      66.10839       0.00394      -0.35986   -3141.55147 p2_irm_aei_08_l1_fixed
 157     -15.02381       0.00389    2291.92171      -0.00096       0.04098       0.04114 p2_irm_aei_08_l2_fixed
 158     -14.95291       0.00340     478.01858       0.00231      -0.22595       0.04114 p2_irl_aei_08_s1
 159      14.99209       0.00295    1880.02073      -0.00011       0.03307       0.04114 p2_irl_aei_08_s2
 160      15.05311       0.00219     950.51848      -0.00076       0.11745       0.04114 p2_irl_aei_08_l1
 161     -14.99363       0.00361    1407.51744       0.00163       0.05724       0.04114 p2_irl_aei_08_l2
 162     -14.94581       0.00343     941.21495      -0.00079       0.11595       0.04114 p2_irc_aei_08_s1
 163      15.00585       0.00239    1416.81916       0.00166       0.05502       0.04114 p2_irc_aei_08_s2
 164      15.00691       0.00236    1398.21916       0.00159       0.05948       0.04114 p2_irc_aei_08_l1
 165     -14.94799       0.00341     959.81497      -0.00074       0.11878       0.04114 p2_irc_aei_08_l2
 166      -0.10905       0.00110       0.01355       0.00394      -0.36022       0.04114 p2_irt_aei_08_r1
 167       0.02632       0.00257     397.01493       0.00301      -0.28329       0.04114 p2_irt_aei_08_r2
 168       0.06821       0.00294     794.01621      -0.00080       0.06567       0.04114 p2_irt_aei_08_r3
 169       0.02442       0.00275    1191.01753       0.00047       0.10756       0.04114 p2_irt_aei_08_r4
 170      -0.00058       0.00331    1588.01899       0.00177       0.02387       0.04114 p2_irt_aei_08_r5
 171      -0.01161       0.00353    1985.02073      -0.00054       0.03709       0.04114 p2_irt_aei_08_r6
 172      -0.02750       0.00319    2382.02285      -0.00096       0.04103       0.04114 p2_irt_aei_08_r7
 173     -34.19359     -97.67193      18.84338       0.00394      -0.36021       0.04114 p2_bpx_aei_ip_08_10_r1_cone
 174     -34.09528      96.87077      19.14258       0.00394      -0.36021       0.04114 p2_bpx_aei_ho_08_10_r1_cone
 175      41.00513     -97.66238      29.42314       0.00394      -0.36018       0.04114 p2_bpx_aei_ip_08_10_r1_flat
 176      41.09983      96.76322      29.70984       0.00394      -0.36018       0.04114 p2_bpx_aei_ho_08_10_r1_flat
 177      23.92812     -97.70512      67.73474       0.00394      -0.35983       0.04114 p2_bpx_aei_ip_08_10_r1_grove
 178      24.02922      96.71887      68.02114       0.00394      -0.35983       0.04114 p2_bpx_aei_ho_08_10_r1_grove
 179      34.98142     -97.75751     109.20226       0.00392      -0.35861       0.04114 p2_bpx_aei_ip_08_06_r1_cone
 180      35.08622      96.65028     109.48486       0.00392      -0.35860       0.04114 p2_bpx_aei_ho_08_06_r1_cone
 181     -40.68095     -97.78668     115.74300       0.00392      -0.35831       0.04114 p2_bpx_aei_ip_08_06_r1_grove
 182     -40.56244      96.72142     116.03700       0.00392      -0.35830       0.04114 p2_bpx_aei_ho_08_06_r1_grove
 183     -25.66616     -97.81184     154.91059       0.00389      -0.35565       0.04114 p2_bpx_aei_ip_08_06_r1_flat
 184     -25.54526      96.62606     155.20260       0.00389      -0.35562       0.04114 p2_bpx_aei_ho_08_06_r1_flat
 185      37.14233    -173.09377     194.73125       0.00383      -0.35114       0.04114 p2_baz_aei_08_09_r1_flat
 185      37.14233    -173.09377     194.73125       0.00383      -0.35114       0.04114 p2_baz_aei_08_07_r1_flat
 186     -32.87061    -173.10458     224.16367       0.00377      -0.34637       0.04114 p2_baz_aei_08_09_r1_cone
 186     -32.87061    -173.10458     224.16367       0.00377      -0.34637       0.04114 p2_baz_aei_08_07_r1_cone
 187      42.08182    -173.14581     236.38515       0.00374      -0.34398       0.04114  p2_baz_aei_08_09_r1_grove
 187      42.08182    -173.14581     236.38515       0.00374      -0.34398       0.04114  p2_baz_aei_08_07_r1_grove
 188     -55.39075       0.00447     282.52896       0.00360      -0.33250       0.04114 p2_srg_aei_08_r1_rear
 189     -52.23160     -52.32846     282.54750       0.00360      -0.33249       0.04114 p2_srg_aei_08_r1_225deg
 190       0.05313     -73.94152     282.56889       0.00360      -0.33248       0.04114 p2_srg_aei_08_r1_270deg
 191      52.23283     -52.27116     282.58246       0.00360      -0.33247       0.04114 p2_srg_aei_08_r1_315deg
 192      55.44729      -0.00009     282.59611       0.00360      -0.33247       0.04114 p2_srg_aei_08_r1_front
 193     -52.17490      51.37613     282.64970       0.00360      -0.33246       0.04114 p2_srg_aei_08_r1_135deg
 194       0.02709      72.90549     282.63537       0.00360      -0.33246       0.04114 p2_srg_aei_08_r1_90deg
 195      52.25902      51.31424     282.66758       0.00360      -0.33245       0.04114 p2_srg_aei_08_r1_45deg
 196     -27.98447     -97.66477     335.96043       0.00338      -0.31361       0.04114 p2_bpx_aei_ip_08_10_r2_cone
 197     -27.87177      96.87012     336.29504       0.00337      -0.31347       0.04114 p2_bpx_aei_ho_08_10_r2_cone
 198      47.30033     -97.67894     345.89175       0.00332      -0.30934       0.04114 p2_bpx_aei_ip_08_10_r2_flat
 199      47.41382      96.74476     346.20818       0.00332      -0.30920       0.04114 p2_bpx_aei_ho_08_10_r2_flat
 200      30.53977     -97.71462     384.35312       0.00309      -0.29042       0.04114 p2_bpx_aei_ip_08_10_r2_grove
 201      30.65946      96.68687     384.67239       0.00309      -0.29024       0.04114 p2_bpx_aei_ho_08_10_r2_grove
 202      46.41962     -97.78034     430.03293       0.00275      -0.26245       0.04114 p2_bpx_aei_ip_08_06_r2_cone
 203      46.54620      96.59185     430.34487       0.00275      -0.26224       0.04114 p2_bpx_aei_ho_08_06_r2_cone
 204     -29.17072     -97.77621     437.20114       0.00269      -0.25749       0.04114 p2_bpx_aei_ip_08_06_r2_grove
 205     -29.03624      96.66798     437.53538       0.00269      -0.25726       0.04114 p2_bpx_aei_ho_08_06_r2_grove
 206     -13.83284     -97.81225     476.25667       0.00233      -0.22743       0.04114 p2_bpx_aei_ip_08_06_r2_flat
 207     -13.67667      96.56755     476.57768       0.00232      -0.22716       0.04114 p2_bpx_aei_ho_08_06_r2_flat
 208      -0.52293     -45.53904     560.69390       0.00131      -0.14353       0.04114 p2_slm_aei_08_surf_r2
 209     -52.55665      51.20504     747.52500      -0.00062       0.03791       0.04114 p2_srg_aei_08_r2_135deg
 210      -0.45306      72.97109     747.53709      -0.00062       0.03792       0.04114 p2_srg_aei_08_r2_90deg
 211     -52.25242     -52.42198     747.54755      -0.00062       0.03793       0.04114 p2_srg_aei_08_r2_225deg
 212      55.38604      -0.05940     747.55416      -0.00062       0.03793       0.04114 p2_srg_aei_08_r2_front
 213     -55.63357      -0.20834     747.55625      -0.00062       0.03793       0.04114 p2_srg_aei_08_r2_rear
 214      51.82627      51.72814     747.56406      -0.00062       0.03793       0.04114 p2_srg_aei_08_r2_45deg
 215      -0.00970     -73.94543     747.56621      -0.00062       0.03794       0.04114 p2_srg_aei_08_r2_270deg
 216      52.14959     -52.29807     747.57621      -0.00062       0.03794       0.04114 p2_srg_aei_08_r2_315deg
 217     193.72217     -32.87195     928.80683      -0.00082       0.11365       0.04114 p2_bpl_aei_08_r1_grove
 218     196.05007      40.14254     949.54964      -0.00077       0.11730       0.04114 p2_bpl_aei_08_r1_cone
 219     198.14768     -32.82086     970.50025      -0.00070       0.12010       0.04114 p2_bpl_aei_08_r1_flat
 220     -47.10671     -97.63281    1034.42092      -0.00043       0.12364       0.04114 p2_bpx_aei_ip_08_10_r3_cone
 221     -47.01735      97.02059    1034.77572      -0.00043       0.12364       0.04114 p2_bpx_aei_ho_08_10_r3_cone
 222      28.12531     -97.61811    1044.74966      -0.00038       0.12357       0.04114 p2_bpx_aei_ip_08_10_r3_flat
 223      28.21457      96.89369    1045.08235      -0.00038       0.12357       0.04114 p2_bpx_aei_ho_08_10_r3_flat
 224      11.15899     -97.67702    1083.11380      -0.00018       0.12191       0.04114 p2_bpx_aei_ip_08_10_r3_grove
 225      11.26595      96.85287    1083.45845      -0.00018       0.12189       0.04114 p2_bpx_aei_ho_08_10_r3_grove
 226      29.05411     -97.73456    1117.81162       0.00002       0.11870       0.04114 p2_bpx_aei_ip_08_06_r3_cone
 227      29.17157      96.78364    1118.14543       0.00002       0.11866       0.04114 p2_bpx_aei_ho_08_06_r3_cone
 228     -46.58049     -97.74405    1124.58471       0.00006       0.11790       0.04114 p2_bpx_aei_ip_08_06_r3_grove
 229     -46.45793      96.89185    1124.94171       0.00006       0.11786       0.04114 p2_bpx_aei_ho_08_06_r3_grove
 230     -31.44800     -97.78746    1163.70623       0.00030       0.11232       0.04114 p2_bpx_aei_ip_08_06_r3_flat
 231     -31.31424      96.79183    1164.06269       0.00030       0.11226       0.04114 p2_bpx_aei_ho_08_06_r3_flat
 232      55.56471      -0.15694    1179.11578       0.00039       0.10972       0.04114 p2_mid_aei_08_front
 233     -44.21508     -97.66455    1367.71873       0.00147       0.06695       0.04114 p2_bpx_aei_ip_08_10_r4_cone
 234     -44.25029      96.97275    1367.94015       0.00147       0.06690       0.04114 p2_bpx_aei_ho_08_10_r4_cone
 235      31.03135     -97.64543    1377.96324       0.00151       0.06443       0.04114 p2_bpx_aei_ip_08_10_r4_flat
 236      31.00424      96.86297    1378.12524       0.00151       0.06439       0.04114 p2_bpx_aei_ho_08_10_r4_flat
 237      14.11515     -97.71448    1416.35377       0.00166       0.05513       0.04114 p2_bpx_aei_ip_08_10_r4_grove
 238      14.12075      96.80572    1416.52835       0.00166       0.05509       0.04114 p2_bpx_aei_ho_08_10_r4_grove
 239      45.51925     -97.78702    1445.42371       0.00175       0.04842       0.04114 p2_bpx_aei_ip_08_06_r4_cone
 240      45.54644      96.73928    1445.56788       0.00175       0.04839       0.04114 p2_bpx_aei_ho_08_06_r4_cone
 241     -30.10398     -97.80170    1452.28083       0.00176       0.04689       0.04114 p2_bpx_aei_ip_08_06_r4_grove
 242     -30.06749      96.77630    1452.48489       0.00176       0.04685       0.04114 p2_bpx_aei_ho_08_06_r4_grove
 243     -14.92655     -97.85795    1491.38982       0.00183       0.03871       0.04114 p2_bpx_aei_ip_08_06_r4_flat
 244     -14.86366      96.67365    1491.58516       0.00183       0.03867       0.04114 p2_bpx_aei_ho_08_06_r4_flat
 245      32.84568    -210.60544    1532.39769       0.00185       0.03132       0.04114 p2_baz_aei_08_07_r2_flat
 245      32.84568    -210.60544    1532.39769       0.00185       0.03132       0.04114 p2_baz_aei_08_06_r2_flat
 246     -43.09084    -210.62172    1532.92092       0.00185       0.03123       0.04114 p2_baz_aei_08_07_r2_cone
 246     -43.09084    -210.62172    1532.92092       0.00185       0.03123       0.04114 p2_baz_aei_08_06_r2_cone
 247      21.53383    -210.59430    1572.78476       0.00181       0.02558       0.04114  p2_baz_aei_08_07_r2_grove
 247      21.53383    -210.59430    1572.78476       0.00181       0.02558       0.04114  p2_baz_aei_08_06_r2_grove
 248     -37.09635     -22.44860    1690.52927       0.00124       0.02065       0.04114 p2_gim_aei_08_surf_r2
 249      52.38213      51.20091    1825.43506       0.00019       0.03018       0.04114 p2_srg_aei_08_r3_45deg
 250       0.31002      72.88975    1825.44259       0.00019       0.03018       0.04114 p2_srg_aei_08_r3_90deg
 251     -51.95636      51.56250    1825.45941       0.00019       0.03018       0.04114 p2_srg_aei_08_r3_135deg
 252     -55.35869      -0.08796    1825.55252       0.00019       0.03018       0.04114 p2_srg_aei_08_r3_rear
 253      55.45032       0.00128    1825.56846       0.00019       0.03018       0.04114 p2_srg_aei_08_r3_front
 254      52.42017     -52.16979    1825.60838       0.00019       0.03019       0.04114 p2_srg_aei_08_r3_315deg
 255       0.14597     -73.92334    1825.62911       0.00019       0.03019       0.04114 p2_srg_aei_08_r3_270deg
 256     -52.11534     -52.31599    1825.63903       0.00019       0.03019       0.04114 p2_srg_aei_08_r3_225deg
 257      29.87210     -97.63037    1894.25519      -0.00018       0.03372       0.04114 p2_bpx_aei_ip_08_06_r5_cone
 258      29.96939      96.80763    1894.40853      -0.00018       0.03373       0.04114 p2_bpx_aei_ho_08_06_r5_cone
 259     -45.99352     -97.67495    1897.69004      -0.00020       0.03388       0.04114 p2_bpx_aei_ip_08_06_r5_grove
 260     -45.88332      96.92245    1897.88858      -0.00020       0.03389       0.04114 p2_bpx_aei_ho_08_06_r5_grove
 261     -32.58920     -97.69281    1937.44781      -0.00037       0.03550       0.04114 p2_bpx_aei_ip_08_06_r5_flat
 262     -32.47090      96.85389    1937.63009      -0.00037       0.03550       0.04114 p2_bpx_aei_ho_08_06_r5_flat
 263     -43.80698     -97.73357    1978.32683      -0.00052       0.03689       0.04114 p2_bpx_aei_ip_08_10_r5_cone
 264     -43.66808      96.83203    1978.50824      -0.00052       0.03689       0.04114 p2_bpx_aei_ho_08_10_r5_cone
 265      30.90171     -97.72605    1991.95816      -0.00056       0.03729       0.04114 p2_bpx_aei_ip_08_10_r5_flat
 266      31.03541      96.70185    1992.11287      -0.00056       0.03730       0.04114 p2_bpx_aei_ho_08_10_r5_flat
 267      12.27269     -97.75670    2029.54425      -0.00067       0.03827       0.04114 p2_bpx_aei_ip_08_10_r5_grove
 268      12.42938      96.67119    2029.70638      -0.00067       0.03827       0.04114 p2_bpx_aei_ho_08_10_r5_grove
 269      44.41135    -210.47244    2055.66975      -0.00073       0.03884       0.04114 p2_baz_aei_08_09_r2_cone
 269      44.41135    -210.47244    2055.66975      -0.00073       0.03884       0.04114 p2_baz_aei_08_10_r2_cone
 270     -29.46564    -210.44672    2073.23925      -0.00076       0.03917       0.04114  p2_baz_aei_08_09_r2_grove
 270     -29.46564    -210.44672    2073.23925      -0.00076       0.03917       0.04114  p2_baz_aei_08_10_r2_grove
 271      -8.87278    -210.44829    2109.77692      -0.00083       0.03976       0.04114 p2_baz_aei_08_09_r2_flat
 271      -8.87278    -210.44829    2109.77692      -0.00083       0.03976       0.04114 p2_baz_aei_08_10_r2_flat
 272     -84.43242     -97.92407    2208.26054      -0.00093       0.04070       0.04114 p2_bpx_aei_ip_08_10_r6_cone
 273     -84.32873      96.79102    2208.71922      -0.00093       0.04070       0.04114 p2_bpx_aei_ho_08_10_r6_cone
 274      -9.25886     -97.90288    2219.02286      -0.00093       0.04075       0.04114 p2_bpx_aei_ip_08_10_r6_flat
 275      -9.21027      96.66672    2219.46464      -0.00093       0.04076       0.04114 p2_bpx_aei_ho_08_10_r6_flat
 276      85.45145     -97.99129    2235.96811      -0.00094       0.04083       0.04114 p2_bpx_aei_ip_08_06_r6_cone
 277      85.52064      96.56541    2236.37340      -0.00094       0.04083       0.04114 p2_bpx_aei_ho_08_06_r6_cone
 278       9.77269     -97.94068    2242.31556      -0.00094       0.04085       0.04114 p2_bpx_aei_ip_08_06_r6_grove
 279       9.83068      96.60322    2242.72595      -0.00094       0.04086       0.04114 p2_bpx_aei_ho_08_06_r6_grove
 280     -26.43312     -97.94540    2257.30026      -0.00095       0.04090       0.04114 p2_bpx_aei_ip_08_10_r6_grove
 281     -26.33333      96.62159    2257.70875      -0.00095       0.04090       0.04114 p2_bpx_aei_ho_08_10_r6_grove
 282      24.68149     -97.98103    2281.52709      -0.00096       0.04096       0.04114 p2_bpx_aei_ip_08_06_r6_flat
 283      24.71457      96.50397    2282.00048      -0.00096       0.04096       0.04114 p2_bpx_aei_ho_08_06_r6_flat
 284    -113.64357    -149.76816    2299.31447      -0.00096       0.04099       0.04114 p2_bbi_aei_08_07_cone
 285    -109.87986     -73.96641    2299.36940      -0.00096       0.04099       0.04114 p2_bbi_aei_08_07_flat
 286     -70.13868     -87.55685    2301.02542      -0.00096       0.04099       0.04114 p2_bbi_aei_08_07_grove
 287     -41.76580     -89.12882    2302.20729      -0.00096       0.04099       0.04114 p2_bbi_aei_08_09_grove
 288      -2.10861     -75.71275    2303.87274      -0.00096       0.04100       0.04114 p2_bbi_aei_08_09_flat
 289       1.36346    -151.62639    2304.02901      -0.00096       0.04100       0.04114 p2_bbi_aei_08_09_cone
 290     484.55193    -108.39908    2318.89575      -0.00096       0.04101       0.04114 p2_bpl_aei_08_r2_grove
 291    -506.10130     -95.80905    2336.95223      -0.00096       0.04102       0.04114 p2_bbe_aei_08_07_flat
 292    -484.44052     -23.01864    2337.35399      -0.00096       0.04102       0.04114 p2_bbe_aei_08_07_cone
 293    -464.18268     -96.19918    2338.64296      -0.00096       0.04102       0.04114 p2_bbe_aei_08_07_grove
 294     449.36463    -116.09756    2340.33173      -0.00096       0.04102       0.04114 p2_bpl_aei_08_r2_flat
 295     468.77220     -44.56697    2356.85979      -0.00096       0.04102       0.04114 p2_bpl_aei_08_r2_cone
 296     325.99335     -97.84661    2372.74787      -0.00096       0.04103       0.04114 p2_bbe_aei_08_09_flat
 297     346.59624     -24.76856    2373.19199      -0.00096       0.04103       0.04114 p2_bbe_aei_08_09_cone
 298     367.89688     -97.63524    2374.64000      -0.00096       0.04103       0.04114 p2_bbe_aei_08_09_grove
 299      -0.00193       0.00052     580.80000       0.00000       0.00000       0.00000 p3_aei_08_par_1
 300       0.17249       0.00274    1710.90000      26.08587       0.00000       0.00000 p3_aei_08_par_2
 301       0.26257       0.00460    2382.00000    3917.83285       0.30807       0.00029 p3_aei_08_par_3
 302      -0.00671       0.00266      -0.00127      -0.00106      -0.01753      -0.00041 p3_aei_08
 303     -15.01140       0.00183      66.09942       0.00048      -0.02857    3141.59229 p3_irm_aei_08_s1_fixed
 304      14.79767      -0.00430    2291.91622      -0.01011       0.46064      -0.00041 p3_irm_aei_08_s2_fixed
 305      14.98860       0.00184      66.09857       0.00048      -0.02857    3141.59229 p3_irm_aei_08_l1_fixed
 306     -15.20233      -0.00431    2291.90240      -0.01011       0.46064      -0.00041 p3_irm_aei_08_l2_fixed
 307     -14.99956       0.00201     478.00101       0.00030      -0.02924      -0.00041 p3_irl_aei_08_s1
 308      14.97441      -0.00036    1880.01210      -0.00827       0.35550      -0.00041 p3_irl_aei_08_s2
 309      15.01956       0.00206     950.50146       0.00002      -0.06288      -0.00041 p3_irl_aei_08_l1
 310     -14.95322       0.00184    1407.50462      -0.00154      -0.01746      -0.00041 p3_irl_aei_08_l2
 311     -14.98102       0.00205     941.20330       0.00002      -0.06196      -0.00041 p3_irc_aei_08_s1
 312      15.04692       0.00184    1416.80420      -0.00162      -0.01355      -0.00041 p3_irc_aei_08_s2
 313      15.04660       0.00187    1398.20400      -0.00147      -0.02120      -0.00041 p3_irc_aei_08_l1
 314     -14.97985       0.00205     959.80340       0.00001      -0.06378      -0.00041 p3_irc_aei_08_l2
 315      -0.01329       0.00180      -0.00127       0.00048      -0.02857      -0.00041 p3_irt_aei_08_r1
 316      -0.00191       0.00199     397.00027       0.00038      -0.02895      -0.00041 p3_irt_aei_08_r2
 317       0.01106       0.00205     794.00178       0.00002      -0.04525      -0.00041 p3_irt_aei_08_r3
 318       0.03621       0.00203    1191.00340      -0.00034      -0.06833      -0.00041 p3_irt_aei_08_r4
 319       0.04125       0.00140    1588.00522      -0.00359       0.09043      -0.00041 p3_irt_aei_08_r5
 320      -0.06594      -0.00129    1985.00737      -0.00921       0.40895      -0.00041 p3_irt_aei_08_r6
 321      -0.24387      -0.00522    2382.00994      -0.01013       0.46125      -0.00041 p3_irt_aei_08_r7
 322     -34.19691     -97.67030      18.84363       0.00048      -0.02857      -0.00041 p3_bpx_aei_ip_08_10_r1_cone
 323     -34.09789      96.87130      19.14514       0.00048      -0.02857      -0.00041 p3_bpx_aei_ho_08_10_r1_cone
 324      41.00309     -97.66187      29.42103       0.00048      -0.02857      -0.00041 p3_bpx_aei_ip_08_10_r1_flat
 325      41.09942      96.76174      29.70893       0.00048      -0.02857      -0.00041 p3_bpx_aei_ho_08_10_r1_flat
 326      23.92648     -97.70465      67.73317       0.00048      -0.02857      -0.00041 p3_bpx_aei_ip_08_10_r1_grove
 327      24.02671      96.71815      68.01917       0.00048      -0.02857      -0.00041 p3_bpx_aei_ho_08_10_r1_grove
 328      34.98067     -97.75943     109.20111       0.00048      -0.02857      -0.00041 p3_bpx_aei_ip_08_06_r1_cone
 329      35.08579      96.65407     109.48542       0.00048      -0.02857      -0.00041 p3_bpx_aei_ho_08_06_r1_cone
 330     -40.68155     -97.78626     115.74340       0.00048      -0.02857      -0.00041 p3_bpx_aei_ip_08_06_r1_grove
 331     -40.56292      96.72074     116.03690       0.00048      -0.02857      -0.00041 p3_bpx_aei_ho_08_06_r1_grove
 332     -25.66203     -97.81073     154.91182       0.00048      -0.02859      -0.00041 p3_bpx_aei_ip_08_06_r1_flat
 333     -25.54390      96.62517     155.20383       0.00048      -0.02859      -0.00041 p3_bpx_aei_ho_08_06_r1_flat
 334      37.14304    -173.10319     194.73371       0.00047      -0.02861      -0.00041 p3_baz_aei_08_09_r1_flat
 334      37.14304    -173.10319     194.73371       0.00047      -0.02861      -0.00041 p3_baz_aei_08_07_r1_flat
 335     -32.86741    -173.10340     224.16333       0.00047      -0.02863      -0.00041 p3_baz_aei_08_09_r1_cone
 335     -32.86741    -173.10340     224.16333       0.00047      -0.02863      -0.00041 p3_baz_aei_08_07_r1_cone
 336      42.08344    -173.14437     236.38733       0.00046      -0.02865      -0.00041  p3_baz_aei_08_09_r1_grove
 336      42.08344    -173.14437     236.38733       0.00046      -0.02865      -0.00041  p3_baz_aei_08_07_r1_grove
 337     -55.38961       0.00192     282.52762       0.00045      -0.02870      -0.00041 p3_srg_aei_08_r1_rear
 338     -52.22869     -52.32968     282.54715       0.00045      -0.02870      -0.00041 p3_srg_aei_08_r1_225deg
 339       0.05572     -73.94226     282.56826       0.00045      -0.02870      -0.00041 p3_srg_aei_08_r1_270deg
 340      52.23481     -52.27284     282.58226       0.00045      -0.02870      -0.00041 p3_srg_aei_08_r1_315deg
 341      55.45129       0.00196     282.59824       0.00045      -0.02870      -0.00041 p3_srg_aei_08_r1_front
 342       0.02986      72.90424     282.63550       0.00045      -0.02870      -0.00041 p3_srg_aei_08_r1_90deg
 343     -52.17283      51.37412     282.64841       0.00045      -0.02870      -0.00041 p3_srg_aei_08_r1_135deg
 344      52.26167      51.31426     282.66791       0.00045      -0.02870      -0.00041 p3_srg_aei_08_r1_45deg
 345     -27.98204     -97.66265     335.95928       0.00042      -0.02880      -0.00041 p3_bpx_aei_ip_08_10_r2_cone
 346     -27.86961      96.86915     336.29240       0.00042      -0.02880      -0.00041 p3_bpx_aei_ho_08_10_r2_cone
 347      47.30395     -97.67832     345.89585       0.00042      -0.02882      -0.00041 p3_bpx_aei_ip_08_10_r2_flat
 348      47.41508      96.74289     346.21227       0.00042      -0.02882      -0.00041 p3_bpx_aei_ho_08_10_r2_flat
 349      30.54186     -97.71471     384.35267       0.00039      -0.02891      -0.00041 p3_bpx_aei_ip_08_10_r2_grove
 350      30.66019      96.68649     384.67200       0.00039      -0.02892      -0.00041 p3_bpx_aei_ho_08_10_r2_grove
 351      46.42008     -97.78058     430.02998       0.00035      -0.02905      -0.00041 p3_bpx_aei_ip_08_06_r2_cone
 352      46.54701      96.59192     430.34341       0.00035      -0.02906      -0.00041 p3_bpx_aei_ho_08_06_r2_cone
 353     -29.17081     -97.77231     437.20300       0.00035      -0.02908      -0.00041 p3_bpx_aei_ip_08_06_r2_grove
 354     -29.03648      96.67059     437.53663       0.00035      -0.02908      -0.00041 p3_bpx_aei_ho_08_06_r2_grove
 355     -13.83217     -97.80799     476.25430       0.00030      -0.02923      -0.00041 p3_bpx_aei_ip_08_06_r2_flat
 356     -13.67694      96.56571     476.57794       0.00030      -0.02923      -0.00041 p3_bpx_aei_ho_08_06_r2_flat
 357      -0.58101     -45.53957     560.69401       0.00019      -0.02965      -0.00041 p3_slm_aei_08_surf_r2
 358     -52.56454      51.20343     747.52582       0.00002      -0.04017      -0.00041 p3_srg_aei_08_r2_135deg
 359      -0.45975      72.97085     747.53732       0.00002      -0.04018      -0.00041 p3_srg_aei_08_r2_90deg
 360     -52.25800     -52.42317     747.55091       0.00002      -0.04018      -0.00041 p3_srg_aei_08_r2_225deg
 361     -55.63992      -0.21037     747.55524       0.00002      -0.04018      -0.00041 p3_srg_aei_08_r2_rear
 362      55.38738      -0.05593     747.55608       0.00002      -0.04018      -0.00041 p3_srg_aei_08_r2_front
 363      51.82056      51.72697     747.55842       0.00002      -0.04018      -0.00041 p3_srg_aei_08_r2_45deg
 364      -0.01449     -73.94805     747.56711       0.00002      -0.04018      -0.00041 p3_srg_aei_08_r2_270deg
 365      52.14550     -52.29933     747.57751       0.00002      -0.04018      -0.00041 p3_srg_aei_08_r2_315deg
 366     193.71493     -32.87277     928.80346       0.00002      -0.06068      -0.00041 p3_bpl_aei_08_r1_grove
 367     196.04868      40.14323     949.54459       0.00002      -0.06279      -0.00041 p3_bpl_aei_08_r1_cone
 368     198.14145     -32.82326     970.49505       0.00001      -0.06476      -0.00041 p3_bpl_aei_08_r1_flat
 369     -47.10802     -97.63037    1034.42152      -0.00003      -0.06950      -0.00041 p3_bpx_aei_ip_08_10_r3_cone
 370     -47.01808      97.02093    1034.77472      -0.00003      -0.06952      -0.00041 p3_bpx_aei_ho_08_10_r3_cone
 371      28.12470     -97.62303    1044.75292      -0.00004      -0.07004      -0.00041 p3_bpx_aei_ip_08_10_r3_flat
 372      28.21284      96.89287    1045.08222      -0.00004      -0.07006      -0.00041 p3_bpx_aei_ho_08_10_r3_flat
 373      11.15921     -97.67464    1083.11574      -0.00009      -0.07140      -0.00041 p3_bpx_aei_ip_08_10_r3_grove
 374      11.26646      96.85026    1083.45575      -0.00009      -0.07141      -0.00041 p3_bpx_aei_ho_08_10_r3_grove
 375      29.05610     -97.73554    1117.81480      -0.00015      -0.07162      -0.00041 p3_bpx_aei_ip_08_06_r3_cone
 376      29.17274      96.78566    1118.14372      -0.00015      -0.07162      -0.00041 p3_bpx_aei_ho_08_06_r3_cone
 377     -46.58082     -97.74317    1124.58694      -0.00016      -0.07154      -0.00041 p3_bpx_aei_ip_08_06_r3_grove
 378     -46.45607      96.88823    1124.94126      -0.00016      -0.07154      -0.00041 p3_bpx_aei_ho_08_06_r3_grove
 379     -31.44694     -97.78468    1163.70817      -0.00026      -0.07021      -0.00041 p3_bpx_aei_ip_08_06_r3_flat
 380     -31.31290      96.79562    1164.06151      -0.00026      -0.07019      -0.00041 p3_bpx_aei_ho_08_06_r3_flat
 381      55.56989      -0.15284    1179.11450      -0.00030      -0.06925      -0.00041 p3_mid_aei_08_front
 382     -44.21458     -97.66302    1367.72189      -0.00123      -0.03238      -0.00041 p3_bpx_aei_ip_08_10_r4_cone
 383     -44.24706      96.96598    1367.93953      -0.00123      -0.03230      -0.00041 p3_bpx_aei_ho_08_10_r4_cone
 384      31.03173     -97.64200    1377.96441      -0.00131      -0.02881      -0.00041 p3_bpx_aei_ip_08_10_r4_flat
 385      31.00555      96.86350    1378.12546      -0.00131      -0.02875      -0.00041 p3_bpx_aei_ho_08_10_r4_flat
 386      14.11575     -97.71186    1416.35695      -0.00162      -0.01374      -0.00041 p3_bpx_aei_ip_08_10_r4_grove
 387      14.12128      96.80324    1416.52777      -0.00162      -0.01367      -0.00041 p3_bpx_aei_ho_08_10_r4_grove
 388      45.51987     -97.78830    1445.42553      -0.00188      -0.00049      -0.00041 p3_bpx_aei_ip_08_06_r4_cone
 389      45.54888      96.73890    1445.56870      -0.00188      -0.00042      -0.00041 p3_bpx_aei_ho_08_06_r4_cone
 390     -30.10374     -97.80014    1452.28079      -0.00195       0.00288      -0.00041 p3_bpx_aei_ip_08_06_r4_grove
 391     -30.06742      96.77556    1452.48477      -0.00195       0.00298      -0.00041 p3_bpx_aei_ho_08_06_r4_grove
 392     -14.92706     -97.85342    1491.39297      -0.00236       0.02394      -0.00041 p3_bpx_aei_ip_08_06_r4_flat
 393     -14.86454      96.67428    1491.58403      -0.00236       0.02405      -0.00041 p3_bpx_aei_ho_08_06_r4_flat
 394      32.84570    -210.60961    1532.39868      -0.00284       0.04954      -0.00041 p3_baz_aei_08_07_r2_flat
 394      32.84570    -210.60961    1532.39868      -0.00284       0.04954      -0.00041 p3_baz_aei_08_06_r2_flat
 395     -43.09243    -210.61704    1532.92050      -0.00285       0.04990      -0.00041 p3_baz_aei_08_07_r2_cone
 395     -43.09243    -210.61704    1532.92050      -0.00285       0.04990      -0.00041 p3_baz_aei_08_06_r2_cone
 396      21.53352    -210.59224    1572.78613      -0.00337       0.07850      -0.00041  p3_baz_aei_08_07_r2_grove
 396      21.53352    -210.59224    1572.78613      -0.00337       0.07850      -0.00041  p3_baz_aei_08_06_r2_grove
 397     -37.06578     -22.45337    1690.52872      -0.00530       0.18619      -0.00041 p3_gim_aei_08_surf_r2
 398      52.38048      51.20149    1825.43676      -0.00760       0.31712      -0.00041 p3_srg_aei_08_r3_45deg
 399       0.31326      72.88617    1825.44061      -0.00760       0.31714      -0.00041 p3_srg_aei_08_r3_90deg
 400     -51.95734      51.56315    1825.46087      -0.00760       0.31716      -0.00041 p3_srg_aei_08_r3_135deg
 401      55.44926       0.00009    1825.57305      -0.00760       0.31723      -0.00041 p3_srg_aei_08_r3_front
 402     -55.36345      -0.08866    1825.55130      -0.00760       0.31724      -0.00041 p3_srg_aei_08_r3_rear
 403      52.41937     -52.16831    1825.60920      -0.00760       0.31725      -0.00041 p3_srg_aei_08_r3_315deg
 404       0.14387     -73.92203    1825.62445      -0.00760       0.31728      -0.00041 p3_srg_aei_08_r3_270deg
 405     -52.11825     -52.31796    1825.63873      -0.00760       0.31730      -0.00041 p3_srg_aei_08_r3_225deg
 406      29.86952     -97.62867    1894.25341      -0.00842       0.36425      -0.00041 p3_bpx_aei_ip_08_06_r5_cone
 407      29.96839      96.80473    1894.40669      -0.00843       0.36434      -0.00041 p3_bpx_aei_ho_08_06_r5_cone
 408     -45.99754     -97.67833    1897.69180      -0.00846       0.36630      -0.00041 p3_bpx_aei_ip_08_06_r5_grove
 409     -45.88559      96.92137    1897.88708      -0.00846       0.36641      -0.00041 p3_bpx_aei_ho_08_06_r5_grove
 410     -32.59194     -97.69587    1937.44780      -0.00884       0.38781      -0.00041 p3_bpx_aei_ip_08_06_r5_flat
 411     -32.46979      96.85083    1937.62857      -0.00884       0.38790      -0.00041 p3_bpx_aei_ho_08_06_r5_flat
 412     -43.81039     -97.73594    1978.32666      -0.00916       0.40627      -0.00041 p3_bpx_aei_ip_08_10_r5_cone
 413     -43.66844      96.83425    1978.51090      -0.00916       0.40634      -0.00041 p3_bpx_aei_ho_08_10_r5_cone
 414      30.89955     -97.72714    1991.95915      -0.00926       0.41164      -0.00041 p3_bpx_aei_ip_08_10_r5_flat
 415      31.03531      96.70486    1992.11221      -0.00926       0.41170      -0.00041 p3_bpx_aei_ho_08_10_r5_flat
 416      12.26822     -97.75950    2029.53925      -0.00948       0.42465      -0.00041 p3_bpx_aei_ip_08_10_r5_grove
 417      12.42627      96.67130    2029.70376      -0.00948       0.42470      -0.00041 p3_bpx_aei_ho_08_10_r5_grove
 418      44.41028    -210.47103    2055.66980      -0.00962       0.43219      -0.00041 p3_baz_aei_08_09_r2_cone
 418      44.41028    -210.47103    2055.66980      -0.00962       0.43219      -0.00041 p3_baz_aei_08_10_r2_cone
 419     -29.46517    -210.44724    2073.23994      -0.00969       0.43665      -0.00041  p3_baz_aei_08_09_r2_grove
 419     -29.46517    -210.44724    2073.23994      -0.00969       0.43665      -0.00041  p3_baz_aei_08_10_r2_grove
 420      -8.87307    -210.44948    2109.77607      -0.00983       0.44439      -0.00041 p3_baz_aei_08_09_r2_flat
 420      -8.87307    -210.44948    2109.77607      -0.00983       0.44439      -0.00041 p3_baz_aei_08_10_r2_flat
 421     -84.42810     -97.91400    2208.26097      -0.01005       0.45687      -0.00041 p3_bpx_aei_ip_08_10_r6_cone
 422     -84.32758      96.79880    2208.71587      -0.01005       0.45690      -0.00041 p3_bpx_aei_ho_08_10_r6_cone
 423      -9.25920     -97.90237    2219.02098      -0.01006       0.45763      -0.00041 p3_bpx_aei_ip_08_10_r6_flat
 424      -9.21148      96.67092    2219.46616      -0.01006       0.45766      -0.00041 p3_bpx_aei_ho_08_10_r6_flat
 425      85.45045     -97.99140    2235.97062      -0.01008       0.45864      -0.00041 p3_bpx_aei_ip_08_06_r6_cone
 426      85.51869      96.54959    2236.37342      -0.01008       0.45867      -0.00041 p3_bpx_aei_ho_08_06_r6_cone
 427       9.77292     -97.93570    2242.31886      -0.01009       0.45897      -0.00041 p3_bpx_aei_ip_08_06_r6_grove
 428       9.83356      96.60480    2242.72845      -0.01009       0.45899      -0.00041 p3_bpx_aei_ho_08_06_r6_grove
 429     -26.43126     -97.95047    2257.30073      -0.01010       0.45963      -0.00041 p3_bpx_aei_ip_08_10_r6_grove
 430     -26.33263      96.61693    2257.70274      -0.01010       0.45965      -0.00041 p3_bpx_aei_ho_08_10_r6_grove
 431      24.68060     -97.98859    2281.52550      -0.01011       0.46040      -0.00041 p3_bpx_aei_ip_08_06_r6_flat
 432      24.71600      96.50951    2281.99839      -0.01011       0.46041      -0.00041 p3_bpx_aei_ho_08_06_r6_flat
 433    -113.64260    -149.76863    2299.31238      -0.01012       0.46078      -0.00041 p3_bbi_aei_08_07_cone
 434    -109.87946     -73.96633    2299.36888      -0.01012       0.46078      -0.00041 p3_bbi_aei_08_07_flat
 435     -70.13590     -87.55833    2301.02226      -0.01012       0.46081      -0.00041 p3_bbi_aei_08_07_grove
 436     -41.76574     -89.12833    2302.20603      -0.01012       0.46083      -0.00041 p3_bbi_aei_08_09_grove
 437      -2.10661     -75.71453    2303.86885      -0.01012       0.46085      -0.00041 p3_bbi_aei_08_09_flat
 438       1.36425    -151.62493    2304.03089      -0.01012       0.46085      -0.00041 p3_bbi_aei_08_09_cone
 439     484.55479    -108.39678    2318.89649      -0.01012       0.46104      -0.00041 p3_bpl_aei_08_r2_grove
 440    -506.10116     -95.80687    2336.95316      -0.01012       0.46118      -0.00041 p3_bbe_aei_08_07_flat
 441    -484.44067     -23.02017    2337.35298      -0.01012       0.46118      -0.00041 p3_bbe_aei_08_07_cone
 442    -464.18383     -96.20227    2338.64559      -0.01012       0.46118      -0.00041 p3_bbe_aei_08_07_grove
 443     449.36580    -116.09721    2340.33282      -0.01012       0.46119      -0.00041 p3_bpl_aei_08_r2_flat
 444     468.77295     -44.56717    2356.86573      -0.01012       0.46124      -0.00041 p3_bpl_aei_08_r2_cone
 445     325.99611     -97.84489    2372.74926      -0.01013       0.46125      -0.00041 p3_bbe_aei_08_09_flat
 446     346.59728     -24.76648    2373.19420      -0.01013       0.46125      -0.00041 p3_bbe_aei_08_09_cone
 447     367.89625     -97.63489    2374.64090      -0.01013       0.46125      -0.00041 p3_bbe_aei_08_09_grove
 448      -0.26636       0.04518     580.80000       0.00000       0.00000       0.00000 p4_aei_08_par_1
 449      -0.27859       0.05453    1710.90000      26.08587       0.00000       0.00000 p4_aei_08_par_2
 450      -0.56432       0.01022    2382.00000    3453.50590       1.89798      -0.00020 p4_aei_08_par_3
 451      -0.17728       0.00709      -0.02531      -0.00395      -0.04073      -0.01645 p4_aei_08
 452     -14.87622      -0.00407      66.06596       0.02466       0.58557    3141.57625 p4_irm_aei_08_s1_fixed
 453      15.57970       0.00507    2291.86674       0.00492      -1.33838      -0.01645 p4_irm_aei_08_s2_fixed
 454      15.12378      -0.00358      66.08353       0.02466       0.58557    3141.57625 p4_irm_aei_08_l1_fixed
 455     -14.42030       0.00458    2291.90689       0.00492      -1.33838      -0.01645 p4_irm_aei_08_l2_fixed
 456     -15.10646       0.00423     477.96824       0.00899       0.49321      -0.01645 p4_irl_aei_08_s1
 457      15.05637       0.00254    1879.96677       0.00901      -1.11242      -0.01645 p4_irl_aei_08_s2
 458      14.74037      -0.00129     950.48005      -0.01970       0.16823      -0.01645 p4_irl_aei_08_l1
 459     -15.25618      -0.00445    1407.48369       0.00994      -0.23780      -0.01645 p4_irl_aei_08_l2
 460     -15.25804      -0.00160     941.17488      -0.02001       0.17401      -0.01645 p4_irc_aei_08_s1
 461      14.74609      -0.00386    1416.77642       0.01049      -0.25037      -0.01645 p4_irc_aei_08_s2
 462      14.74166      -0.00405    1398.17668       0.00938      -0.22547      -0.01645 p4_irc_aei_08_l1
 463     -15.26117      -0.00196     959.77514      -0.01937       0.16241      -0.01645 p4_irc_aei_08_l2
 464       0.16250      -0.00546      -0.02533       0.02470       0.58582      -0.01645 p4_irt_aei_08_r1
 465      -0.06481       0.00346     396.97541       0.01570       0.53276      -0.01645 p4_irt_aei_08_r2
 466      -0.22576       0.00175     793.97681      -0.02078       0.26493      -0.01645 p4_irt_aei_08_r3
 467      -0.28051      -0.00475    1190.97881      -0.00543      -0.00415      -0.01645 p4_irt_aei_08_r4
 468      -0.18849      -0.00167    1587.98132       0.01667      -0.52994      -0.01645 p4_irt_aei_08_r5
 469       0.17967       0.00312    1984.98427       0.00693      -1.22728      -0.01645 p4_irt_aei_08_r6
 470       0.70038       0.00526    2381.98760       0.00490      -1.33969      -0.01645 p4_irt_aei_08_r7
 471     -34.19815     -97.67955      18.83408       0.02470       0.58581      -0.01645 p4_bpx_aei_ip_08_10_r1_cone
 472     -34.09925      96.86146      19.15924       0.02470       0.58581      -0.01645 p4_bpx_aei_ho_08_10_r1_cone
 473      41.00208     -97.67266      29.41105       0.02470       0.58580      -0.01645 p4_bpx_aei_ip_08_10_r1_flat
 474      41.09959      96.75305      29.72411       0.02470       0.58580      -0.01645 p4_bpx_aei_ho_08_10_r1_flat
 475      23.92573     -97.71129      67.72300       0.02465       0.58556      -0.01645 p4_bpx_aei_ip_08_10_r1_grove
 476      24.02705      96.71082      68.03326       0.02465       0.58555      -0.01645 p4_bpx_aei_ho_08_10_r1_grove
 477      34.98007     -97.76189     109.19020       0.02451       0.58472      -0.01645 p4_bpx_aei_ip_08_06_r1_cone
 478      35.08619      96.64762     109.50049       0.02451       0.58471      -0.01645 p4_bpx_aei_ho_08_06_r1_cone
 479     -40.67938     -97.78427     115.73018       0.02448       0.58450      -0.01645 p4_bpx_aei_ip_08_06_r1_grove
 480     -40.56327      96.71404     116.04898       0.02447       0.58449      -0.01645 p4_bpx_aei_ho_08_06_r1_grove
 481     -25.66094     -97.81707     154.90145       0.02416       0.58267      -0.01645 p4_bpx_aei_ip_08_06_r1_flat
 482     -25.54542      96.62004     155.21502       0.02416       0.58265      -0.01645 p4_bpx_aei_ho_08_06_r1_flat
 483      37.14478    -173.09849     194.72324       0.02364       0.57956      -0.01645 p4_baz_aei_08_09_r1_flat
 483      37.14478    -173.09849     194.72324       0.02364       0.57956      -0.01645 p4_baz_aei_08_07_r1_flat
 484     -32.86526    -173.10815     224.15204       0.02308       0.57626      -0.01645 p4_baz_aei_08_09_r1_cone
 484     -32.86526    -173.10815     224.15204       0.02308       0.57626      -0.01645 p4_baz_aei_08_07_r1_cone
 485      42.08234    -173.14434     236.37644       0.02280       0.57462      -0.01645  p4_baz_aei_08_09_r1_grove
 485      42.08234    -173.14434     236.37644       0.02280       0.57462      -0.01645  p4_baz_aei_08_07_r1_grove
 486      52.23518     -52.26865     282.57255       0.02145       0.56669      -0.01645 p4_srg_aei_08_r1_315deg
 487     -55.38759       0.00038     282.52124       0.02145       0.56669      -0.01645 p4_srg_aei_08_r1_rear
 488       0.05622     -73.94100     282.56214       0.02145       0.56669      -0.01645 p4_srg_aei_08_r1_270deg
 489     -52.22654     -52.32636     282.53715       0.02145       0.56668      -0.01645 p4_srg_aei_08_r1_225deg
 490      55.45480       0.00221     282.60655       0.02145       0.56668      -0.01645 p4_srg_aei_08_r1_front
 491       0.02776      72.90390     282.64688       0.02145       0.56667      -0.01645 p4_srg_aei_08_r1_90deg
 492      52.26251      51.31586     282.68354       0.02145       0.56667      -0.01645 p4_srg_aei_08_r1_45deg
 493     -52.17412      51.37024     282.66096       0.02145       0.56666      -0.01645 p4_srg_aei_08_r1_135deg
 494     -27.97882     -97.66228     335.94296       0.01924       0.55366      -0.01645 p4_bpx_aei_ip_08_10_r2_cone
 495     -27.87142      96.87223     336.30298       0.01923       0.55356      -0.01645 p4_bpx_aei_ho_08_10_r2_cone
 496      47.30502     -97.66775     345.88478       0.01875       0.55073      -0.01645 p4_bpx_aei_ip_08_10_r2_flat
 497      47.41583      96.74746     346.22649       0.01873       0.55063      -0.01645 p4_bpx_aei_ho_08_10_r2_flat
 498      30.54017     -97.70974     384.34224       0.01653       0.53768      -0.01645 p4_bpx_aei_ip_08_10_r2_grove
 499      30.65869      96.69316     384.68489       0.01651       0.53755      -0.01645 p4_bpx_aei_ho_08_10_r2_grove
 500      46.41994     -97.77670     430.01820       0.01326       0.51839      -0.01645 p4_bpx_aei_ip_08_06_r2_cone
 501      46.54537      96.59911     430.36059       0.01323       0.51823      -0.01645 p4_bpx_aei_ho_08_06_r2_cone
 502     -29.16929     -97.77385     437.19158       0.01268       0.51494      -0.01645 p4_bpx_aei_ip_08_06_r2_grove
 503     -29.04017      96.67176     437.54949       0.01265       0.51477      -0.01645 p4_bpx_aei_ho_08_06_r2_grove
 504     -13.83010     -97.80757     476.24085       0.00916       0.49421      -0.01645 p4_bpx_aei_ip_08_06_r2_flat
 505     -13.68057      96.56794     476.58975       0.00913       0.49401      -0.01645 p4_bpx_aei_ho_08_06_r2_flat
 506      -0.73068     -45.53637     560.68902      -0.00066       0.43634      -0.01645 p4_slm_aei_08_surf_r2
 507      -0.46736      72.97978     747.54783      -0.01913       0.29498      -0.01645 p4_srg_aei_08_r2_90deg
 508      55.39434      -0.04700     747.56522      -0.01913       0.29497      -0.01645 p4_srg_aei_08_r2_front
 509      52.14800     -52.29575     747.56336      -0.01913       0.29497      -0.01645 p4_srg_aei_08_r2_315deg
 510     -52.63181      51.14842     747.53753      -0.01913       0.29497      -0.01645 p4_srg_aei_08_r2_135deg
 511     -52.25220     -52.42737     747.53716      -0.01913       0.29497      -0.01645 p4_srg_aei_08_r2_225deg
 512      51.81888      51.73284     747.57085      -0.01913       0.29497      -0.01645 p4_srg_aei_08_r2_45deg
 513      -0.01135     -73.94741     747.55426      -0.01913       0.29497      -0.01645 p4_srg_aei_08_r2_270deg
 514     -55.63677      -0.21103     747.54736      -0.01913       0.29497      -0.01645 p4_srg_aei_08_r2_rear
 515     193.71881     -32.86201     928.81390      -0.02037       0.18168      -0.01645 p4_bpl_aei_08_r1_grove
 516     196.04487      40.15081     949.55896      -0.01973       0.16882      -0.01645 p4_bpl_aei_08_r1_cone
 517     198.14917     -32.81046     970.49960      -0.01896       0.15569      -0.01645 p4_bpl_aei_08_r1_flat
 518     -47.10350     -97.63691    1034.40505      -0.01591       0.11414      -0.01645 p4_bpx_aei_ip_08_10_r3_cone
 519     -47.02615      97.01658    1034.78817      -0.01589       0.11389      -0.01645 p4_bpx_aei_ho_08_10_r3_cone
 520      28.12735     -97.62553    1044.73805      -0.01533       0.10717      -0.01645 p4_bpx_aei_ip_08_10_r3_flat
 521      28.20842      96.89766    1045.09594      -0.01531       0.10693      -0.01645 p4_bpx_aei_ho_08_10_r3_flat
 522      11.16195     -97.67596    1083.10486      -0.01301       0.08040      -0.01645 p4_bpx_aei_ip_08_10_r3_grove
 523      11.25892      96.85334    1083.46879      -0.01298       0.08014      -0.01645 p4_bpx_aei_ho_08_10_r3_grove
 524      29.05590     -97.73538    1117.80176      -0.01071       0.05487      -0.01645 p4_bpx_aei_ip_08_06_r3_cone
 525      29.16518      96.78542    1118.15644      -0.01068       0.05460      -0.01645 p4_bpx_aei_ho_08_06_r3_cone
 526     -46.57805     -97.74699    1124.57193      -0.01024       0.04971      -0.01645 p4_bpx_aei_ip_08_06_r3_grove
 527     -46.46477      96.88761    1124.95634      -0.01021       0.04942      -0.01645 p4_bpx_aei_ho_08_06_r3_grove
 528     -31.44320     -97.78909    1163.69714      -0.00745       0.01876      -0.01645 p4_bpx_aei_ip_08_06_r3_flat
 529     -31.32060      96.79021    1164.07510      -0.00742       0.01845      -0.01645 p4_bpx_aei_ho_08_06_r3_flat
 530      55.56971      -0.15086    1179.12397      -0.00631       0.00595      -0.01645 p4_mid_aei_08_front
 531     -44.20350     -97.66797    1367.70410       0.00745      -0.18668      -0.01645 p4_bpx_aei_ip_08_10_r4_cone
 532     -44.24946      96.96773    1367.95087       0.00746      -0.18699      -0.01645 p4_bpx_aei_ho_08_10_r4_cone
 533      31.03698     -97.64236    1377.95588       0.00811      -0.19947      -0.01645 p4_bpx_aei_ip_08_10_r4_flat
 534      31.00131      96.85805    1378.13870       0.00813      -0.19970      -0.01645 p4_bpx_aei_ho_08_10_r4_flat
 535      14.12119     -97.71638    1416.34561       0.01046      -0.24978      -0.01645 p4_bpx_aei_ip_08_10_r4_grove
 536      14.11654      96.79903    1416.54087       0.01047      -0.25005      -0.01645 p4_bpx_aei_ho_08_10_r4_grove
 537      45.52584     -97.78743    1445.41404       0.01206      -0.29064      -0.01645 p4_bpx_aei_ip_08_06_r4_cone
 538      45.54399      96.73897    1445.58088       0.01207      -0.29089      -0.01645 p4_bpx_aei_ho_08_06_r4_cone
 539     -30.09734     -97.80689    1452.27130       0.01241      -0.30061      -0.01645 p4_bpx_aei_ip_08_06_r4_grove
 540     -30.07017      96.77401    1452.49798       0.01242      -0.30095      -0.01645 p4_bpx_aei_ho_08_06_r4_grove
 541     -14.91893     -97.86602    1491.38085       0.01418      -0.36041      -0.01645 p4_bpx_aei_ip_08_06_r4_flat
 542     -14.86405      96.67308    1491.59707       0.01419      -0.36076      -0.01645 p4_bpx_aei_ho_08_06_r4_flat
 543      32.85229    -210.61242    1532.38986       0.01560      -0.42845      -0.01645 p4_baz_aei_08_07_r2_flat
 543      32.85229    -210.61242    1532.38986       0.01560      -0.42845      -0.01645 p4_baz_aei_08_06_r2_flat
 544     -43.08310    -210.63237    1532.90484       0.01562      -0.42928      -0.01645 p4_baz_aei_08_07_r2_cone
 544     -43.08310    -210.63237    1532.90484       0.01562      -0.42928      -0.01645 p4_baz_aei_08_06_r2_cone
 545      21.54064    -210.59386    1572.77270       0.01649      -0.50107      -0.01645  p4_baz_aei_08_07_r2_grove
 545      21.54064    -210.59386    1572.77270       0.01649      -0.50107      -0.01645  p4_baz_aei_08_06_r2_grove
 546     -37.21867     -22.45389    1690.52315       0.01551      -0.74813      -0.01645 p4_gim_aei_08_surf_r2
 547     -51.98201      51.55220    1825.46734       0.01050      -1.02996      -0.01645 p4_srg_aei_08_r3_135deg
 548       0.27797      72.88916    1825.44619       0.01050      -1.03002      -0.01645 p4_srg_aei_08_r3_90deg
 549     -55.36658      -0.08925    1825.54697       0.01050      -1.03009      -0.01645 p4_srg_aei_08_r3_rear
 550      52.37668      51.20352    1825.44755       0.01050      -1.03011      -0.01645 p4_srg_aei_08_r3_45deg
 551     -52.12083     -52.31790    1825.63369       0.01049      -1.03024      -0.01645 p4_srg_aei_08_r3_225deg
 552       0.09556     -73.92244    1825.62052       0.01049      -1.03030      -0.01645 p4_srg_aei_08_r3_270deg
 553      55.45456       0.00267    1825.58030       0.01049      -1.03033      -0.01645 p4_srg_aei_08_r3_front
 554      52.23453     -52.31698    1825.58697       0.01049      -1.03034      -0.01645 p4_srg_aei_08_r3_315deg
 555      29.87071     -97.62579    1894.24680       0.00867      -1.13129      -0.01645 p4_bpx_aei_ip_08_06_r5_cone
 556      29.96592      96.80851    1894.42490       0.00866      -1.13152      -0.01645 p4_bpx_aei_ho_08_06_r5_cone
 557     -45.99359     -97.67531    1897.67684       0.00859      -1.13555      -0.01645 p4_bpx_aei_ip_08_06_r5_grove
 558     -45.89174      96.92339    1897.90067       0.00858      -1.13584      -0.01645 p4_bpx_aei_ho_08_06_r5_grove
 559     -32.59268     -97.69457    1937.43702       0.00775      -1.18182      -0.01645 p4_bpx_aei_ip_08_06_r5_flat
 560     -32.47783      96.84993    1937.64649       0.00775      -1.18205      -0.01645 p4_bpx_aei_ho_08_06_r5_flat
 561     -43.80835     -97.73375    1978.31783       0.00703      -1.22148      -0.01645 p4_bpx_aei_ip_08_10_r5_cone
 562     -43.67419      96.83935    1978.52761       0.00703      -1.22166      -0.01645 p4_bpx_aei_ho_08_10_r5_cone
 563      30.89899     -97.72133    1991.94783       0.00682      -1.23313      -0.01645 p4_bpx_aei_ip_08_10_r5_flat
 564      31.03451      96.70498    1992.12473       0.00682      -1.23327      -0.01645 p4_bpx_aei_ho_08_10_r5_flat
 565      12.27365     -97.75319    2029.52987       0.00632      -1.26105      -0.01645 p4_bpx_aei_ip_08_10_r5_grove
 566      12.42719      96.67381    2029.71784       0.00632      -1.26117      -0.01645 p4_bpx_aei_ho_08_10_r5_grove
 567      44.40752    -210.47170    2055.65843       0.00602      -1.27730      -0.01645 p4_baz_aei_08_09_r2_cone
 567      44.40752    -210.47170    2055.65843       0.00602      -1.27730      -0.01645 p4_baz_aei_08_10_r2_cone
 568     -29.46567    -210.44681    2073.23050       0.00585      -1.28680      -0.01645  p4_baz_aei_08_09_r2_grove
 568     -29.46567    -210.44681    2073.23050       0.00585      -1.28680      -0.01645  p4_baz_aei_08_10_r2_grove
 569      -8.87110    -210.44887    2109.76675       0.00555      -1.30345      -0.01645 p4_baz_aei_08_09_r2_flat
 569      -8.87110    -210.44887    2109.76675       0.00555      -1.30345      -0.01645 p4_baz_aei_08_10_r2_flat
 570     -84.42350     -97.91359    2208.25132       0.00507      -1.33025      -0.01645 p4_bpx_aei_ip_08_10_r6_cone
 571     -84.32786      96.79661    2208.73832       0.00507      -1.33033      -0.01645 p4_bpx_aei_ho_08_10_r6_cone
 572      -9.25405     -97.89920    2219.00805       0.00504      -1.33191      -0.01645 p4_bpx_aei_ip_08_10_r6_flat
 573      -9.21113      96.67600    2219.47742       0.00504      -1.33198      -0.01645 p4_bpx_aei_ho_08_10_r6_flat
 574      85.45181     -97.98906    2235.95910       0.00500      -1.33411      -0.01645 p4_bpx_aei_ip_08_06_r6_cone
 575      85.52358      96.55825    2236.38683       0.00500      -1.33416      -0.01645 p4_bpx_aei_ho_08_06_r6_cone
 576       9.77755     -97.93777    2242.30731       0.00498      -1.33480      -0.01645 p4_bpx_aei_ip_08_06_r6_grove
 577       9.83662      96.60613    2242.73947       0.00498      -1.33484      -0.01645 p4_bpx_aei_ho_08_06_r6_grove
 578     -26.42860     -97.95439    2257.29123       0.00496      -1.33621      -0.01645 p4_bpx_aei_ip_08_10_r6_grove
 579     -26.33123      96.61851    2257.71944       0.00496      -1.33624      -0.01645 p4_bpx_aei_ho_08_10_r6_grove
 580      24.68197     -97.98263    2281.51274       0.00493      -1.33787      -0.01645 p4_bpx_aei_ip_08_06_r6_flat
 581      24.71934      96.51607    2282.01164       0.00493      -1.33790      -0.01645 p4_bpx_aei_ho_08_06_r6_flat
 582    -113.64538    -149.76422    2299.32404       0.00491      -1.33867      -0.01645 p4_bbi_aei_08_07_cone
 583    -109.88035     -73.96196    2299.37342       0.00491      -1.33868      -0.01645 p4_bbi_aei_08_07_flat
 584     -70.14084     -87.55430    2301.03011       0.00491      -1.33874      -0.01645 p4_bbi_aei_08_07_grove
 585     -41.76738     -89.12622    2302.21385       0.00491      -1.33878      -0.01645 p4_bbi_aei_08_09_grove
 586      -2.10367     -75.72216    2303.83160       0.00491      -1.33884      -0.01645 p4_bbi_aei_08_09_flat
 587       1.36125    -151.62431    2304.03194       0.00491      -1.33884      -0.01645 p4_bbi_aei_08_09_cone
 588     484.54518    -108.40598    2318.89188       0.00490      -1.33926      -0.01645 p4_bpl_aei_08_r2_grove
 589    -506.10006     -95.79440    2336.95455       0.00490      -1.33952      -0.01645 p4_bbe_aei_08_07_flat
 590    -484.44308     -23.00484    2337.35439       0.00490      -1.33953      -0.01645 p4_bbe_aei_08_07_cone
 591    -464.18541     -96.19330    2338.64764       0.00490      -1.33954      -0.01645 p4_bbe_aei_08_07_grove
 592     449.35897    -116.10385    2340.33342       0.00490      -1.33957      -0.01645 p4_bpl_aei_08_r2_flat
 593     468.77057     -44.57295    2356.86360       0.00490      -1.33967      -0.01645 p4_bpl_aei_08_r2_cone
 594     325.99148     -97.84673    2372.74859       0.00490      -1.33969      -0.01645 p4_bbe_aei_08_09_flat
 595     346.59521     -24.76628    2373.19484       0.00490      -1.33969      -0.01645 p4_bbe_aei_08_09_cone
 596     367.89328     -97.63493    2374.63827       0.00490      -1.33969      -0.01645 p4_bbe_aei_08_09_grove
 597     -15.00000       0.00000      66.10000       0.00000      -0.00000       1.59270 p1_irm_aei_08_s1
 598      15.00000       0.00000      66.10000       0.00000      -0.00000       1.59270 p1_irm_aei_08_l1
 599      15.00000       0.00000    2291.90000       0.00000      -0.00000   -3140.00000 p1_irm_aei_08_s2
 600     -15.00000       0.00000    2291.90000       0.00000      -0.00000   -3140.00000 p1_irm_aei_08_l2
 601     -15.08525       0.00197      66.11919       0.00394      -0.35986       1.63384 p2_irm_aei_08_s1
 602      14.91475       0.00074      66.10839       0.00394      -0.35986       1.63384 p2_irm_aei_08_l1
 603      14.97619       0.00266    2291.92294      -0.00096       0.04098   -3139.95886 p2_irm_aei_08_s2
 604     -15.02381       0.00389    2291.92171      -0.00096       0.04098   -3139.95886 p2_irm_aei_08_l2
 605     -15.01140       0.00183      66.09942       0.00048      -0.02857       1.59229 p3_irm_aei_08_s1
 606      14.98860       0.00184      66.09857       0.00048      -0.02857       1.59229 p3_irm_aei_08_l1
 607      14.79767      -0.00430    2291.91622      -0.01011       0.46064   -3140.00041 p3_irm_aei_08_s2
 608     -15.20233      -0.00431    2291.90240      -0.01011       0.46064   -3140.00041 p3_irm_aei_08_l2
 609     -14.87622      -0.00407      66.06596       0.02466       0.58557       1.57625 p4_irm_aei_08_s1
 610      15.12378      -0.00358      66.08353       0.02466       0.58557       1.57625 p4_irm_aei_08_l1
 611      15.57970       0.00507    2291.86674       0.00492      -1.33838   -3140.01645 p4_irm_aei_08_s2
 612     -14.42030       0.00458    2291.90689       0.00492      -1.33838   -3140.01645 p4_irm_aei_08_l2
